cocos2d/cocos2d-x	18526	13785	1
cocos2d/cocos2d-x	15282	14869	1
cocos2d/cocos2d-x	17527	17483	0.99999
cocos2d/cocos2d-x	14883	13687	0.99999
cocos2d/cocos2d-x	14860	11414	0.99999
cocos2d/cocos2d-x	14794	7565	0.99999
cocos2d/cocos2d-x	14446	11864	0.99999
cocos2d/cocos2d-x	13687	14883	0.99999
cocos2d/cocos2d-x	18639	15596	0.99719
cocos2d/cocos2d-x	18895	9089	0.99673
cocos2d/cocos2d-x	17436	18598	0.99628
cocos2d/cocos2d-x	15819	14108	0.99623
cocos2d/cocos2d-x	15120	7028	0.99553
cocos2d/cocos2d-x	14734	18400	0.99475
