CleverRaven/Cataclysm-DDA 13493 11313 [0.19393387467665327, 0.08099427566472982, 0.0, 0.0, 1.0, 1, 0.0, 0.0, 0] 0
CleverRaven/Cataclysm-DDA 10005 8445 [0.16439017559169433, 0.03108251301654116, 0.0, 0.0, 0.3333333333333333, 1, 0.0, 0.0, -1] 0
CleverRaven/Cataclysm-DDA 23179 17029 [0.49631517957256577, 0.1295195999257095, 0.0, 0.0, 1.0, 2, 0.7535641547861507, 0.7535641547861507, 0] 0
CleverRaven/Cataclysm-DDA 17134 6793 [0.5027097825738434, 0.048552668057602964, 0.20555665237799572, 0.15495996196181605, 0.16666666666666666, 2, 0.0, 0.0, 0] 0
CleverRaven/Cataclysm-DDA 23991 19357 [0.06055174681989193, 0.0, 0.0, 0.0, 1.0, 1, 0.0, 0.0, 0] 0
laravel/framework 1592 959 [0.5919812760983407, 0.10302808581117635, 0.37969866195988244, 0.37969866195988244, 1.0, 1, 0.0, 0.0, 0] 0
laravel/framework 2600 1663 [0.7610862877857414, 0.0, 0.16346287366668205, 0.1643919068394366, 0.8888888888888888, 8, 0.5352564102564102, 0.5604026845637584, 0] 0
laravel/framework 2883 2380 [0.1476645317978032, 0.04245368533877696, 0.4892998708436464, 0.4892998708436464, 1.0, 2, 0.6, 0.6, 0] 0
laravel/framework 3007 2926 [0.7238061208251676, 0.0, 0.6183438490784438, 0.6183438490784438, 1.0, 1, 0.3111111111111111, 0.3111111111111111, 0] 0
laravel/framework 4447 2986 [0.30368841376285766, 0.0, 0.0, 0.0, 1.0, 1, 1.0, 1.0, -1] 0
laravel/framework 4758 1146 [0.36955491802100043, 0.0, 0.7522920662553523, 0.7522920662553523, 1.0, 2, 0.2357142857142857, 0.2357142857142857, 0] 0
laravel/framework 4907 2176 [0.41112019022512236, 0.0, 0.1515998858012712, 0.1515998858012712, 1.0, 2, 0.984180790960452, 0.984180790960452, -1] 0
laravel/framework 5077 4462 [0.3617620532085336, 0.0, 0.7170359145065798, 0.7170359145065798, 1.0, 2, 0.0, 0.0, 0] 0
laravel/framework 5815 4456 [0.3539133865298278, 0.0, 0.0, 0.0, 1.0, 1, 1.0, 1.0, 0] 0
laravel/framework 8632 1886 [0.15824970451785714, 0.18226095510553456, 0.0, 0.0, 1.0, 1, 1.0, 1.0, 0] 0
laravel/framework 9203 5077 [0.20282681103899472, 0.0, 0.3162771827343612, 0.3162771827343612, 1.0, 2, 0.7444444444444445, 0.7444444444444445, -1] 0
laravel/framework 9323 8211 [0.36572843122444204, 0.00799492224550263, 0.1482991161958236, 0.8442515288502114, 0.5, 1, 0.38461538461538464, 0.7142857142857143, 0] 0
laravel/framework 10256 1532 [0.45645735716354296, 0.13541696512434712, 0.14022966974350184, 1.0, 0.006535947712418301, 1, 0.0, 0.0, 0] 0
laravel/framework 15003 13223 [0.5228379841177034, 0.0, 0.0, 0.0, 1.0, 1, 0.6666666666666666, 0.6666666666666666, -1] 0
laravel/framework 16581 15660 [1.0, 0.0, 0.0, 0.0, 1.0, 1, 0.0, 0.0, 1] 0
laravel/framework 16879 4628 [0.8335991478026344, 0.10834755919091464, 0.8085768696399713, 0.8085768696399713, 1.0, 1, 0.0, 0.0, -1] 0
laravel/framework 17908 12810 [0.5803236154271271, 0.0, 0.7796190354689504, 0.7796190354689504, 1.0, 1, 0.0, 0.0, -1] 0
laravel/framework 18540 7883 [0.769924230780741, 0.46406580587035967, 0.6665716866714063, 0.5885246987784519, 0.2, 1, 0.14150943396226415, 0.5769230769230769, 0] 0
laravel/framework 19022 8801 [0.5366404552877051, 0.2667078152133424, 0.3966754302257575, 0.3966754302257575, 1.0, 1, 0.0, 0.0, -1] 0
laravel/framework 20043 19240 [0.7619021381850787, 0.03539774424844651, 0.5849489331917435, 0.7654544647283068, 0.14285714285714285, 1, 0.09722222222222222, 1.0, -1] 0
laravel/framework 21471 14090 [0.27306731862005146, 0.27474975491888215, 0.6651254395259175, 0.7008988265496215, 0.6666666666666666, 2, 0.38620689655172413, 0.49122807017543857, -1] 0
laravel/framework 21902 18997 [0.5758316444215074, 0.15054069594115663, 0.5001979188427013, 0.5241752042061021, 0.5, 2, 0.852589641434263, 0.8898128898128899, -1] 0
laravel/framework 22292 21482 [0.2875986628230575, 0.0, 0.0, 0.0, 1.0, 1, 1.0, 1.0, 1] 0
laravel/framework 24173 19489 [0.2030094057095573, 0.04251927448501921, 0.04546251862945978, 1.0, 0.25, 1, 0.2, 1.0, 0] 0
laravel/framework 24400 24399 [1.0000000000000002, 0.3166421586266318, 0.1010918126820056, 0.7871967381527352, 0.3333333333333333, 1, 0.2159090909090909, 1.0, -1] 0
laravel/framework 24536 22339 [0.448370062811415, 0.1770428667879446, 0.0771360716869477, 0.0771360716869477, 1.0, 1, 0.0, 0.0, 1] 0
laravel/framework 20410 19057 [0.663790325920708, 0.11490943966667247, 0.32249169810403755, 0.32249169810403755, 1.0, 2, 0.5982142857142857, 0.5982142857142857, -1] 0
laravel/framework 17048 7603 [0.42300828576656563, 0.0, 0.0, 0.0, 0.7073170731707317, 29, 0.8979963570127505, 0.9929506545820745, 0] 0
laravel/framework 24149 3791 [0.19162181130005446, 0.08875438723923999, 0.534281916812971, 0.534281916812971, 1.0, 2, 0.0, 0.0, 0] 0
facebook/react 8464 2511 [0.4855467988481742, 0.07711593521818162, 0.0, 0.0, 1.0, 1, 0.3275862068965517, 0.3275862068965517, 0] 0
facebook/react 3969 3807 [0.9241420496481743, 0.32777990337995394, 0.03637813681046157, 0.24077069569163645, 0.019230769230769232, 2, 0.08041060735671514, 1.0, 0] 0
facebook/react 11868 4426 [1.0, 0.0, 0.0, 0.0, 1.0, 1, 0.0, 0.0, 0] 0
facebook/react 12488 10255 [0.5253165492929319, 0.2291868870127965, 0.5504018419176752, 0.5504018419176752, 1.0, 1, 1.0, 1.0, -1] 0
facebook/react 12621 10255 [0.5331688530402436, 0.18207618665692704, 0.45003287349088544, 0.45003287349088544, 1.0, 1, 1.0, 1.0, -1] 0
facebook/react 10255 6673 [0.5062707888258596, 0.023965717862838392, 0.4553980446988109, 0.4553980446988109, 1.0, 1, 1.0, 1.0, -1] 0
facebook/react 10115 6928 [0.1792788298083203, 0.03296406585276811, 0.020491868681050913, 0.12881313617468027, 0.5, 1, 0.4375, 1.0, 0] 0
facebook/react 1664 1026 [0.559367631028642, 0.0, 0.4244448030501313, 0.3743385715661579, 0.5, 1, 0.4574468085106383, 0.9247311827956989, 0] 0
Apple/swift 251 206 [0.2970771137726126, 0.0, 0.7384952672286776, 0.7384952672286776, 1.0, 1, 1.0, 1.0, 0] 0
Apple/swift 395 113 [0.25853634423175015, 0.0, 0.28392378389928397, 0.28392378389928397, 1.0, 1, 1.0, 1.0, 0] 0
Apple/swift 1162 539 [0.3695628907329574, 0.09696429598850799, 0.28286609028914383, 0.28286609028914383, 1.0, 1, 1.0, 1.0, 0] 0
Apple/swift 4216 3058 [0.20482627401574166, 0.910159015664744, 0.0, 0.0, 1.0, 1, 1.0, 1.0, 0] 0
Apple/swift 7737 3825 [0.5748013959834152, 0.0, 0.0, 0.0, 1.0, 1, 0.7068965517241379, 0.7068965517241379, 0] 0
Apple/swift 431 402 [0.9742192372570505, 0.10651116562511809, 0.0, 0.0, 1.0, 1, 1.0, 1.0, -1] 0
Apple/swift 1985 1949 [0.9393380277463521, 0.0, 0.0, 0.0, 1.0, 3, 0.7647058823529411, 0.7647058823529411, 0] 0
Apple/swift 5903 2862 [0.589726046099929, 0.19679768806831335, 0.6564148085164002, 0.7581237286295117, 0.125, 1, 0.30708661417322836, 0.7959183673469388, 0] 0
Apple/swift 3026 2793 [0.4574450952829652, 0.8264061892098707, 0.09192296786855915, 0.0, 0.0, 0, 0.0, 0.0, 1] 0
Apple/swift 12206 6911 [0.4096571840751084, 0.8216338920609745, 0.0, 0.0, 1.0, 1, 0.5, 0.5, 0] 0
Apple/swift 29 20 [0.0, 0.07743367957200753, 0.0, 0.0, 1.0, 1, 1.0, 1.0, 0] 0
Apple/swift 51 20 [0.35839787227421455, 0.1526493283950051, 0.0, 0.0, 1.0, 1, 1.0, 1.0, 0] 0
Apple/swift 206 111 [0.25137431654998266, 0.0, 0.15569626184735785, 0.15569626184735785, 1.0, 1, 0.0, 0.0, 0] 0
Apple/swift 7165 3825 [0.7438147434901334, 0.06486567337762959, 0.0, 0.0, 1.0, 1, 0.875, 0.875, 0] 0
Apple/swift 9649 6876 [0.6211377570495548, 0.0, 0.1081485588687838, 0.1081485588687838, 1.0, 1, 0.0, 0.0, 0] 0
elastic/elasticsearch 10782 9563 [0.6156135881515004, 0.25554419534243533, 0.0, 0.0, 0.631578947368421, 12, 0.5945273631840796, 0.6947674418604651, -1] 0
elastic/elasticsearch 19320 10305 [0.49065486337706427, 0.0, 0.0, 0.0, 0.0, 0, 0.0, 0.0, 0] 0
elastic/elasticsearch 23184 6253 [0.5356478677355075, 0.30936856601416124, 0.0, 0.0, 0.0, 0, 0.0, 0.0, 1] 0
elastic/elasticsearch 2324 1775 [0.5994018574076799, 0.0, 0.0, 0.0, 0.0, 0, 0.0, 0.0, 0] 0
elastic/elasticsearch 8750 6864 [0.10493371069517268, 0.16624509298862003, 0.033889302521461315, 0.023594421554414782, 0.1, 1, 0.29375, 0.9215686274509803, 0] 0
elastic/elasticsearch 15733 9027 [0.498031234288134, 0.3624719599424646, 0.021907031548577427, 0.06518193979890084, 0.2, 1, 0.09049773755656108, 1.0, 0] 0
elastic/elasticsearch 25641 23362 [1.0000000000000002, 0.196858517086452, 0.000791499595838922, 0.0, 0.025423728813559324, 3, 0.08823529411764706, 1.0, -1] 0
elastic/elasticsearch 27619