CleverRaven/Cataclysm-DDA 13493 11313 [0.6326207821245597, 0.2570135291801277, 0.0, 0.0, 1.0, 1, 0.0, 0.0, 0] 0
CleverRaven/Cataclysm-DDA 10005 8445 [0.9821838950883212, 0.09040707277938408, 0.0, 0.0, 0.3333333333333333, 1, 0.0, 0.0, -1] 0
CleverRaven/Cataclysm-DDA 23179 17029 [0.5794773758241261, 0.2286252936841364, 0.0, 0.0, 1.0, 2, 0.7535641547861507, 0.7535641547861507, -1] 0
CleverRaven/Cataclysm-DDA 17134 6793 [0.8409355915644029, 0.17786140276284632, 0.20555665237799572, 0.15495996196181605, 0.16666666666666666, 2, 0.0, 0.0, -1] 0
CleverRaven/Cataclysm-DDA 23991 19357 [0.7802910622590525, 0.02769000065161835, 0.0, 0.0, 1.0, 1, 0.0, 0.0, 0] 0
laravel/framework 1592 959 [0.6814453788845034, 0.1943676350410057, 0.37969866195988244, 0.37969866195988244, 1.0, 1, 0.0, 0.0, 0] 0
laravel/framework 2600 1663 [0.7566814848798752, 0.0, 0.16346287366668205, 0.1643919068394366, 0.8888888888888888, 8, 0.5352564102564102, 0.5604026845637584, 0] 0
laravel/framework 2883 2380 [0.2678270654145471, 0.15560181569285575, 0.4892998708436464, 0.4892998708436464, 1.0, 2, 0.6, 0.6, -1] 0
laravel/framework 3007 2926 [0.5006806794615194, 0.0, 0.6183438490784438, 0.6183438490784438, 1.0, 1, 0.3111111111111111, 0.3111111111111111, 0] 0
laravel/framework 4447 2986 [0.5793273803409812, -0.00636245299055423, 0.0, 0.0, 1.0, 1, 1.0, 1.0, -1] 0
laravel/framework 4758 1146 [0.4621508203246869, 0.0007222694561397574, 0.7522920662553523, 0.7522920662553523, 1.0, 2, 0.2357142857142857, 0.2357142857142857, -1] 0
laravel/framework 4907 2176 [0.5212039160008267, 0.0, 0.1515998858012712, 0.1515998858012712, 1.0, 2, 0.984180790960452, 0.984180790960452, -1] 0
laravel/framework 5077 4462 [0.6370816415638975, 0.0, 0.7170359145065798, 0.7170359145065798, 1.0, 2, 0.0, 0.0, 0] 0
laravel/framework 5815 4456 [0.6061525205457219, 0.0, 0.0, 0.0, 1.0, 1, 1.0, 1.0, 0] 0
laravel/framework 8632 1886 [0.42603224945963336, 0.29635305584197014, 0.0, 0.0, 1.0, 1, 1.0, 1.0, -1] 0
laravel/framework 9203 5077 [0.5062827511987095, 0.0, 0.3162771827343612, 0.3162771827343612, 1.0, 2, 0.7444444444444445, 0.7444444444444445, -1] 0
laravel/framework 9323 8211 [0.460217985592502, 0.028714430904920398, 0.1482991161958236, 0.8442515288502114, 0.5, 1, 0.38461538461538464, 0.7142857142857143, 0] 0
laravel/framework 10256 1532 [0.6492105534853727, 0.2802038152927264, 0.14022966974350184, 1.0, 0.006535947712418301, 1, 0.0, 0.0, 0] 0
laravel/framework 15003 13223 [0.7120525775468616, 0.0, 0.0, 0.0, 1.0, 1, 0.6666666666666666, 0.6666666666666666, -1] 0
laravel/framework 16581 15660 [0.9999999999999999, 0.0, 0.0, 0.0, 1.0, 1, 0.0, 0.0, 0] 0
laravel/framework 16879 4628 [0.7326906235881021, 0.16203861326558539, 0.8085768696399713, 0.8085768696399713, 1.0, 1, 0.0, 0.0, -1] 0
laravel/framework 17908 12810 [0.8561361001909663, 0.0, 0.7796190354689504, 0.7796190354689504, 1.0, 1, 0.0, 0.0, -1] 0
laravel/framework 18540 7883 [0.7587414050981869, 0.6120873396365576, 0.6665716866714063, 0.5885246987784519, 0.2, 1, 0.14150943396226415, 0.5769230769230769, 0] 0
laravel/framework 19022 8801 [0.6426083181240637, 0.38495700021330254, 0.3966754302257575, 0.3966754302257575, 1.0, 1, 0.0, 0.0, -1] 0
laravel/framework 20043 19240 [0.7942397178980538, 0.11531802433589325, 0.5849489331917435, 0.7654544647283068, 0.14285714285714285, 1, 0.09722222222222222, 1.0, -1] 0
laravel/framework 21471 14090 [0.4592962306732388, 0.41014529530499133, 0.6651254395259175, 0.7008988265496215, 0.6666666666666666, 2, 0.38620689655172413, 0.49122807017543857, -1] 0
laravel/framework 21902 18997 [0.7241922106376149, 0.2884530693732347, 0.5001979188427013, 0.5241752042061021, 0.5, 2, 0.852589641434263, 0.8898128898128899, -1] 0
laravel/framework 22292 21482 [0.919033147488367, 0.0, 0.0, 0.0, 1.0, 1, 1.0, 1.0, 0] 0
laravel/framework 24173 19489 [0.34656681154586877, 0.16994606892316916, 0.04546251862945978, 1.0, 0.25, 1, 0.2, 1.0, 0] 0
laravel/framework 24400 24399 [1.0000000000000002, 0.5383891210590694, 0.1010918126820056, 0.7871967381527352, 0.3333333333333333, 1, 0.2159090909090909, 1.0, -1] 0
laravel/framework 24536 22339 [0.7108352836690353, 0.5151250143971488, 0.0771360716869477, 0.0771360716869477, 1.0, 1, 0.0, 0.0, 1] 0
laravel/framework 20410 19057 [0.9418276208954447, 0.3085707841248867, 0.32249169810403755, 0.32249169810403755, 1.0, 2, 0.5982142857142857, 0.5982142857142857, -1] 0
laravel/framework 17048 7603 [0.697797326563901, 0.0, 0.0, 0.0, 0.7073170731707317, 29, 0.8979963570127505, 0.9929506545820745, 0] 0
laravel/framework 24149 3791 [0.4764080393278034, 0.1915435154452306, 0.534281916812971, 0.534281916812971, 1.0, 2, 0.0, 0.0, 0] 0
facebook/react 8464 2511 [0.6496465171403473, 0.17721610581946032, 0.0, 0.0, 1.0, 1, 0.3275862068965517, 0.3275862068965517, -1] 0
facebook/react 3969 3807 [0.9538184532859748, 0.2955078399101204, 0.03637813681046157, 0.24077069569163645, 0.019230769230769232, 2, 0.08041060735671514, 1.0, -1] 0
facebook/react 11868 4426 [0.9999999999999999, 0.0, 0.0, 0.0, 1.0, 1, 0.0, 0.0, 0] 0
facebook/react 12488 10255 [0.5516859095655771, 0.2580290413304709, 0.5504018419176752, 0.5504018419176752, 1.0, 1, 1.0, 1.0, -1] 0
facebook/react 12621 10255 [0.5635066989370976, 0.2319755785215266, 0.45003287349088544, 0.45003287349088544, 1.0, 1, 1.0, 1.0, -1] 0
facebook/react 10255 6673 [0.6762739894041493, 0.028587744522022025, 0.4553980446988109, 0.4553980446988109, 1.0, 1, 1.0, 1.0, -1] 0
facebook/react 10115 6928 [0.5654715033026066, 0.08227172981883857, 0.020491868681050913, 0.12881313617468027, 0.5, 1, 0.4375, 1.0, 0] 0
facebook/react 1664 1026 [0.5595959940638011, -0.00183314585965967, 0.4244448030501313, 0.3743385715661579, 0.5, 1, 0.4574468085106383, 0.9247311827956989, 0] 0
Apple/swift 251 206 [0.7072346752598094, 0.0, 0.7384952672286776, 0.7384952672286776, 1.0, 1, 1.0, 1.0, 0] 0
Apple/swift 395 113 [0.5733004265869056, 0.0, 0.28392378389928397, 0.28392378389928397, 1.0, 1, 1.0, 1.0, 0] 0
Apple/swift 1162 539 [0.6863827361706016, 0.2767955621550585, 0.28286609028914383, 0.28286609028914383, 1.0, 1, 1.0, 1.0, 0] 0
Apple/swift 4216 3058 [0.2830337640913834, 0.9227033264893881, 0.0, 0.0, 1.0, 1, 1.0, 1.0, -1] 0
Apple/swift 7737 3825 [0.7695627863718161, 0.0, 0.0, 0.0, 1.0, 1, 0.7068965517241379, 0.7068965517241379, -1] 0
Apple/swift 431 402 [0.914841063164225, 0.2932272202570119, 0.0, 0.0, 1.0, 1, 1.0, 1.0, -1] 0
Apple/swift 1985 1949 [0.9454615248732359, 0.0, 0.0, 0.0, 1.0, 3, 0.7647058823529411, 0.7647058823529411, 0] 0
Apple/swift 5903 2862 [0.7105798771866786, 0.33285714223546686, 0.6564148085164002, 0.7581237286295117, 0.125, 1, 0.30708661417322836, 0.7959183673469388, -1] 0
Apple/swift 3026 2793 [0.38464543914685057, 0.9318741323698204, 0.09192296786855915, 0.0, 0.0, 0, 0.0, 0.0, 1] 0
Apple/swift 12206 6911 [0.4647810449133093, 0.889724745411785, 0.0, 0.0, 1.0, 1, 0.5, 0.5, 0] 0
Apple/swift 29 20 [0.07787625718677035, 0.3028499849959086, 0.0, 0.0, 1.0, 1, 1.0, 1.0, 0] 0
Apple/swift 51 20 [0.4839033786195285, 0.3313935771132909, 0.0, 0.0, 1.0, 1, 1.0, 1.0, 0] 0
Apple/swift 206 111 [0.6349756989605979, 0.0, 0.15569626184735785, 0.15569626184735785, 1.0, 1, 0.0, 0.0, 0] 0
Apple/swift 7165 3825 [0.8481386139674119, 0.1134048067476981, 0.0, 0.0, 1.0, 1, 0.875, 0.875, -1] 0
Apple/swift 9649 6876 [0.7311004642540218, 0.0, 0.1081485588687838, 0.1081485588687838, 1.0, 1, 0.0, 0.0, 0] 0
elastic/elasticsearch 10782 9563 [0.3643494369110922, 0.34416180871538066, 0.0, 0.0, 0.631578947368421, 12, 0.5945273631840796, 0.6947674418604651, -1] 0
elastic/elasticsearch 19320 10305 [0.10599753416635298, 0.0, 0.0, 0.0, 0.0, 0, 0.0, 0.0, 0] 0
elastic/elasticsearch 23184 6253 [0.5689935858951759, 0.47181660079511334, 0.0, 0.0, 0.0, 0, 0.0, 0.0, 1] 0
elastic/elasticsearch 2324 1775 [0.9999796684387345, -0.01845533678479714, 0.0, 0.0, 0.0, 0, 0.0, 0.0, -1] 0
elastic/elasticsearch 8750 6864 [0.17563073323526235, 0.26574543658769156, 0.033889302521461315, 0.023594421554414782, 0.1, 1, 0.29375, 0.9215686274509803, 0] 0
elastic/elasticsearch 15733 9027 [0.7313248710242534, 0.45394019261001783, 0.021907031548577427, 0.06518193979890084, 0.2, 1, 0.09049773755656108, 1.0, -1] 0
elastic/elasticsearch 25641 23362 [1.0, 0.34352972355113115, 0.000791499595838922, 0.0, 0.025423728813559324, 3, 0.08823529411764706, 1.0, -1]