mrdoob/three.js 12024 12334 [1.0, 0.0, 0.005975344260333572, 1.0, 0.25, 1, 0.0, 0.0, 0] 1
mrdoob/three.js 10597 13706 [0.7978609460377183, 0.6803267447527389, 0.4120083361700383, 0.4120083361700383, 1.0, 1, 0.4880636604774536, 0.4880636604774536, 0] 1
mrdoob/three.js 6230 6301 [0.5882669681835175, 0.27684230384109854, 0.8812490784809611, 0.8812490784809611, 1.0, 1, 1.0, 1.0, 0] 1
spring-projects/spring-framework 1695 1817 [0.932193864682523, 0.0, 0.0, 0.0, 1.0, 1, 1.0, 1.0, 0] 1
spring-projects/spring-framework 1522 1521 [0.9960527785181861, 1.0, 1.0, 1.0, 1.0, 1, 1.0, 1.0, 0] 1
spring-projects/spring-framework 1492 1630 [0.5989337602379321, 0.1527758012211321, 0.062403065194730795, 0.062403065194730795, 1.0, 1, 0.84375, 0.84375, 0] 1
spring-projects/spring-framework 1653 1218 [0.7759960657235071, 0.0, 0.4662013415607591, 0.3275243174640091, 0.25, 1, 0.1638418079096045, 1.0, 1] 1
spring-projects/spring-framework 566 569 [0.025623049492490637, 0.6921636882054548, 0.6440139222269541, 0.9535143925986269, 0.6666666666666666, 2, 0.24489795918367346, 0.5142857142857142, 1] 1
spring-projects/spring-framework 1827 758 [0.4405678433796786, 0.07093553646454406, 1.0, 1.0, 1.0, 1, 0.0, 0.0, 0] 1
hashicorp/terraform 18186 18296 [0.3289673310266646, 0.2967079691890091, 0.0, 0.0, 1.0, 1, 1.0, 1.0, 1] 1
hashicorp/terraform 14096 15553 [0.49850190186648413, 0.28122122923113335, 0.8102323721805618, 0.8527287576677659, 0.25, 1, 0.8456375838926175, 1.0, -1] 1
hashicorp/terraform 16393 17001 [0.4286881908487809, 0.05933756773684315, 0.9536536487638416, 0.9536536487638416, 1.0, 1, 0.0, 0.0, 0] 1
cocos2d/cocos2d-x 14883 13687 [0.5644476273249761, 0.0, 0.7355173959808305, 1.0, 0.6666666666666666, 2, 0.8488372093023255, 1.0, 0] 1
cocos2d/cocos2d-x 14794 7565 [0.4060622020703608, 0.0, 1.0, 1.0, 1.0, 1, 0.0, 0.0, 0] 1
django/django 9609 8222 [0.9999999999999999, -0.02118386508084246, 0.09000329758767382, 0.24557259416418803, 0.125, 1, 0.2813102119460501, 0.8342857142857143, 1] 1
facebook/react 12391 11371 [0.9697759328596852, 0.7477667358710077, 0.9962244607411166, 0.9962244607411166, 1.0, 1, 0.2222222222222222, 0.2222222222222222, 0] 1
facebook/react 13169 12760 [0.7151621998357321, 0.4642672162612735, 0.0, 0.0, 1.0, 2, 0.5, 0.5, 0] 1
facebook/react 10666 9490 [0.827495724388464, 0.24317931070997825, 0.8205376985309258, 0.7019130969183176, 0.5, 4, 0.1987179487179487, 0.36186770428015563, 1] 1
facebook/react 12063 10737 [0.13281671793122807, 0.06811839321989148, 0.26411316288112213, 0.0, 0.058823529411764705, 1, 0.07518488085456039, 0.6802973977695167, 1] 1
ArduPilot/ardupilot 8008 8105 [0.9622514807779088, 0.8911734948839782, 0.0, 0.0, 1.0, 2, 0.0, 0.0, 1] 1
pydata/pandas 20460 15527 [0.9998179305835668, 0.36537429851946124, 0.7144309764517905, 0.8410604792346156, 0.6666666666666666, 4, 0.0, 0.0, 1] 1
tensorflow/tensorflow 20785 20756 [0.91858458827177, 0.4283953467190453, 0.7242748870325564, 0.7621272292290581, 0.5, 1, 0.0, 0.0, 1] 1
tensorflow/tensorflow 18797 19227 [0.5178847643048724, 0.3758355506897776, 1.0, 1.0, 0.3333333333333333, 1, 0.358974358974359, 1.0, 0] 1
tensorflow/tensorflow 18312 14463 [0.87875787793037, 0.4480735315812922, 1.0000000000000002, 1.0000000000000002, 0.7777777777777778, 14, 0.8638850889192886, 0.9604562737642586, 1] 1
tensorflow/tensorflow 18308 16401 [0.846844324048455, 0.6405441304402794, 0.97693841536549, 0.97693841536549, 1.0, 8, 0.8278145695364238, 0.8278145695364238, 0] 1
tensorflow/tensorflow 18181 19459 [0.9291339000548304, 0.21657889356114085, 0.0, 0.0, 1.0, 1, 0.3373493975903614, 0.3373493975903614, 0] 1
tensorflow/tensorflow 20791 20540 [0.45321781722162935, 0.3490433735749871, 0.0, 0.0, 1.0, 1, 1.0, 1.0, 0] 1
tensorflow/tensorflow 20546 20646 [0.03541528200137431, 0.08733194497671681, 0.7306984129697522, 1.0, 0.5, 1, 0.5185185185185185, 1.0, 0] 1
tensorflow/tensorflow 21161 10628 [0.9999999999999999, 0.8881629540287052, 0.0, 0.0, 0, 0, 0.0, 0.0, 0] 1
tensorflow/tensorflow 18773 6074 [0.07426837014512748, 0.47620469452827235, 1.0, 1.0, 0.1, 1, 0.20567375886524822, 1.0, 0] 1
