angular/angular.js 11585 15836 [0.0031945206787771714, 0.819620034222079, 256.5705833952594, 0.0601314736604335, 470.48449015925144, 7824.263426772296, 0.0, 0.0, 0.0, 0, 0.0, 0.0, -1] 0
angular/angular.js 13952 10496 [0.0011148014744933286, 0.31170392076484643, 279.60486947374574, -0.0024739655101730525, -12.946683680693827, 5233.1706434291455, 0.0, 0.0, 0.0, 0, 0.0, 0.0, -1] 0
angular/angular.js 11695 11772 [-0.009923941457153728, -2.910638343015113, 293.2945902171725, -0.014332870461952038, -5.717821301285796, 398.9306480138988, 0.002394887147939385, 0.0, 0.0, 0, 0.0, 0.0, -1] 0
angular/angular.js 7866 9353 [0.0044631032999451455, 1.4004590142146398, 313.7859287800604, 0.0029428020533131317, 12.631468746621092, 4292.327012753049, 0.0, 0.0, 0.0, 0, 0.0, 0.0, 0] 0
angular/angular.js 7700 4217 [0.033282658100479916, 10.11347437334367, 303.866185892101, 0.12633282857102307, 890.1635866998276, 7046.177915658609, 0.028347075401542722, 0.037681123048262564, 0.18181818181818182, 2, 0.0, 0.0, 0] 0
angular/angular.js 7158 15626 [0.0052588592701221975, 1.980124605484277, 376.5312026382227, 0.08012910052220516, 461.02103590593345, 5753.478235765002, 0.006270815917374569, 0.0, 0.0, 0, 0.0, 0.0, -1] 0
angular/angular.js 4778 9233 [-0.014773340230215612, -4.238172786714637, 286.8797929696622, 0.023155780307099957, 56.5106229548947, 2440.4542712632137, 0.006800390234827496, 0.0, 0.0, 0, 0.0, 0.0, 0] 0
angular/angular.js 10477 720 [-0.018865230804720533, -8.151605653155956, 432.09678893068343, 0.000822388205326255, 1.780548589795629, 2165.094998035941, 0.0, 0.0, 0.0, 0, 0.0, 0.0, -1] 0
angular/angular.js 2379 16517 [0.42747325423243604, 206.0514636540186, 482.0218846767413, 0.04162887242408462, 160.62041033112249, 3858.3896458890067, 0.11002797387638107, 0.0, 0.0, 0, 0.0, 0.0, 0] 0
angular/angular.js 15007 13480 [0.06061509846458381, 18.54478374081939, 305.94330803000736, 0.04144418445731924, 135.75468382515672, 3275.6027317888697, 0.0, 0.0, 0.0, 0, 0.0, 0.0, -1] 0
angular/angular.js 9579 13886 [0.02759018071572691, 8.967114859860223, 325.0110955144561, 0.05670023492293582, 86.91663769458603, 1532.914948460423, 0.057425182006633956, 0.0, 0.0, 0, 0.0, 0.0, -1] 0
angular/angular.js 6533 4822 [-0.0006402906291996277, -0.15331982346531808, 239.4534863909691, 0.025541582819804107, 108.79137147124186, 4259.382522953456, 0.0, 0.0, 0.0, 0, 0.0, 0.0, -1] 0
angular/angular.js 8540 5613 [0.021173007786132833, 10.539703218536383, 497.78960670100514, 0.05689637633904423, 197.48138196776884, 3470.8955943166175, 0.14806858324548286, 0.0, 0.0, 0, 0.0, 0.0, -1] 0
angular/angular.js 4737 15103 [0.01767057040653387, 3.906682656772657, 221.08412840641083, 0.05084136056513901, 202.59349404158087, 3984.8165310606482, 0.0, 0.0, 0.0, 0, 0.0, 0.0, -1] 0
angular/angular.js 5960 10265 [0.004047616114652788, 2.0291766019293016, 501.3263472747509, 0.03751809335987496, 236.25541670232482, 6297.106157185388, 0.004199780911322671, 0.0, 0.0, 0, 0.0, 0.0, -1] 0
angular/angular.js 8772 8820 [0.027204534300185067, 6.72855814136579, 247.3322302495734, 0.20845328542127892, 137.60573826303585, 660.1274620591279, 0.0, 0.0, 0.0, 0, 0.0, 0.0, 0] 0
angular/angular.js 486 5747 [0.07583452885192578, 23.372152936453276, 308.19935575903236, 0.01313753388991879, 7.290952300442609, 554.9711507147769, 0.016685461538565156, 0.0, 0.0, 0, 0.0, 0.0, 0] 0
angular/angular.js 9731 11084 [-0.00969965123981647, -2.3497115886804476, 242.247018020094, -0.0048173494380284575, -6.043322733185965, 1254.4912531110153, 0.008411988212474944, 0.0, 0.0, 0, 0.0, 0.0, 0] 0
angular/angular.js 3698 14438 [-0.006651930730160127, -3.2746474718422385, 492.28526343409624, 0.07483144329667929, 232.50752264063885, 3107.083231293984, 0.0, 0.0, 0.0, 0, 0.0, 0.0, -1] 0
angular/angular.js 7478 5660 [0.029907891917920846, 13.081893483183718, 437.40607058115756, -7.228415765499557e-05, -0.10799399923394402, 1494.020304551208, 0.005217814615530695, 0.0, 0.0, 0, 0.0, 0.0, -1] 0
angular/angular.js 15442 12529 [-0.006556803564888058, -1.466814833980139, 223.7088269404608, 0.13648323554048214, 211.64732625821924, 1550.720316821935, 0.0, 0.0, 0.0, 0, 0.0, 0.0, -1] 0
angular/angular.js 9597 6027 [-0.02637179819162457, -12.011364717614587, 455.46248421654013, -0.025230795087437113, -11.360111045877055, 450.24784223044435, 0.0, 0.0, 0.0, 0, 0.0, 0.0, -1] 0
angular/angular.js 9096 6540 [0.02895420779428372, 13.207935569553374, 456.1663597703733, -0.016667925428449637, -17.354092848714586, 1041.1669360539474, 0.0, 0.0, 0.0, 0, 0.0, 0.0, -1] 0
angular/angular.js 15486 12226 [0.002144818819421009, 0.5178866961943888, 241.45941442932303, 0.03472400979391802, 146.50607331044108, 4219.157700390406, 0.0, 0.0, 0.0, 0, 0.0, 0.0, -1] 0
angular/angular.js 5068 9105 [0.0064064700723022215, 2.363044237246066, 368.8527708047007, 0.010749769132843388, 68.45262446682807, 6367.822752368438, 0.0, 0.0, 0.0, 0, 0.0, 0.0, 0] 0
angular/angular.js 10330 1140 [-0.003135991913604565, -1.0421285959946178, 332.3122714295448, -0.02619403785741697, -30.945587459022313, 1181.3981344712731, 0.0, 0.0, 0.0, 0, 0.0, 0.0, 0] 0
angular/angular.js 15803 14396 [0.024017958823284873, 5.085859692430204, 211.7523695435591, 0.5877946160687693, 2332.0629830677294, 3967.479318992076, 0.0, 0.0, 0.0, 0, 0.0, 0.0, -1] 0
angular/angular.js 8720 16119 [0.00036391038610234384, 0.05209509385381407, 143.15363299129137, 0.012195465857747945, 3.7596274336931317, 308.280755942143, 0.0, 0.0, 0.0, 0, 0.0, 0.0, 0] 0
angular/angular.js 14822 5208 [-0.0022713022593736287, -1.5469626779320307, 681.0906261144856, -0.002592041615313213, -3.701764176162881, 1428.1268303308368, 0.0, 0.0, 0.0, 0, 0.0, 0.0, -1] 0
angular/angular.js 10265 5127 [0.006854439093452034, 3.0464848173478836, 444.4542836857585, 0.041796647342609856, 112.41549361360288, 2689.5815995030825, 0.07565158532684736, 0.0, 0.0, 0, 0.0, 0.0, -1] 0
angular/angular.js 3184 4037 [0.06275038388192618, 12.367882171609898, 197.09651808476323, -0.03191284466664515, -18.202057114102058, 570.36774077137, 0.0, 0.0, 0.0, 0, 0.0, 0.0, 0] 0
angular/angular.js 3191 8944 [-0.011996700993962517, -1.5826190008297967, 131.921184134394, 0.01779502805086076, 34.97514980845509, 1965.4450506338658, 0.0, 0.0, 0.0, 0, 0.0, 0.0, 0] 0
angular/angular.js 10393 14093 [0.006112894956788273, 2.3966337165541587, 392.0619826605616, -0.003779918330384321, -7.181457957293604, 1899.897651112328, 0.0, 0.0, 0.0, 0, 0.0, 0.0, 0] 0
angular/angular.js 14665 2206 [0.039330606478542966, 21.316237520638776, 541.9758155081582, 0.3945313059292322, 1027.311168877133, 2603.8774450547753, 0.07841000595753132, 0.0, 0.0, 0, 0.0, 0.0, -1] 0
angular/angular.js 11383 10936 [0.0037180887446994233, 0.7583154146399893, 203.95301637731427, 0.04930656227562452, 100.39436845918338, 2036.1258993879385, 0.0, 0.0, 0.0, 0, 0.0, 0.0, 0] 0
angular/angular.js 11905 771 [0.005619093054145081, 1.990581672179714, 354.25319584471123, 0.12706358817590907, 363.3320681237397, 2859.450715501095, 0.0, 0.0, 0.0, 0, 0.0, 0.0, 0] 0
angular/angular.js 16129 944 [0.004913667195113573, 1.7385672510032715, 353.8227523288921, 0.07688485586251893, 135.59470053226565, 1763.6073972061322, 0.12066244962561487, 0.0, 0.0, 0, 0.0, 0.0, -1] 0
angular/angular.js 848 15403 [0.008934758941607276, 3.132701484359927, 350.6195863630524, 0.06027233955301116, 315.1328681033316, 5228.4824256102365, 0.0, 0.0, 0.0, 0, 0.0, 0.0, -1] 0
angular/angular.js 6886 2450 [-0.0024710803563422557, -0.5828810522036227, 235.8810593543042, -0.003556087125135551, -3.70652252262267, 1042.3036309835588, 0.0, 0.0, 0.0, 0, 0.0, 0.0, 0] 0
angular/angular.js 12767 597 [-0.0043997805999678695, -1.8486334090460739, 420.1649075546117, 0.06600003757601618, 940.7895295619593, 14254.378696048407, 0.0, 0.0, 0.0, 0, 0.0, 0.0, 0] 0
angular/angular.js 10311 5775 [-0.005014096186161061, -1.3284440519100342, 264.9418763797449, 0.004586537086631859, 7.5621912344088695, 1648.7801344613554, 0.0, 0.0, 0.0, 0, 0.0, 0.0, 0] 0
angular/angular.js 14185 6396 [0.04287707975923234, 32.601538220413616, 760.3488484635855, 0.0435977199854257, 138.82112595088603, 3184.13728968608, 0.0, 0.0, 0.0, 0, 0.0, 0.0, -1] 0
angular/angular.js 14705 13803 [0.19341025572856613, 42.820854090711386, 221.39908728938656, 0.09474222923120709, 282.28937325024367, 2979.55173253682, 0.0, 0.0, 0.0, 0, 0.0, 0.0, -1] 0
angular/angular.js 2834 5508 [0.0026755654189445826, 0.510825654319435, 190.9225058383876, 0.15020236773394416, 1960.7992316403327, 13054.382971602203, 0.0039362996177890195, 0.0, 0.0, 0, 0.0, 0.0, -1] 0
angular/angular.js 15094 7311 [-0.0023819098609147984, -0.5394607573747398, 226.4824400901359, 0.07719290489807029, 726.6132268775829, 9412.953532932106, 0.003221816130583363, 0.0, 0.0, 0, 0.0, 0.0, -1] 0
angular/angular.js 14396 12430 [-0.0056294870770309344, -2.1865339301899005, 388.4073096306151, 0.030369257034675808, 35.45831582855559, 1167.5727130258426, 0.0, 0.0, 0.0, 0, 0.0, 0.0, -1] 0
angular/angular.js 14372 15462 [-0.017266370778387517, -7.281808993780719, 421.73361659159025, 0.6394914359868198, 3597.646577668207, 5625.793208812192, 0.0, 0.0, 0.0, 0, 0.0, 0.0, -1] 0
angular/angular.js 16043 15754 [-0.002096082208687868, -0.48722541470532643, 232.44575650986795, 0.19045359067508782, 1022.7388915115677, 5370.01632726553, 0.0, 0.0, 0.0, 0, 0.0, 0.0, -1] 0
angular/angular.js 7034 4284 [-0.0037867450674626585, -0.7598754930765519, 200.6671903016997, 0.0006358207266607904, 1.2257244858184537, 1927.7831539964507, 0.0, 0.0, 0.0, 0, 0.0, 0.0, -1] 0
angular/angular.js 6414 5783 [0.0012982556474196293, 0.38146801298073, 293.83119860785774, 0.027951376327274114, 105.98852020339714, 3791.889134989633, 0.0, 0.0, 0.0, 0, 0.0, 0.0, -1] 0
angular/angular.js 16042 1310 [-0.02922435841741935, -14.9722096636422, 512.3195332397075, 0.03799070482442483, 138.4914985461097, 3645.4048216834167, 0.0, 0.0, 0.0, 0, 0.0, 0.0, 0] 0
angular/angular.js 5690 14550 [-0.014278955805531231, -2.81197336302149, 196.9313023528105, 0.06291771414316907, 164.92051974650576, 2621.2096544262495, 0.053367971797968136, 0.0, 0.0, 0, 0.0, 0.0, -1] 0
angular/angular.js 4642 12189 [0.016059089240318274, 2.663692500221322, 165.86821708006963, -0.012408001504916402, -9.247761194518304, 745.3062599044721, 0.0, 0.0, 0.0, 0, 0.0, 0.0, 0] 0
angular/angular.js 3614 9926 [-0.01674624728078858, -11.014499547050667, 657.7294221426304, 0.026450654147280563, 50.59847921273617, 1912.9386717998536, 0.0, 0.0, 0.0, 0, 0.0, 0.0, 0] 0
angular/angular.js 9814 2419 [0.01258909749483137, 3.966577826404391, 315.08039619463784, 0.0513748370237533, 94.8422436492961, 1846.083591573157, 0.0, 0.0, 0.0, 0, 0.0, 0.0, 0] 0
angular/angular.js 16133 6467 [0.16778819401029746, 20.34684785529838, 121.26507455017756, -0.002088207700674447, -4.034385834530079, 1931.9849425069438, 0.0, 0.0, 0.0, 0, 0.0, 0.0, -1] 0
angular/angular.js 12323 6856 [0.0008624838116168795, 0.31245635202643546, 362.2750338243223, 0.0064483037712475995, 15.499990470917922, 2403.731433998344, 0.0, 0.0, 0.0, 0, 0.0, 0.0, 0] 0
angular/angular.js 3327 6849 [-0.002329558560367627, -0.3591310616007739, 154.1627103566349, 0.11796206795567121, 50.043250094522676, 424.2317124630975, 0.0, 0.0, 0.0, 0, 0.0, 0.0, 0] 0
angular/angular.js 12888 6826 [0.030643250917337363, 10.419578318209723, 340.02848935047314, 0.02081466623213361, 83.97967090419134, 4034.639324388676, 0.0, 0.0, 0.0, 0, 0.0, 0.0, -1] 0
angular/angular.js 14035 3240 [-0.016669723964204648, -6.873958811908614, 412.36188593579914, 0.02897339958772553, 53.17177054673235, 1835.192669943308, 0.09395132697731179, 0.0, 0.0, 0, 0.0, 0.0, -1] 0
angular/angular.js 7152 1889 [-0.006212501568486772, -1.231533126437535, 198.23465843204758, 0.04380215215613023, 151.8464429151207, 3466.6434282469236, 0.010473892291618176, 0.0, 0.0, 0, 0.0, 0.0, -1] 0
angular/angular.js 1685 9290 [-0.005717696049857223, -1.4305623112249395, 250.19908346836, 0.022265598016146863, 68.75572087642601, 3087.979978196176, 0.014331648383719354, 0.0, 0.0, 0, 0.0, 0.0, 0] 0
angular/angular.js 13520 13333 [0.009610541758724766, 2.9695893965147246, 308.9929237151312, 0.036430838288800164, 64.33190086131322, 1765.86386377748, 0.0, 0.0, 0, 0, 0.0, 0.0, 0] 0
angular/angular.js 9610 630 [0.011672911569546187, 3.3987331634738016, 291.16413186414087, -0.012327756924689445, -10.58337310408375, 858.4994957913125, 0.0, 0.0, 0.0, 0, 0.0, 0.0, 0] 0
angular/angular.js 14848 16376 [-0.006793002633393538, -3.7282290302007643, 548.833738393279, 0.4434068257983559, 3578.702761371224, 8070.923930698979, 0.004858482387151821, 0.0, 0.0, 0, 0.0, 0.0, -1] 0
angular/angular.js 7884 9757 [-0.013214309227793758, -3.756459715458618, 284.2721212818017, 0.005296050018641349, 13.160651147693837, 2484.993740876729, 0.0, 0.0, 0.0, 0, 0.0, 0.0, 0] 0
angular/angular.js 10733 13443 [-0.0031227580515153282, -0.9027259909874281, 289.07970969745077, 0.033164857515781875, 115.07614974376696, 3469.821924879571, 0.041732539584878825, 0.0, 0.5, 1, 0.0, 0.0, 0] 0
angular/angular.js 2889 2474 [0.006151818629774037, 2.58203459405755, 419.71890743995993, 0.023628654630287814, 133.6079704203634, 5654.489115478512, 0.0037606272323008343, 0.0, 0.0, 0, 0.0, 0.0, 0] 0
angular/angular.js 1496 16005 [0.05217123699276202, 13.91672821394743, 266.750972684013, 0.00044817732241055145, 0.39428174977869257, 879.7449805314156, 0.0, 0.0, 0.0, 0, 0.0, 0.0, -1] 0
angular/angular.js 6593 1926 [0.0016482571189272955, 0.6097000567105475, 369.9059143802438, 0.1629441398359249, 440.38208634573476, 2702.6567926233706, 0.10693403398724038, 0.0, 0.0, 0, 0.0, 0.0, -1] 0
angular/angular.js 2273 12935 [-0.021647675599885497, -3.266669034723887, 150.90160694856152, 0.08036051727867834, 175.5607445437811, 2184.664191931002, 0.032497255780971235, 0.0, 0.0, 0, 0.0, 0.0, 0] 0
angular/angular.js 16547 8984 [-0.0008427305594006792, -0.1557961447711403, 184.87064819618874, 0.03774775932912777, 254.41278239656185, 6739.81149922841, 0.04744351608149026, 0.0, 0.0, 0, 0.0, 0.0, -1] 0
angular/angular.js 6802 2914 [-0.0015152812015759715, -0.45654788807145463, 301.29581730217535, 0.024461663908806098, 28.61585793596536, 1169.8246710708738, 0.0, 0.0, 0.0, 0, 0.0, 0.0, -1] 0
angular/angular.js 11956 15903 [0.01987664235747866, 5.6353383147899825, 283.515606581796, 0.10527436082310837, 483.74806665008174, 4595.117584830741, 0.0, 0.0, 0.0, 0, 0.0, 0.0, -1] 0
angular/angular.js 7339 659 [-0.004974349076814777, -0.924486586358264, 185.85076601625235, 0.028047455502413415, 50.80736798098203, 1811.4786910566693, 0.0, 0.0, 0.0, 0, 0.0, 0.0, 0] 0
angular/angular.js 5386 4179 [0.03336038476791038, 11.154569403953746, 334.36572993856515, 0.07789394222940807, 79.80906408222681, 1024.5862745934523, 0.00037703269150285315, 0.0, 0.0, 0, 0.0, 0.0, -1] 0
angular/angular.js 16408 4499 [0.0046911276558125005, 0.2647856084326638, 56.44391452545179, 0.04197496990241183, 197.85876837296098, 4713.732227395648, 0.0, 0.0, 0.0, 0, 0.0, 0.0, -1] 0
angular/angular.js 14755 3377 [-0.004678128676869899, -1.4205452057628454, 303.65671914636636, 0.017067522024594287, 38.29352068660103, 2243.648529143252, 0.0, 0.0, 0.0, 0, 0.0, 0.0, -1] 0
angular/angular.js 11168 12017 [0.0048899749833599985, 1.3605311223812788, 278.2286467744731, 0.020310880989732355, 6.180090974438132, 304.27488485419804, 0.0, 0.0, 0.0, 0, 0.0, 0.0, 0] 0
angular/angular.js 7857 16267 [-0.0033851613996748165, -0.6518707024334339, 192.56709665189186, 0.16825470077910964, 295.95592628991466, 1758.9756774668388, 0.0, 0.0, 0.0, 0, 0.0, 0.0, 0] 0
angular/angular.js 3837 4719 [0.009504046192710239, 4.014169926879699, 422.364311524352, 0.0030799686312119527, 1.3858117971836554, 449.9434777159874, 0.0, 0.0, 0.0, 0, 0.0, 0.0, 0] 0
angular/angular.js 564 6995 [0.0024717929058510257, 1.655598212483328, 669.7964900555914, 0.009194750469433102, 80.94164429081934, 8803.027832011385, 0.004187108320910652, 0.0, 0.0, 0, 0.0, 0.0, 0] 0
angular/angular.js 4037 16284 [0.016886514169135128, 5.796843917031125, 343.2824476958361, 0.06056762105776254, 115.73309024428653, 1910.807923823084, 0.0, 0.0, 0.0, 0, 0.0, 0.0, 0] 0
angular/angular.js 9226 1723 [0.02353089171324753, 7.601839909865893, 323.0578765353875, 0.021081034937362013, 32.576541589987016, 1545.3008681396125, 0.0, 0.0, 0.0, 0, 0.0, 0.0, 0] 0
angular/angular.js 7807 9766 [-0.0042455015034996175, -0.7922761809733665, 186.615451748229, 0.004600686736729062, 8.305538213866631, 1805.2822739614733, 0.0, 0.0, 0.0, 0, 0.0, 0.0, 0] 0
angular/angular.js 14522 1948 [0.016784380639226812, 4.609719063313126, 274.64338198692553, 0.0022578475540120865, 13.70570230483092, 6070.251412889478, 0.029551269996472992, 0.0, 0.0, 0, 0.0, 0.0, -1] 0
angular/angular.js 14407 10443 [0.013156723224733076, 4.430379310806587, 336.7388091343292, 0.09414810408043511, 254.35547933176994, 2701.652697270061, 0.0791316117196317, 0.0, 0.0, 0, 0.0, 0.0, -1] 0
angular/angular.js 13837 4176 [0.025508588358282028, 7.501094575886735, 294.0615321604541, -0.004953406389453546, -10.358656416953577, 2091.218769977872, 0.010895127195153708, 0.0, 0.0, 0, 0.0, 0.0, 0] 0
angular/angular.js 8705 10056 [0.014576602583997175, 4.8196840093111195, 330.6452228177214, -0.007457140343651288, -18.58305662863229, 2491.9816138974993, 0.014435136443808203, 0.0, 0.0, 0, 0.0, 0.0, 0] 0
angular/angular.js 14919 15750 [0.00021486606665744193, 0.0624976419805758, 290.86790181818213, 0.7379755274604518, 2214.9327897469843, 3001.3634698281817, 0.0, 0.0, 0.0, 0, 0.0, 0.0, -1] 0
angular/angular.js 4843 2122 [0.026392449516561292, 12.716262807172294, 481.81442193127333, 0.03380737254575878, 16.973081999497875, 502.0526802703924, 0.0, 0.0, 0.0, 0, 0.0, 0.0, 0] 0
angular/angular.js 6681 15313 [0.06122792657844587, 14.788378082101305, 241.52995060439093, 0.20673185961519133, 177.99129819604894, 860.976622216625, 0.0, 0.0, 0.0, 0, 0.0, 0.0, -1] 0
angular/angular.js 4900 1084 [0.009901284564297381, 1.715981504579074, 173.30897758121793, 0.00836256133528114, 4.624819495861975, 553.0386337915563, 0.0, 0.0, 0.0, 0, 0.0, 0.0, 0] 0
angular/angular.js 9519 9713 [-0.0011859875075662238, -0.3486716596588409, 293.9926916889313, -0.005669301167139339, -1.7558622235591443, 309.7140497203699, 0.0, 0.0, 0.0, 0, 0.0, 0.0, 0] 0
angular/angular.js 5847 6965 [0.0022834682328203176, 0.9691400644454845, 424.4158296209346, 0.021967657118133015, 234.24644527849412, 10663.242057121211, 0.006104337680770144, 0.0, 0.0, 0, 0.0, 0.0, -1] 0
angular/angular.js 2932 6737 [0.007290528730493682, 2.7377209416814567, 375.517475190866, 0.07899655617207937, 270.04827237112704, 3418.4815827018697, 0.0041868202723261165, 0.0, 0.0, 0, 0.0, 0.0, -1] 0
angular/angular.js 11771 3456 [0.01662362090021256, 4.173959256256344, 251.08604685534988, 0.09065800285463804, 1101.0099797813602, 12144.652927626596, 0.0, 0.0, 0, 0, 0.0, 0.0, -1] 0
angular/angular.js 15117 6381 [0.019844373573732425, 3.028631368000612, 152.6191470215793, 0.18788045736089548, 317.47950903652463, 1689.795274591466, 0.0, 0.0, 0.0, 0, 0.0, 0.0, -1] 0
angular/angular.js 2199 9365 [0.07779876219300651, 35.37650607882676, 454.7181096668763, 0.008404651474207592, 8.572641108916393, 1019.9876979104167, 0.0, 0.0, 0.0, 0, 0.0, 0.0, 0] 0
angular/angular.js 1723 2773 [-0.02838915644829937, -11.755709529434352, 414.09154057969795, 0.07114730760752673, 81.93668901671613, 1151.6484849814328, 0.0, 0.0, 0.0, 0, 0.0, 0.0, 0] 0
angular/angular.js 4499 2393 [0.0014742249290684833, 0.1030653025988533, 69.91151795538897, -0.0027574432804893232, -3.953187868632365, 1433.6424965125123, 0.0, 0.0, 0.0, 0, 0.0, 0.0, 0] 0
angular/angular.js 7599 7454 [0.0005890467520828803, 0.17907371588223395, 304.005947319166, 0.011432686955482337, 15.332489308795886, 1341.1098693158453, 0.0, 0.0, 0.0, 0, 0.0, 0.0, -1] 0
angular/angular.js 16076 6876 [0.03728905990197113, 15.44815706517677, 414.28121561091353, 0.02790914250499283, 152.0236126967011, 5447.09005909102, 0.0745150152154356, 0.0, 0.0, 0, 0.0, 0.0, -1] 0
angular/angular.js 9410 13467 [0.0057021796315705735, 2.74405459696314, 481.22906927913357, 0.02785572326745176, 213.36255864360123, 7659.559100118804, 0.14623764076884577, 0.0, 0.0, 0, 0.0, 0.0, -1] 0
angular/angular.js 10557 12577 [0.021749104503762013, 11.866463469952253, 545.6069912165658, 0.014128954192842253, 9.97372927440457, 705.9071137379209, 0.0, 0.0, 0.0, 0, 0.0, 0.0, 0] 0
angular/angular.js 593 14960 [-0.005480846535219951, -1.215356918133464, 221.7462047739475, 0.04074140234287344, 268.47909631412165, 6589.834440519314, 0.0, 0.0, 0.0, 0, 0.0, 0.0, -1] 0
angular/angular.js 8465 13798 [0.012142178183193042, 6.58472667809445, 542.301931230831, 0.03759402655199407, 112.55930925049462, 2994.0743137695163, 0.0, 0.0, 0.0, 0, 0.0, 0.0, -1] 0
angular/angular.js 6998 8923 [0.006370680698619315, 2.2178505718484955, 348.1340027493701, 0.004292391852291416, 3.176883132333791, 740.1195514425995, 0.0, 0.0, 0.0, 0, 0.0, 0.0, 0] 0
angular/angular.js 11311 8210 [0.08249402190089784, 21.725842049688087, 263.3626237279095, 0.039359236225442205, 86.54205131671654, 2198.7736454289957, 0.0603226410600913, 0.0, 0.0, 0, 0.0, 0.0, 0] 0
angular/angular.js 3517 5661 [-0.014128980643128834, -6.991596991358939, 494.8408641750863, 0.014476024996344925, 25.885787776472345, 1788.1834124359614, 0.0, 0.0, 0.0, 0, 0.0, 0.0, 0] 0
angular/angular.js 6688 5611 [-0.0017913041449595483, -0.4002763370065596, 223.45526198489245, 0.016821680415687185, 10.41136310600491, 618.9252707652033, 0.0, 0.0, 0.0, 0, 0.0, 0.0, -1] 0
angular/angular.js 9268 10611 [-0.013207003139115502, -2.816654832862206, 213.26979354764072, 0.03914768524047938, 11.07560716310999, 282.9185709212156, 0.0, 0.0, 0.0, 0, 0.0, 0.0, 0] 0
angular/angular.js 2488 14613 [0.00444996717701047, 0.9741228667997003, 218.90562964873942, 0.03483016160998637, 66.49299402522331, 1909.063609000272, 0.0, 0.0, 0.0, 0, 0.0, 0.0, -1] 0
angular/angular.js 10500 3147 [0.018725226293458925, 3.032880037809368, 161.96760403738406, 0.0821856063038142, 51.65877902001706, 628.5623644248712, 0.0, 0.0, 0.0, 0, 0.0, 0.0, 0] 0
angular/angular.js 7219 328 [-0.015775796598675413, -4.177650730455275, 264.8139321729112, 0.09828954197315755, 284.5616659324729, 2895.1367583967935, 0.0, 0.0, 0.0, 0, 0.0, 0.0, 0] 0
angular/angular.js 2083 12633 [0.002746071310337748, 1.3316896654124974, 484.9435848221687, 0.004177598886377779, 6.764276790643782, 1619.1781390742383, 0.0, 0.0, 0.0, 0, 0.0, 0.0, -1] 0
angular/angular.js 10445 330 [0.008402958102422274, 2.9786751997372085, 354.4793587485058, 0.02453971209687777, 55.539236693922604, 2263.2391315213904, 0.0013829004190715369, 0.0, 0.0, 0, 0.0, 0.0, 0] 0
angular/angular.js 3123 8594 [0.05603402302791493, 16.158921863215806, 288.3769715261348, -0.015490256857428927, -12.859196417183952, 830.1473975247122, 0.0, 0.0, 0.0, 0, 0.0, 0.0, 0] 0
angular/angular.js 8736 8875 [0.1052426303975573, 48.49945721786326, 460.83471151048826, 0.07271929378782062, 72.07375129387795, 991.1228167888122, 0.04080667357821316, 0.0, 0.0, 0, 0.0, 0.0, 0] 0
angular/angular.js 3951 5063 [0.0050045949502756, 1.7326810360549476, 346.2180362787462, 0.0630583953083427, 1219.1773124084712, 19334.09986801825, 0.005261261789101192, 0.0, 0.0, 0, 0.0, 0.0, -1] 0
angular/angular.js 15763 125 [-0.01966913953082797, -6.604119268517969, 335.76045653482475, 0.10280781184731422, 122.10846558213802, 1187.7352838078912, 0.0, 0.0, 0.0, 0, 0.0, 0.0, -1] 0
angular/angular.js 4583 12145 [0.021745672853064436, 11.86325088467451, 545.5453581424923, 0.020646211964429975, 109.28304002085198, 5293.1278730029835, 0.0, 0.0, 0, 0, 0.0, 0.0, 0] 0
angular/angular.js 8462 11617 [-0.017092608687022094, -5.117324791741282, 299.3881674496365, 0.06503485044608348, 145.56270150009018, 2238.226128016817, 0.0, 0.0, 0, 0, 0.0, 0.0, -1] 0
angular/angular.js 1653 8965 [-0.009279962397268391, -5.674221177676161, 611.4487251959555, 0.006096708143296688, 7.757662453512979, 1272.4346108059158, 0.0, 0.0, 0.0, 0, 0.0, 0.0, -1] 0
angular/angular.js 4312 2094 [0.003109569987471395, 0.7954882485204074, 255.81937429466691, 0.023463282250054257, 27.867412284790877, 1187.703066766221, 0.0, 0.0, 0.0, 0, 0.0, 0.0, 0] 0
angular/angular.js 9317 11973 [0.026151110039225354, 11.60191408058567, 443.6490100490335, 0.09074635023495642, 212.73903274644374, 2344.326049429308, 0.030483883483164866, 0.0, 0.0, 0, 0.0, 0.0, -1] 0
angular/angular.js 10199 5522 [0.13705301024870087, 37.77565558250699, 275.62806182774136, 0.01637062798434019, 28.141319465198976, 1719.0128254162507, 0.0, 0.0, 0.0, 0, 0.0, 0.0, -1] 0
angular/angular.js 7292 14151 [0.005044200989129691, 2.034879420710871, 403.40966291709213, 0.059604603391482665, 166.14193549654152, 2787.4010737949607, 0.0, 0.0, 0.0, 0, 0.0, 0.0, -1] 0
angular/angular.js 8106 4792 [0.01041575716177543, 4.364261065121314, 419.0056466694159, 0.07767555871468007, 58.05995854893991, 747.4675368890141, 0.0, 0.0, 0.0, 0, 0.0, 0.0, 0] 0
angular/angular.js 4940 2357 [-0.011983778961159796, -3.6764716428037896, 306.78733767699424, -0.022365630127215725, -15.014222800235876, 671.3078377329394, 0.0, 0.0, 0.0, 0, 0.0, 0.0, 0] 0
angular/angular.js 9252 14234 [0.00015147743884100633, 0.03546028377887692, 234.09614032421507, 0.010293339970645295, 14.56020302537378, 1414.526583878196, 0.0, 0.0, 0.0, 0, 0.0, 0.0, 0] 0
angular/angular.js 7866 6434 [-0.0014198057746819335, -0.5651305830033259, 398.03372621859285, -0.030958227853730355, -65.44929491342477, 2114.1163254775374, 0.012283144406007342, 0.0, 0.0, 0, 0.0, 0.0, 0] 0
angular/angular.js 8168 1461 [0.3518770986151328, 30.224784223348166, 85.89585495135239, 0.0007425205062625734, 0.4788720209935305, 644.9276712961105, 0.0, 0.0, 0.0, 0, 0.0, 0.0, 0] 0
angular/angular.js 8098 4344 [0.010340509349773387, 6.353677692137153, 614.4453311940958, 0.024640135681446212, 47.78368759303505, 1939.2623567822197, 0.0, 0.0, 0.0, 0, 0.0, 0.0, -1] 0
angular/angular.js 7149 7739 [0.0799552287549545, 22.899010043203816, 286.3979054251015, 0.04061356080016291, 25.661319617174748, 631.8411661425121, 0.10142309833318736, 0.0, 0.0, 0, 0.0, 0.0, -1] 0
angular/angular.js 7555 16119 [0.24067547079299842, 46.76222693110209, 194.295774210084, 0.01234826607793698, 6.908521136781536, 559.4729732237629, 0.0, 0.0, 1.0, 2, 0.0, 0.0, -1] 0
angular/angular.js 7641 11044 [0.02639768802748928, 7.8777709986493605, 298.4265512360715, -0.007995896956079338, -9.225942934254205, 1153.8346460605217, 0.0, 0.0, 0.0, 0, 0.0, 0.0, -1] 0
angular/angular.js 14458 1646 [-0.017897310428980656, -2.754254548863545, 153.89209232263474, -0.0020884613139424933, -2.5575336233064125, 1224.6018665667443, 0.006284328745951663, 0.0, 0.0, 0, 0.0, 0.0, 0] 0
angular/angular.js 9289 4824 [0.1265642365803527, 24.632710626744426, 194.62615421462831, 0.01043190047972141, 13.40781530696192, 1285.270630507394, 0.0, 0.0, 0.0, 0, 0.0, 0.0, 0] 0
angular/angular.js 7579 5646 [0.00487597465122729, 0.8332981980193883, 170.89879616368512, 0.005193961573372789, 9.88839041895496, 1903.824331248135, 0.0, 0.0, 0.0, 0, 0.0, 0.0, -1] 0
angular/angular.js 1402 9193 [0.019513520074235027, 7.471467679750298, 382.8867191222646, 0.020524708574863246, 78.62629537415216, 3830.8117792447656, 0.014592984455367965, 0.0, 0.0, 0, 0.0, 0.0, 0] 0
angular/angular.js 3006 1983 [0.08939135111632915, 14.760062086538236, 165.1173396778652, 0.07939873387017791, 118.68887158013938, 1494.8458973439474, 0.0, 0.0, 0.0, 0, 0.0, 0.0, 0] 0
angular/angular.js 8747 7484 [-0.0037732683540794894, -1.117943345042228, 296.279840216919, 0.013188102290347363, 39.14177803878471, 2967.9613622221723, 0.0, 0.0, 0.0, 0, 0.0, 0.0, 0] 0
angular/angular.js 6168 11833 [0.12758448267626418, 31.54662344558256, 247.26066041769118, 0.004389172957746644, 4.501144360818195, 1025.5108204095552, 0.0, 0.0, 0.0, 0, 0.0, 0.0, 0] 0
angular/angular.js 4324 8463 [0.015664943672661427, 5.815032773563304, 371.2131300996467, 0.04711370742196524, 78.2211092219423, 1660.2622358153508, 0.0, 0.0, 0.0, 0, 0.0, 0.0, 0] 0
angular/angular.js 9318 10826 [0.011923363950999018, 6.754554826702887, 566.4974125139362, 0.046866967692160755, 355.92642094976395, 7594.398325225941, 0.021300295413939623, 0.0, 0.0, 0, 0.0, 0.0, -1] 0
angular/angular.js 13036 9262 [0.006455240925162982, 2.4946956579518442, 386.4605034689481, -0.019136552422512942, -11.120299279209815, 581.1025431167783, 0.020334615474218012, 0.0, 0.0, 0, 0.0, 0.0, -1] 0
angular/angular.js 4509 16281 [-0.006404719544025919, -2.150232651646329, 335.7262776091398, 0.1126458719427134, 672.3487156548189, 5968.693783974126, 0.0, 0.0, 0.0, 0, 0.0, 0.0, -1] 0
angular/angular.js 12994 13663 [-0.0150513911052786, -8.08032879130231, 536.849300824327, 0.10205528857195807, 148.14138613410486, 1451.579709459662, 0.02519357427332867, 0.0, 0.0, 0, 0.0, 0.0, 0] 0
angular/angular.js 6894 7751 [0.009918426204648318, 4.453416145770358, 449.0043131725115, 0.13802688772822505, 593.9368960306648, 4303.05215024573, 0.0, 0.0, 0.0, 0, 0.0, 0.0, 0] 0
angular/angular.js 116 12592 [-0.00046479255005196785, -0.1197493804897132, 257.64049031406415, 0.00013207379085461324, 0.06799038614272002, 514.7909036514579, 0.11087908181453872, 0.0, 0.0, 0, 0.0, 0.0, -1] 0
angular/angular.js 3278 14890 [0.033009903510935426, 10.46652676543612, 317.07232230984255, 0.09669124855305108, 327.35014523728523, 3385.519890744608, 0.059793296644717754, 0.0, 0.0, 0, 0.0, 0.0, -1] 0
angular/angular.js 13236 7484 [0.029816691610522424, 9.677171926201204, 324.5555225444963, -0.00856262891270488, -9.957281191155875, 1162.8766460241745, 0.0, 0.0, 0.0, 0, 0.0, 0.0, -1] 0
angular/angular.js 11333 9681 [0.007429698296525381, 3.1036331489189246, 417.73340249500967, -0.001681918347006212, -1.96246547341075, 1166.80187055686, 0.028535971934723566, 0.0, 0.0, 0, 0.0, 0.0, -1] 0
angular/angular.js 5545 10896 [0.006551691590227712, 1.8166682594840287, 277.2823223537737, 0.004648264608659789, 2.2233433310987527, 478.3168597924975, 0.0, 0.0, 0.0, 0, 0.0, 0.0, 0] 0
angular/angular.js 10716 4173 [-0.016739692123960166, -4.317890117381794, 257.9432217395105, 0.05582197822017143, 89.00617607014706, 1594.464741451682, 0.0, 0.0, 0.0, 0, 0.0, 0.0, 0] 0
angular/angular.js 3571 6706 [-0.0006737090955475938, -0.1907877538790385, 283.19011148864683, 0.02456051696143613, 122.96692208204838, 5006.691116279261, 0.0, 0.0, 0.0, 0, 0.0, 0.0, -1] 0
angular/angular.js 10647 6385 [0.03977986338519943, 15.09868116943137, 379.55588291560133, 0.014714455282657718, 22.59286153318577, 1535.4194973029987, 0.0, 0.0, 0.0, 0, 0.0, 0.0, -1] 0
angular/angular.js 14764 11952 [0.09050294033499452, 20.1612145833515, 222.76861402209957, -0.0016455896486030767, -1.5307800027079697, 930.2319104932584, 0.0, 0.0, 0.0, 0, 0.0, 0.0, 0] 0
angular/angular.js 1105 10712 [0.04149073609973497, 7.545579087128215, 181.86177919307664, -0.021764470719324733, -6.707992721733699, 308.2084011249423, 0.0, 0.0, 0.0, 0, 0.0, 0.0, 0] 0
angular/angular.js 13701 14878 [-0.024622183334820965, -5.1301978443501035, 208.3567397166977, 0.002704853297394389, 2.0531268404981873, 759.0529373537499, 0.0, 0.0, 0.0, 0, 0.0, 0.0, -1] 0
angular/angular.js 4091 2426 [0.003287835310681929, 1.5685978783280758, 477.09137779250057, 0.08509869401641243, 141.0843608859745, 1657.8910230839085, 0.014166916828176347, 0.0, 0.0, 0, 0.0, 0.0, -1] 0
angular/angular.js 12212 10820 [0.006778840662182895, 1.7972650634605274, 265.12867804769724, 0.0010420869163961929, 4.153754517866197, 3985.996227868361, 0.0, 0.0, 0.0, 0, 0.0, 0.0, 0] 0
angular/angular.js 12155 10375 [0.015277580866222969, 8.931433892998465, 584.6104806255597, 0.05042234411745911, 138.89428563573972, 2754.6177804067333, 0.015544121481644356, 0.0, 0.0, 0, 0.0, 0.0, 0] 0
angular/angular.js 1077 8011 [-0.015343884821574408, -2.247866243239331, 146.49916037421622, 0.17235519268133503, 417.9684642520879, 2425.041321643634, 0.0, 0.0, 0.0, 0, 0.0, 0.0, 0] 0
angular/angular.js 16550 15265 [-0.00140917419391436, -0.7397086123853388, 524.9234733220592, 0.2610202109681544, 2027.0690440746102, 7765.946692618072, 0.0, 0.0, 0.0, 0, 0.0, 0.0, -1] 0
angular/angular.js 8228 5686 [0.013584390952336005, 4.808678549670698, 353.9855829048991, 0.07646541132013919, 86.97423896613998, 1137.432434673022, 0.0, 0.0, 0.0, 0, 0.0, 0.0, -1] 0
angular/angular.js 16065 6181 [-0.007316137344284859, -2.1096428703719283, 288.3547384495066, 0.08471085743136665, 968.1255609952028, 11428.588853318894, 0.0, 0.0, 0.0, 0, 0.0, 0.0, -1] 0
angular/angular.js 11617 12860 [0.004965830316536555, 1.5960335350379902, 321.40315582735263, 0.0020541808976153827, 2.1028864007568537, 1023.7104255024528, 0.0, 0.0, 0, 0, 0.0, 0.0, 0] 0
angular/angular.js 8228 3850 [0.0030850870486736036, 1.6056946956442366, 520.4698182939719, 0.009216840297104052, 11.293717457882076, 1225.3350490873302, 0.0, 0.0, 0.0, 0, 0.0, 0.0, -1] 0
angular/angular.js 14793 6605 [-0.03432368957242176, -7.524115042822152, 219.2105550583814, 0.0020438818051039783, 1.2248654153958143, 599.2838785183577, 0.0, 0.0, 0.0, 0, 0.0, 0.0, 0] 0
angular/angular.js 9637 7079 [-0.011065060792276748, -2.4161035366807284, 218.3542939381891, -0.015989178386558195, -18.980054489704113, 1187.0562721134122, 0.0, 0.0, 0.0, 0, 0.0, 0.0, 0] 0
angular/angular.js 15654 1595 [0.025550225235147044, 16.034742735697495, 627.5773535506844, 0.022709000658090374, 70.05724218625515, 3084.9989059864843, 0.03479054945960162, 0.0, 0.0, 0, 0.0, 0.0, 0] 0
angular/angular.js 2580 8802 [0.17628160387115477, 69.28166996539467, 393.0170162056901, 0.017193423093656707, 5.983466693890849, 348.0090416723574, 0.006922665616081943, 0.0, 0.0, 0, 0.0, 0.0, 0] 0
angular/angular.js 15391 5222 [-0.01859745115165535, -6.422604830978612, 345.348659803144, -0.010658466604067269, -10.103088240120861, 947.8932209878601, 0.0, 0.0, 0.0, 0, 0.0, 0.0, 0] 0
angular/angular.js 13598 9772 [0.00827877387286385, 6.186207520267207, 747.2371652213315, 0.07404509568248138, 491.06964727184067, 6632.034745118504, 0.012292441153081817, 0.0, 0.0, 0, 0.0, 0.0, -1] 0
angular/angular.js 5285 3700 [0.02834757632148645, 11.335428873300899, 399.87294662327264, 0.18391708454373162, 123.61102692916397, 672.1019269951066, 0.0, 0.0, 0.0, 0, 0.0, 0.0, 0] 0
angular/angular.js 12201 15573 [0.029606806293786935, 7.421995635925006, 250.68545260427265, 0.07529256074190052, 273.7592319695761, 3635.9399822780674, 0.0, 0.0, 0.0, 0, 0.0, 0.0, -1] 0
angular/angular.js 4078 5967 [-0.0017520547213275759, -0.8129636467611626, 464.0058537356411, 0.2055709326893164, 551.5481141334511, 2683.0063322571837, 0.0, 0.0, 0.0, 0, 0.0, 0.0, 0] 0
angular/angular.js 10591 13493 [-0.00407704984742231, -1.7089780430826151, 419.17025963347146, -0.025125987497487574, -38.9868530082921, 1551.6545573458761, 0.0, 0.0, 0.0, 0, 0.0, 0.0, -1] 0
angular/angular.js 9226 14796 [0.009629295468347017, 3.506147427225647, 364.11256033745104, 0.07099423581291411, 60.84914097848297, 857.099738897595, 0.0, 0.0, 0.0, 0, 0.0, 0.0, 0] 0
angular/angular.js 11880 2736 [0.0027423486533944275, 0.5701365749017366, 207.90083499996703, -0.0012062993209549992, -0.45964461320632755, 381.0369493057806, 0.0, 0.0, 0.0, 0, 0.0, 0.0, 0] 0
angular/angular.js 7649 9312 [0.015179823523749327, 4.268467397644798, 281.1934796848357, -0.0038275004055006653, -1.441941247008479, 376.731833897706, 0.0, 0.0, 0.0, 0, 0.0, 0.0, 0] 0
angular/angular.js 12112 2745 [-0.015098774663405654, -7.401969995361663, 490.2364702018864, 0.019077222657537845, 23.11605971963635, 1211.7099084390395, 0.0, 0.0, 0.0, 0, 0.0, 0.0, 0] 0
angular/angular.js 10724 12240 [0.02275619340890228, 9.013902663435172, 396.1076662280832, 0.052619655276373786, 217.741868967397, 4138.032980713256, 0.0, 0.0, 0.0, 0, 0.0, 0.0, -1] 0
angular/angular.js 16490 8253 [0.018780139065372584, 6.4075294102815255, 341.1864730062586, 0.084207743634275, 567.979368070121, 6744.977879195149, 0.0, 0.0, 0.0, 0, 0.0, 0.0, -1] 0
angular/angular.js 2705 7463 [0.006966133048786415, 0.6155468053111667, 88.36276898535586, 0.06631620854196735, 364.2440429516678, 5492.534192770696, 0.0, 0.0, 0.0, 0, 0.0, 0.0, 0] 0
angular/angular.js 10725 5037 [0.008523498926121052, 3.9094176922219575, 458.6634815241408, 0.09962641302087255, 2703.788051058129, 27139.269286867362, 0.0, 0.0, 0.0, 0, 0.0, 0.0, 0] 0
angular/angular.js 2284 5375 [-0.006968101865630128, -3.036145087108578, 435.72053704958546, 0.05575046112642603, 69.60384954672564, 1248.4892167776713, 0.0, 0.0, 0.0, 0, 0.0, 0.0, 0] 0
angular/angular.js 2316 868 [0.0025312631854383294, 0.18827167837131983, 74.37854722274466, -0.002844674802622413, -2.653163738534474, 932.6773436768973, 0.0, 0.0, 0.0, 0, 0.0, 0.0, -1] 0
angular/angular.js 16518 14394 [0.017211242481176774, 11.122981709631597, 646.2625648204273, 0.3008808409034643, 4820.010217762446, 16019.664805805683, 0.1452746058179467, 0.0, 0.0, 0, 0.0, 0.0, -1] 0
angular/angular.js 15291 2006 [0.006668875192624033, 0.7558550892377143, 113.34071599866071, 0.06551057507556667, 103.36526984658454, 1577.8409780001527, 0.0, 0.0, 0.0, 0, 0.0, 0.0, 0] 0
angular/angular.js 6129 3786 [0.005914155383685604, 2.1580450895429046, 364.8948919225126, 0.007839981111484338, 31.311641826004738, 3993.841487722223, 0.005246066403684297, 0.0, 0.0, 0, 0.0, 0.0, -1] 0
angular/angular.js 14309 13945 [0.02819646183364258, 13.198252097186113, 468.0818527890131, 0.046038156043396165, 383.39073147725986, 8327.673487093418, 0.0, 0.0, 0.0, 0, 0.0, 0.0, -1] 0
angular/angular.js 6261 9072 [0.040792093544390395, 13.272921267310497, 325.379751663561, 0.013048057950072741, 79.42330649407245, 6086.982966965569, 0.0, 0.0, 0.0, 0, 0.0, 0.0, -1] 0
angular/angular.js 9299 4549 [-0.007641152058884663, -3.866328856054943, 505.98768696919376, 0.12390503640242256, 111.94513019818648, 903.4752214155982, 0.034361915527445164, 0.0, 0.0, 0, 0.0, 0.0, 0] 0
angular/angular.js 14147 15117 [-0.012631494666367819, -2.209458702949379, 174.91664773704156, 0.5908716802998756, 2021.2126934202192, 3420.7303561992103, 0.0, 0.0, 0.0, 0, 0.0, 0.0, -1] 0
angular/angular.js 13293 4329 [-0.016415638540613973, -4.578665456640975, 278.9209475655112, 0.006610300871444609, 42.924376327876814, 6493.558638654849, 0.0, 0.0, 0.0, 0, 0.0, 0.0, -1] 0
angular/angular.js 15184 9910 [0.19106777905212463, 52.98721641352254, 277.32156974027134, 0.059457807508393794, 65.34896628869562, 1099.0813322450572, 0.0, 0.0, 0.0, 0, 0.0, 0.0, -1] 0
angular/angular.js 14694 13675 [0.017720912626052996, 3.157673518986348, 178.18910265061564, 0.03648142585842135, 14.896045065169213, 408.3186091184706, 0.0, 0.0, 0.0, 0, 0.0, 0.0, -1] 0
angular/angular.js 5209 3824 [0.02506609777581367, 9.896728065891365, 394.825239828145, -0.0036243521272478012, -5.504218507595574, 1518.676528755299, 0.0, 0.0, 0.0, 0, 0.0, 0.0, 0] 0
angular/angular.js 14932 10497 [0.09896225445034237, 34.71333948713501, 350.7735315847477, 0.08162124436776073, 335.2965249886834, 4107.956544719391, 0.03600295327267601, 0.0, 0.0, 0, 0.0, 0.0, -1] 0
angular/angular.js 4194 14292 [-0.0006374719258876876, -0.3118990174437606, 489.27490729797603, 0.030790390626002334, 100.22614854166486, 3255.111302713528, 0.0, 0.0, 0.0, 0, 0.0, 0.0, -1] 0
angular/angular.js 12898 8065 [0.05515747488320091, 7.400303401183923, 134.16682719530735, 0.002900019362066778, 2.019888338607291, 696.508569917879, 0.0, 0.0, 0.0, 0, 0.0, 0.0, 0] 0
angular/angular.js 12436 7571 [0.024044269164273675, 6.341604398400308, 263.74702242241653, -0.01903945441799716, -26.478616425962247, 1390.7234863270648, 0.0, 0.0, 0.0, 0, 0.0, 0.0, 0] 0
angular/angular.js 7811 4343 [-0.007264849396555996, -2.754447785382893, 379.1472658316465, -0.004676571980897168, -3.149284854401722, 673.4173807793189, 0.0, 0.0, 0.0, 0, 0.0, 0.0, 0] 0
angular/angular.js 12745 9037 [0.01588326193562912, 6.584866154912738, 414.57895623704695, 0.01553924883696439, 24.39657653207354, 1569.997159324687, 0.006415127696749067, 0.0, 0.0, 0, 0.0, 0.0, -1] 0
angular/angular.js 12867 15420 [0.043755262819642406, 28.49513018696642, 651.238921919457, 0.03280035658220404, 83.15696064903386, 2535.2456288280414, 0.006943013243847872, 0.0, 0.0, 0, 0.0, 0.0, -1] 0
angular/angular.js 3020 2793 [0.012717951158895974, 3.772306050878912, 296.61271723317265, 0.02485621634106162, 309.3962247121101, 12447.438518669396, 0.0, 0.0, 0.0, 0, 0.0, 0.0, 0] 0
angular/angular.js 9706 10068 [0.020757041599811687, 7.041487199888014, 339.233660347431, 0.03865493784887942, 79.12722317434182, 2047.0146267907057, 0.0, 0.0, 0.0, 0, 0.0, 0.0, 0] 0
angular/angular.js 10373 4694 [0.004711000067983961, 1.6927851769179922, 359.32607779443475, -0.004190113734081937, -7.592468642712285, 1811.9958369998305, 0.01760769156565168, 0.0, 0.0, 0, 0.0, 0.0, 0] 0
angular/angular.js 3454 15448 [0.06603215265455865, 17.553149694736177, 265.8273127420807, 0.020866685187323618, 43.65532146333771, 2092.1062004547825, 0.0, 0.0, 0.0, 0, 0.0, 0.0, 0] 0
angular/angular.js 9671 9358 [0.0005943432623126631, 0.16464013480947692, 277.0118637651276, 0.0649622077952448, 214.11286799422479, 3295.960455486517, 0.0, 0.0, 0.0, 0, 0.0, 0.0, -1] 0
angular/angular.js 8101 6022 [0.024613549070147057, 10.022311827351423, 407.18678150755375, 0.0219060894497385, 19.100554971352782, 871.9290138560441, 0.0, 0.0, 0.0, 0, 0.0, 0.0, -1] 0
angular/angular.js 3902 16362 [0.0018712127455781768, 0.5538686048298498, 295.9944592824546, 0.003113803417782574, 11.864744414611174, 3810.3704128696695, 0.0, 0.0, 0.0, 0, 0.0, 0.0, 0] 0
angular/angular.js 3075 2673 [-0.0015688894686232272, -0.36098851486265776, 230.09174456339605, 0.16691938078416088, 197.2412154784558, 1181.6555666085492, 0.040416795274343616, 0.0, 0.0, 0, 0.0, 0.0, 0] 0
angular/angular.js 8753 3198 [0.058873634495830475, 14.99997474996673, 254.78255043060153, 0.30875666380088485, 1751.1176771354988, 5671.513792054649, 0.030115284769526348, 0.0, 0.0, 0, 0.0, 0.0, 0] 0
angular/angular.js 4665 15713 [0.036315058200486014, 8.685487134542141, 239.17040381958967, 0.021389249716561712, 17.491110897603225, 817.7524284107939, 0.0, 0.0, 0.0, 0, 0.0, 0.0, 0] 0
angular/angular.js 2504 4915 [0.03161871927066299, 10.427261449150173, 329.7812716540031, 0.10234592083428004, 101.25020075390164, 989.2939545470248, 0.0, 0.0, 0.0, 0, 0.0, 0.0, 0] 0
angular/angular.js 3694 14983 [0.01652378398694867, 6.61058580334568, 400.0648888031373, 0.09436454760810205, 136.70811837064934, 1448.7232953036669, 0.0, 0.0, 0.0, 0, 0.0, 0.0, -1] 0
angular/angular.js 16364 5433 [-0.015199896185424047, -4.362374342424539, 287.00027218658516, 0.06528010731663178, 273.6719923720712, 4192.272403056333, 0.4862404446110372, 0.0, 0.0, 0, 0.0, 0.0, -1] 0
angular/angular.js 13058 13438 [0.008179743624162704, 3.6722443909804303, 448.9437028481842, 0.02051279198851954, 181.80141015087634, 8862.83106915069, 0.008668446029905203, 0.0, 0.0, 0, 0.0, 0.0, -1] 0
angular/angular.js 2611 12554 [0.04329440990688651, 19.461857352481424, 449.52356191799663, 0.003539059327462506, 4.6605125186252065, 1316.8788899525962, 0.0, 0.0, 0.0, 0, 0.0, 0.0, 0] 0
angular/angular.js 5193 4929 [0.023192433104859942, 10.13760201602207, 437.108171022287, 0.027765596603095282, 29.740115050104396, 1071.1138491001846, 0.009524198627656945, 0.0, 0.0, 0, 0.0, 0.0, -1] 0
angular/angular.js 11960 7558 [7.645762238016711e-05, 0.018285353898285627, 239.15671621811765, 0.0450367066286251, 70.96510146352006, 1575.7169379346892, 0.0, 0.0, 0.0, 0, 0.0, 0.0, 0] 0
angular/angular.js 16242 7884 [-0.008259213578847987, -1.4547289960045109, 176.1340813040725, 0.06796581501733842, 110.12888884072038, 1620.3570693976956, 0.0, 0.0, 0.0, 0, 0.0, 0.0, 0] 0
angular/angular.js 6762 6292 [0.012834459983783455, 5.735970976804024, 446.91954192474907, -0.00718148519807819, -5.283952399905998, 735.774321629183, 0.0, 0.0, 0.0, 0, 0.0, 0.0, -1] 0
angular/angular.js 14177 16365 [0.011038123525156438, 3.164783003978153, 286.71386008368665, 0.6860365146288061, 2340.5458958089002, 3411.692884999423, 0.0, 0.0, 0.0, 0, 0.0, 0.0, -1] 0
angular/angular.js 5837 12016 [0.032593101231259726, 10.236822239851032, 314.0794172121613, 0.04003510939379571, 26.367955961430063, 658.6208046059776, 0.0, 0.0, 0.0, 0, 0.0, 0.0, 0] 0
angular/angular.js 12046 11695 [-0.011011238334723384, -4.081723505615194, 370.6870545834691, 0.020397625030986254, 16.931350564638006, 830.0648011186306, 0.0, 0.0, 0.0, 0, 0.0, 0.0, 0] 0
angular/angular.js 7124 7858 [0.3041679029733182, 122.31556368117086, 402.13172555521237, 0.38131493586926485, 992.2039973301207, 2602.059096028437, 0.4225050433510729, 0.4225050433510729, 1.0, 2, 0.0, 0.0, -1] 0
angular/angular.js 9818 1926 [-0.004400455931898312, -1.2787979783853745, 290.6057913489237, 0.0319606663336483, 65.16839442625444, 2039.0186407861254, 0.0, 0.0, 0.0, 0, 0.0, 0.0, -1] 0
angular/angular.js 332 12654 [0.008839185935239002, 4.045556804562461, 457.684320049669, 0.1492230877253272, 220.41116777704713, 1477.058082210139, 0.0, 0.0, 0.0, 0, 0.0, 0.0, -1] 0
angular/angular.js 14218 8851 [-0.009243796955562439, -2.720465406785044, 294.3017268621428, 0.06794124686090786, 444.8436876289341, 6547.476064718632, 0.0, 0.0, 0.0, 0, 0.0, 0.0, -1] 0
angular/angular.js 14901 1359 [0.003893799807320347, 0.6235146085018636, 160.13011437559157, 0.11465137741450276, 345.36872521491256, 3012.338211745072, 0.0, 0.0, 0.0, 0, 0.0, 0.0, -1] 0
angular/angular.js 7271 7034 [0.004780415447959645, 0.7487150362656416, 156.62133227044205, 0.37442752176818367, 566.227978301567, 1512.2498891845114, 0.0, 0.0, 0.0, 0, 0.0, 0.0, -1] 0
angular/angular.js 677 7689 [-0.0177658663832566, -10.359687929846649, 583.1231478589816, 0.007740692948684544, 22.060017735580836, 2849.876345932275, 0.0, 0.0, 0.0, 0, 0.0, 0.0, 0] 0
angular/angular.js 14131 6703 [-0.007162259738921123, -2.0541335386334314, 286.79964334033673, 0.08149387767286968, 84.8372559801665, 1041.0261286218054, 0.002754568932824376, 0.0, 0.0, 0, 0.0, 0.0, -1] 0
angular/angular.js 7176 1910 [0.015474050890998079, 7.690380889785014, 496.98562735494426, 0.20122964453423975, 347.19286725499364, 1725.3564605682036, 0.0, 0.0, 0.0, 0, 0.0, 0.0, 0] 0
angular/angular.js 8697 13604 [-0.0015959544547323318, -0.6679530795716272, 418.5289107662249, 0.010680429266295699, 8.827539552427652, 826.5154267052521, 0.0, 0.0, 0.3333333333333333, 1, 0.0, 0.0, 0] 0
angular/angular.js 15384 11725 [0.00135397241706674, 0.5040333836736985, 372.2626674815442, 0.16805414222194273, 215.4736556492048, 1282.1680727431099, 0.0, 0.0, 0.0, 0, 0.0, 0.0, 0] 0
angular/angular.js 3710 3356 [0.004708046590831527, 1.5595275079253401, 331.2472546389773, 0.03567792742276972, 62.48170357841495, 1751.2705499406059, 0.013025917833216886, 0.0, 0.0, 0, 0.0, 0.0, 0] 0
angular/angular.js 3696 8857 [-0.0035622893914858855, -1.4979839842549914, 420.5115923022074, 0.03791969889142279, 119.36166591026691, 3147.7482522221662, 0.0, 0.0, 0.0, 0, 0.0, 0.0, -1] 0
angular/angular.js 9619 11156 [0.026508299511154312, 7.135249662058444, 269.1704029923169, 0.01454783302225547, 26.512459684653482, 1822.4335984675083, 0.0, 0.0, 0.0, 0, 0.0, 0.0, -1] 0
angular/angular.js 3064 5681 [0.12638317026467347, 34.392491137525596, 272.12872620223357, 0.0005985810658430446, 0.5423889398000837, 906.1244512239632, 0.0, 0.0, 0.0, 0, 0.0, 0.0, 0] 0
angular/angular.js 13273 8005 [0.09875131292412287, 56.2415535989546, 569.5271478787192, 0.050978932494981546, 236.06164050423445, 4630.57245318883, 0.0498542829125985, 0.0, 0.0, 0, 0.0, 0.0, 0] 0
angular/angular.js 312 883 [-0.007731196620970022, -2.3733928848940447, 306.9890731347431, 0.027828831934573136, 42.988041684405, 1544.7303640149848, 0.0, 0.0, 0.0, 0, 0.0, 0.0, -1] 0
angular/angular.js 10284 11888 [-0.016230638720109165, -12.938449899748667, 797.1620909606227, 0.0076075071870927175, 17.988602352684694, 2364.585653393147, 0.0, 0.0, 0.0, 0, 0.0, 0.0, -1] 0
angular/angular.js 12465 8913 [-0.0017427264255156997, -0.6653730349754603, 381.80004918360385, -0.0036299584822317506, -4.174502536330105, 1150.013851883937, 0.016538187263543024, 0.0, 0.0, 0, 0.0, 0.0, -1] 0
angular/angular.js 5579 15104 [-0.003974066082498347, -1.867458406120172, 469.9112615022674, 0.09035754548620532, 367.3524569782476, 4065.542672740379, 0.0021515720926851838, 0.0, 0.0, 0, 0.0, 0.0, -1] 0
angular/angular.js 9351 8603 [0.02284705468968981, 7.179977592143325, 314.2627218108526, 0.02296616234199394, 32.87243959073992, 1431.3422983443875, 0.06355643315641152, 0.0, 0.0, 0, 0.0, 0.0, 0] 0
angular/angular.js 318 12552 [0.007301143967657521, 1.234474039111346, 169.07953665614556, 0.015581723341249989, 32.90011352567222, 2111.455376606175, 0.0, 0.0, 0.0, 0, 0.0, 0.0, 0] 0
angular/angular.js 9221 964 [-0.007387869087311052, -3.510104328111098, 475.11728843975277, 0.0742920693779287, 87.59779617350408, 1179.1002311146867, 0.027304836227058527, 0.0, 0.0, 0, 0.0, 0.0, -1] 0
angular/angular.js 318 11853 [0.005545276187345151, 2.585216628801904, 466.2015996068176, 0.016394792680283495, 41.79297241108568, 2549.16138472103, 0.042807806694213406, 0.0, 0.0, 0, 0.0, 0.0, 0] 0
angular/angular.js 10375 6101 [0.0023922225143645066, 1.3994267357178567, 584.9902035930023, 0.28216320126383965, 474.9924301860823, 1683.3960915475143, 0.014218348044355945, 0.0, 0.0, 0, 0.0, 0.0, 0] 0
angular/angular.js 10620 4948 [-0.01209851773010474, -3.430336904579222, 283.5336510722727, 0.01075839325273024, 8.167443464150336, 759.1694477312049, 0.023443442636396285, 0.0, 0.0, 0, 0.0, 0.0, 0] 0
angular/angular.js 539 2494 [0.020969849301176395, 6.050729358821387, 288.54424616594383, 0.0024766212612721498, 8.61591698063623, 3478.8997071803174, 0.0, 0.0, 0.0, 0, 0.0, 0.0, -1] 0
angular/angular.js 3043 2808 [-0.0048969339626002435, -0.8177665992663425, 166.99563553683564, 0.07278196191072182, 218.82861607251925, 3006.6325546561375, 0.005215162148456904, 0.0, 0.0, 0, 0.0, 0.0, 0] 0
angular/angular.js 10276 7828 [0.01724986118686086, 4.229608801068923, 245.19668623713895, 0.009530317882822251, 3.3693713206589546, 353.54238568810143, 0.033653473244168494, 0.0, 0.0, 0, 0.0, 0.0, -1] 0
angular/angular.js 14402 6995 [0.03427956600002737, 14.416504512932677, 420.55679797466416, 0.06252237231683677, 679.7872950231168, 10872.70475883807, 0.018194491260224672, 0.0, 0.0, 0, 0.0, 0.0, -1] 0
angular/angular.js 7674 8407 [-0.01207711883273345, -2.038035063551943, 168.7517603973653, 0.034504703075821125, 10.499723827076279, 304.2983388091773, 0.0, 0.0, 0.0, 0, 0.0, 0.0, 0] 0
angular/angular.js 6911 6737 [0.011562444462373792, 5.551016755943198, 480.0902416445912, 0.03572594661752039, 164.73364997157526, 4611.0366713359, 0.0012312634773695356, 0.0, 0.0, 0, 0.0, 0.0, -1] 0
angular/angular.js 4662 11030 [0.004114745209906042, 0.9500658599921561, 230.89299860047723, 0.0010243657264875823, 6.1908205897317, 6043.564744165372, 0.0, 0.0, 0.0, 0, 0.0, 0.0, 0] 0
angular/angular.js 4233 7879 [0.030254139275195317, 10.581724697575618, 349.76122114474873, 0.007412992373628091, 3.586067426857337, 483.7543661335553, 0.0, 0.0, 0.0, 0, 0.0, 0.0, 0] 0
angular/angular.js 13695 12254 [0.31999104893031455, 81.16104866494359, 253.63537179009745, -0.01973545575708295, -18.18433989190387, 921.4046088283321, 0.0, 0.0, 0.0, 0, 0.0, 0.0, -1] 0
angular/angular.js 1158 6998 [0.008234937125689587, 1.0518395654859667, 127.72891273263808, 0.03451449864889445, 6.842235075771219, 198.24234288828026, 0.0, 0.0, 0.0, 0, 0.0, 0.0, 0] 0
angular/angular.js 855 758 [0.031671584059404095, 8.11273047488378, 256.15171188366577, -0.008301517097948052, -6.40531670890694, 771.5838723611363, 0.019996721319048453, 0.0, 0.0, 0, 0.0, 0.0, 0] 0
angular/angular.js 3108 11623 [-0.006142136414277907, -3.1678338866699027, 515.7544009126872, 0.001839685890851231, 4.522370159795264, 2458.2295174872174, 0.0, 0.0, 0.0, 0, 0.0, 0.0, 0] 0
angular/angular.js 13445 9214 [0.15084038471448258, 36.40231540024638, 241.33003551502674, 0.08751954687336948, 129.4195070614265, 1478.7497386004675, 0.0, 0.0, 0.0, 0, 0.0, 0.0, -1] 0
angular/angular.js 9883 14264 [7.635500897902204e-05, 0.021190459347995114, 277.525464685847, 0.01797869530119577, 131.2769013824723, 7301.803561559944, 0.0, 0.0, 0.0, 0, 0.0, 0.0, 0] 0
angular/angular.js 24 14402 [0.008658769125273394, 1.9544724738558605, 225.72174469360846, 0.017972641706315424, 30.02876444212703, 1670.8041551607405, 0.011271776135760744, 0.0, 0.0, 0, 0.0, 0.0, 0] 0
angular/angular.js 8303 7007 [0.04426259989240988, 23.29406377832972, 526.2696686356231, 0.10082894101321246, 982.3423901625551, 9742.662972467702, 0.0, 0.0, 0.0, 0, 0.0, 0.0, -1] 0
angular/angular.js 6405 3353 [0.009991379537220662, 4.819886119884399, 482.4044669636445, 0.11223345883085066, 395.09151167044183, 3520.2649529485884, 0.0, 0.0, 0.0, 0, 0.0, 0.0, 0] 0
angular/angular.js 10631 7083 [0.015425663666921266, 2.483146250950332, 160.97500273360566, 0.021961489202179336, 55.04633031136123, 2506.493517110795, 0.0, 0.0, 0.0, 0, 0.0, 0.0, -1] 0
angular/angular.js 13634 15522 [0.5689739244133898, 160.5340050764259, 282.1465065238902, 0.052286749935148175, 142.75366200379446, 2730.2072165673594, 0.012975519929936412, 0.012103376883195321, 0.5, 2, 0.0, 0.0, -1] 0
angular/angular.js 3028 15442 [0.0010473369851868113, 0.16024807897550544, 153.00527074093762, 0.11951907697258358, 77.0297334018983, 644.4973919901348, 0.0, 0.0, 0, 0, 0.0, 0.0, 0] 0
angular/angular.js 6346 16203 [0.046382861093844194, 14.121481374011932, 304.4547283411565, 0.04523799410519754, 93.85516719964261, 2074.6978078070724, 0.0, 0.0, 0.0, 0, 0.0, 0.0, 0] 0
angular/angular.js 15463 10989 [-0.004137977160647091, -1.3919406756679051, 336.38191358461614, 0.024131219332149678, 24.053113246558063, 996.7632764628866, 0.0, 0.0, 0.0, 0, 0.0, 0.0, 0] 0
angular/angular.js 2236 4784 [-0.012651461495099676, -3.069694961273994, 242.63560083259844, -0.015428401610703031, -6.061086476728731, 392.85252158097944, 0.0, 0.0, 0.0, 0, 0.0, 0.0, 0] 0
angular/angular.js 13826 14696 [0.03434067334167151, 8.290800633638574, 241.42801601906572, 0.010223525386888041, 15.132410992158938, 1480.1558581315483, 0.0, 0.0, 0.0, 0, 0.0, 0.0, 0] 0
angular/angular.js 14995 7930 [-0.007437411511725311, -2.391348895481876, 321.52972734019625, 0.04342389204502643, 65.93739793532991, 1518.4589595736634, 0.0, 0.0, 0.0, 0, 0.0, 0.0, 0] 0
angular/angular.js 7649 6216 [-0.009149995108624706, -1.9472599692464658, 212.81541095153105, -0.00015296059567827038, -0.04545248640407186, 297.1516043234712, 0.0, 0.0, 0.0, 0, 0.0, 0.0, 0] 0
angular/angular.js 11381 15135 [0.2738204247377141, 86.88605156733745, 317.31033815524705, 0.08857694603404118, 354.0432513682755, 3997.0135257566058, 0.0, 0.0, 0.5, 1, 0.0, 0.0, -1] 0
angular/angular.js 6083 14011 [-0.008960396841906209, -6.547582869128984, 730.7246525630521, -0.007526905244656642, -19.218836459340434, 2553.3517208794287, 0.0, 0.0, 0.0, 0, 0.0, 0.0, 0] 0
angular/angular.js 10680 10298 [0.057489702594749094, 17.776109552406858, 309.2051054379687, 0.018247289439891873, 7.843842335207803, 429.8634249786024, 0.0, 0.0, 0.0, 0, 0.0, 0.0, 0] 0
angular/angular.js 936 10138 [0.02869441461779729, 10.705644626207981, 373.09158485386774, 0.0, 0.0, 0.0, 0.016534746999869992, 0.0, 0.0, 0, 0.0, 0.0, -1] 0
angular/angular.js 7702 10750 [0.05617683093048215, 19.72895761813398, 351.19385147496524, -0.01857234615368623, -18.664353794614357, 1004.9540128192078, 0.03240773240497841, 0.0, 0.0, 0, 0.0, 0.0, 0] 0
angular/angular.js 7374 9260 [0.032748885723712214, 11.300420373504519, 345.06274408360457, 0.0029801691814813815, 4.258693346117224, 1429.0105986534343, 0.006410636395664568, 0.0, 0.0, 0, 0.0, 0.0, -1] 0
angular/angular.js 7502 884 [-0.02054486045884918, -2.41533420180418, 117.56391369228483, -0.003633930377403857, -1.2849006983533633, 353.5842916372324, 0.0, 0.0, 0.0, 0, 0.0, 0.0, -1] 0
angular/angular.js 14640 7948 [0.02892870621126832, 11.455365423080776, 395.9860955903613, 0.05852671964363822, 114.23656214754402, 1951.870237100524, 0.035115637931710506, 0.0, 0.0, 0, 0.0, 0.0, -1] 0
angular/angular.js 5901 4526 [0.00812193789718226, 2.252129971066156, 277.28973055155797, 0.006282557439700707, 20.09540383524524, 3198.6024844370636, 0.0, 0.0, 0.0, 0, 0.0, 0.0, -1] 0
angular/angular.js 12745 7816 [0.03556152238945778, 11.677174799457305, 328.3654358655637, 0.010936147265819656, 12.75095782516424, 1165.9460608231454, 0.0, 0.0, 0.0, 0, 0.0, 0.0, 0] 0
angular/angular.js 8941 3331 [0.00431259841675436, 1.665847971963043, 386.2747724182378, 0.034887151934603386, 543.1354851605371, 15568.35267546788, 0.10822413955257007, 0.11426702794480936, 0.07692307692307693, 2, 0.014240506329113924, 0.08035714285714286, 0] 0
angular/angular.js 11784 3634 [0.02372321197350161, 6.9213867378550935, 291.755886411425, 0.038078225388364036, 100.83448807701056, 2648.087904533062, 0.0, 0.0, 0.0, 0, 0.0, 0.0, -1] 0
angular/angular.js 13156 15680 [0.0008836012979432999, 0.2632534932060843, 297.93244285498673, 0.008252968186272573, 11.803467635920791, 1430.2087890698376, 0.0, 0.0, 0.0, 0, 0.0, 0.0, -1] 0
angular/angular.js 9718 8845 [0.01655496622222864, 3.913049541349293, 236.36711116300398, 0.03780515411557482, 112.5964981346194, 2978.3372338702443, 0.07019876987786154, 0.0, 0.0, 0, 0.0, 0.0, -1] 0
angular/angular.js 7908 8112 [-0.007295138107772028, -3.3159671731703453, 454.5448111033855, 0.01095362484578324, 73.86225246448795, 6743.178948010284, 0.0, 0.0, 0.0, 0, 0.0, 0.0, 0] 0
angular/angular.js 7265 15326 [0.010023026847105545, 4.623436555537466, 461.2814697660542, 0.05848997841275574, 273.34200530034707, 4673.313492636467, 0.03139006719017533, 0.0, 0.0, 0, 0.0, 0.0, 0] 0
angular/angular.js 2960 10056 [0.004886751827519501, 1.684255156114813, 344.6573952517935, -0.0022661960103125835, -1.9090218399643164, 842.390433694656, 0.08917226970874556, 0.0, 0.0, 0, 0.0, 0.0, 0] 0
angular/angular.js 9601 2126 [0.00821192942366363, 1.8301931166510153, 222.87004944015968, 0.0031885963616742987, 1.0933375173809483, 342.88990934144084, 0.0, 0.0, 0.0, 0, 0.0, 0.0, 0] 0
angular/angular.js 2834 7086 [0.009043479604325512, 0.9312690186825535, 102.97684734503365, 0.033826311293689425, 118.0412828441223, 3489.629177099895, 0.0012582138043801326, 0.0, 0.0, 0, 0.0, 0.0, -1] 0
angular/angular.js 3077 5386 [0.005567770048503532, 2.1354805075887646, 383.5432298722044, -0.005987560061835378, -19.837268664530505, 3313.080530243524, 0.0, 0.0, 0.0, 0, 0.0, 0.0, -1] 0
angular/angular.js 8429 15828 [0.005308472649502676, 1.9479442488573824, 366.95003958245417, 0.052670097426260505, 84.16317730244927, 1597.9309212457767, 0.0, 0.0, 0.0, 0, 0.0, 0.0, -1] 0
angular/angular.js 14033 15055 [0.011988512008955444, 4.2605793704326285, 355.388505867114, 0.06502335627806884, 389.56149279738696, 5991.100968880297, 0.011413493391152559, 0.0, 0.0, 0, 0.0, 0.0, -1] 0
angular/angular.js 4323 14545 [0.008013225606800818, 2.4232802808953657, 302.41009049323776, 0.07679763697701707, 91.54381417528317, 1192.0134235729042, 0.0, 0.0, 0.0, 0, 0.0, 0.0, 0] 0
angular/angular.js 6595 7475 [0.009968749054325533, 2.9938495626155732, 300.32349558609, 0.16334279915224262, 1193.4041878701985, 7306.132832693125, 0.0, 0.0, 0.0, 0, 0.0, 0.0, -1] 0
angular/angular.js 7761 9623 [0.006080037667687912, 2.2026088974911646, 362.2689558646702, 0.07129730698134781, 250.8814022114996, 3518.8061489774504, 0.13526245463927458, 0.0, 0.0, 0, 0.0, 0.0, -1] 0
angular/angular.js 5200 13402 [0.031979742230195375, 7.777584218574213, 243.2034680764435, 0.002596059880566667, 1.8772286737123143, 723.1068465580053, 0.0, 0.0, 0.0, 0, 0.0, 0.0, 0] 0
angular/angular.js 10585 12948 [-0.00025456727155702836, -0.09107859733474208, 357.7781101933152, 0.031030761297636603, 73.44511443148488, 2366.848616024083, 0.0, 0.0, 0.0, 0, 0.0, 0.0, -1] 0
angular/angular.js 1583 5773 [-0.011907072884117301, -4.4704440014610105, 375.4444140023768, 0.0002760150973028325, 0.7915511015236932, 2867.781904897889, 0.0008849331708036652, 0.0, 0.0, 0, 0.0, 0.0, 0] 0
angular/angular.js 2858 10297 [0.16533300666317097, 49.33453639613129, 298.3949629406993, 0.0, 0.0, 0.0, 0.0, 0.0, 0.0, 0, 0.0, 0.0, 0] 0
angular/angular.js 13050 13693 [0.1023836179417546, 18.820462554091385, 183.82298782211652, 0.02592139760850755, 130.58561583143427, 5037.753666051376, 0.0, 0.0, 0.0, 0, 0.0, 0.0, -1] 0
angular/angular.js 14721 100 [-0.007682507554158786, -2.482589438893009, 323.14832382417956, 0.042724089518966876, 206.9261961738409, 4843.314357394986, 0.029373187289353245, 0.0, 0.0, 0, 0.0, 0.0, -1] 0
angular/angular.js 14341 13417 [0.016246003105158738, 3.2180051082565853, 198.0798038401669, 0.003635423106601509, 2.9493508047798724, 811.2813057231748, 0.014801422966198708, 0.0, 0.0, 0, 0.0, 0.0, 0] 0
angular/angular.js 7579 12722 [-0.004136593346909123, -0.7311105744174765, 176.7421917273461, 0.0021893787286648343, 1.6916179251539432, 772.647465240313, 0.0, 0.0, 0.0, 0, 0.0, 0.0, 0] 0
angular/angular.js 15462 14242 [0.05297665536291052, 22.243521373474003, 419.8740222669269, 0.3575913782554028, 2304.2556861114863, 6443.823386775605, 0.019268299009711182, 0.0, 0.0, 0, 0.0, 0.0, -1] 0
angular/angular.js 12545 11611 [0.10626393778657456, 31.256885543923058, 294.1438666304729, 0.04999616050370844, 12.171435739376438, 243.44740909601703, 0.0, 0.0, 0.0, 0, 0.0, 0.0, 0] 0
angular/angular.js 12852 2096 [0.004002440259495092, 1.1669503796698595, 291.55972457089723, 0.002529925753046856, 8.434304291382782, 3333.8149474248908, 0.03503425373763638, 0.0, 0.0, 0, 0.0, 0.0, -1] 0
angular/angular.js 5557 10820 [0.02862366343781111, 11.439692651445075, 399.6585788642812, 0.052005298377787015, 112.9909420111851, 2172.6813523955634, 0.09244428308708039, 0.0, 0.0, 0, 0.0, 0.0, 0] 0
angular/angular.js 4622 13752 [0.0647705395693557, 10.39912185964185, 160.55326895195253, -0.011515170469439145, -7.061682730563587, 613.2503855939469, 0.0, 0.0, 0.0, 0, 0.0, 0.0, 0] 0
angular/angular.js 14277 6761 [0.020453438131506872, 8.915271718207967, 435.8813252269167, 0.01699159610242488, 57.90089777456409, 3407.6197095045727, 0.0, 0.0, 0.0, 0, 0.0, 0.0, -1] 0
angular/angular.js 14795 4929 [0.028609051080240398, 6.5780760647189025, 229.9298933847626, -0.001512081160501005, -2.2345301733395404, 1477.784547358002, 0.003987279620115702, 0.0, 0.0, 0, 0.0, 0.0, -1] 0
angular/angular.js 12234 6706 [0.01753337995769989, 5.142851717012492, 293.31775900709766, 0.040150791376907746, 174.34573341189886, 4342.273898794726, 0.0, 0.0, 0.0, 0, 0.0, 0.0, -1] 0
angular/angular.js 11497 1885 [0.006349258651653935, 0.7733055398573028, 121.79461922784677, -0.02253800936930603, -9.515213083379338, 422.18515963250405, 0.0, 0.0, 0.0, 0, 0.0, 0.0, 0] 0
angular/angular.js 12794 1931 [-0.00043522562884845743, -0.10675059613613935, 245.27644757177012, 0.037660562697461375, 50.922144478630614, 1352.1344566119076, 0.0, 0.0, 0.0, 0, 0.0, 0.0, 0] 0
angular/angular.js 328 11103 [0.014762846823639687, 4.452539950383341, 301.6044265428201, 0.05020597036731295, 104.27268500196985, 2076.8981107047284, 0.0, 0.0, 0.0, 0, 0.0, 0.0, 0] 0
angular/angular.js 1984 14856 [-0.00891880907366282, -1.5380760466779348, 172.45307461731213, 0.011454149327025745, 12.50379390074103, 1091.6388064924802, 0.0, 0.0, 0.0, 0, 0.0, 0.0, 0] 0
angular/angular.js 13183 2116 [0.005550703074031185, 3.028322751433594, 545.5746256004073, 0.0772708076652194, 629.2748485808796, 8143.759171086346, 0.005809600334562461, 0.0, 0.0, 0, 0.0, 0.0, -1] 0
angular/angular.js 4122 6386 [0.02645325758852807, 10.41955319389213, 393.8854471522916, 0.04953787014260881, 79.44630391668414, 1603.748883187255, 0.0, 0.0, 0.0, 0, 0.0, 0.0, -1] 0
angular/angular.js 4807 15244 [-0.008956433905782093, -2.929200234702169, 327.0498354050418, 0.007252254906187965, 63.41647477860821, 8744.38027881484, 0.010205146801073654, 0.0, 0.0, 0, 0.0, 0.0, 0] 0
angular/angular.js 8735 4616 [0.01298419197993943, 5.291428088218225, 407.5284851297238, 0.03268848232216823, 40.277426252634605, 1232.1595678769036, 0.0023702920673820986, 0.0, 0.0, 0, 0.0, 0.0, -1] 0
angular/angular.js 12040 677 [-0.010810930149866472, -4.805458946368521, 444.50004576413573, 0.012751808092033365, 21.849852270265046, 1713.4709142867075, 0.0, 0.0, 0.0, 0, 0.0, 0.0, 0] 0
angular/angular.js 11413 6851 [0.027006574018667174, 4.826653681034406, 178.72143566593016, 0.0036952949693467357, 1.47956979656123, 400.3928803612645, 0.0, 0.0, 0.0, 0, 0.0, 0.0, 0] 0
angular/angular.js 7386 7988 [0.020203410682067966, 18.682895154713847, 924.7396614719272, 0.03555288326201173, 93.23843773129079, 2622.528165835599, 0.0, 0.0, 0.0, 0, 0.0, 0.0, 0] 0
angular/angular.js 4602 11958 [0.031922925535196524, 13.918991496260542, 436.01866880634736, 0.031254921838833216, 47.194880879423806, 1509.9983651466282, 0.0, 0.0, 0.0, 0, 0.0, 0.0, -1] 0
angular/angular.js 12129 13959 [0.2718998034318417, 62.46830825533652, 229.7475300345177, 0.04452978567718924, 25.110965732748337, 563.913914043643, 0.0, 0.0, 0.0, 0, 0.0, 0.0, 0] 0
angular/angular.js 13421 9889 [0.010738897466902325, 1.9040630055356125, 177.30525981871085, -0.018788076592581738, -19.84751104590549, 1056.3886594832204, 0.0, 0.0, 0.0, 0, 0.0, 0.0, 0] 0
angular/angular.js 14825 8697 [0.0060119718845668595, 3.463281153963369, 576.0640968487971, 0.0994159800817297, 191.84247323573942, 1929.6945327906649, 0.0, 0.0, 0.0, 0, 0.0, 0.0, -1] 0
angular/angular.js 4246 15711 [0.0008592693142237683, 0.13081393588515125, 152.23857493773494, 0.09439778928427627, 95.23783722208127, 1008.899021303086, 0.0, 0.0, 0.0, 0, 0.0, 0.0, -1] 0
angular/angular.js 7080 10766 [0.0071167606700714495, 3.074879058085569, 432.061607890869, 0.06853624049828477, 414.25315729421135, 6044.293563265681, 0.054424245049197455, 0.0, 0.0, 0, 0.0, 0.0, -1] 0
angular/angular.js 14794 6907 [0.015314933458048942, 4.586849250475627, 299.50174207678026, 0.2314076420458544, 353.0599331686864, 1525.7055905644038, 0.0, 0.0, 0.0, 0, 0.0, 0.0, 0] 0
angular/angular.js 12585 5669 [0.11121573861849596, 46.04936944827213, 414.05443168646815, 0.0061793695671694794, 9.015786443762654, 1459.0139569678502, 0.3404648667546784, 0.0, 0.0, 0, 0.0, 0.0, -1] 0
angular/angular.js 11132 16237 [0.00343273181285604, 1.1776328962596219, 343.05997685261315, 0.12128396979138993, 951.3046115141498, 7843.613736839308, 0.004500874245106762, 0.0, 0.0, 0, 0.0, 0.0, -1] 0
angular/angular.js 11826 7168 [0.0179023509816656, 4.605612596310112, 257.26300422926994, 0.14160817412216725, 208.1978710908025, 1470.239076108611, 0.0, 0.0, 0.0, 0, 0.0, 0.0, -1] 0
angular/angular.js 6613 2338 [0.06324464645184895, 17.625167847651863, 278.6823681759485, 0.10519579811970763, 135.53646593195833, 1288.4209099086308, 0.0, 0.0, 0.0, 0, 0.0, 0.0, 0] 0
angular/angular.js 991 13504 [-0.007732358493369798, -2.6894174332050897, 347.81333994164424, -0.011949983370589832, -13.643960443198559, 1141.7556008301888, 0.0, 0.0, 0.0, 0, 0.0, 0.0, -1] 0
angular/angular.js 2574 4536 [0.001994857559770405, 0.5465804096230075, 273.99470550965816, -0.009827493770163545, -25.403790294897533, 2584.9713964738307, 0.0, 0.0, 0, 0, 0.0, 0.0, 0] 0
angular/angular.js 2238 15313 [0.005429907282758896, 1.430847564898384, 263.5123383122264, 0.10084581498617344, 115.55049832142245, 1145.8135207421856, 0.0, 0.0, 0.0, 0, 0.0, 0.0, 0] 0
angular/angular.js 10447 8108 [-0.03439422955615474, -15.805630573755275, 459.5430913185525, 0.04758031698411004, 68.55127323344256, 1440.748561140019, 0.0, 0.0, 0.0, 0, 0.0, 0.0, -1] 0
angular/angular.js 4125 13524 [-0.005042735581073917, -2.407855868236578, 477.49001103163, -0.003737020592459192, -2.9604769757755713, 792.2024785599036, 0.08480481717750375, 0.0, 0.0, 0, 0.0, 0.0, 0] 0
angular/angular.js 3927 9650 [0.02119623716205009, 3.7964613733075425, 179.1101573492845, 0.18853615680676178, 1176.0157232350664, 6237.613745571422, 0.0, 0.0, 0.0, 0, 0.0, 0.0, 0] 0
angular/angular.js 7792 4201 [0.036514520963765264, 11.301471414841354, 309.5062215400889, 0.021303486490171858, 63.99972951001547, 3004.190395761796, 0.0, 0.0, 0.0, 0, 0.0, 0.0, -1] 0
angular/angular.js 8459 4507 [0.13825626573372077, 36.98542803256786, 267.5135758678827, 0.060413519333306145, 64.6115979844941, 1069.4890596925304, 0.16217072648161546, 0.0, 0.0, 0, 0.0, 0.0, 0] 0
angular/angular.js 4063 13772 [-0.015112167886806634, -5.6132987694437695, 371.44232458827724, -0.018170341410451193, -20.244435145324143, 1114.1472076952816, 0.0, 0.0, 0.0, 0, 0.0, 0.0, 0] 0
angular/angular.js 1874 4512 [0.02377128973507866, 5.211881140644263, 219.25108812893853, -0.007730217846269297, -2.6068911060192894, 337.2338474623207, 0.0, 0.0, 0.0, 0, 0.0, 0.0, 0] 0
angular/angular.js 13084 16457 [0.0460171328514197, 10.637595853354926, 231.1659852364474, 0.03501010000640539, 34.69919290745591, 991.1195026894354, 0.0, 0.0, 0.0, 0, 0.0, 0.0, 0] 0
angular/angular.js 14890 10265 [0.028209653679909415, 13.323989682428342, 472.3202146901056, 0.09997754224202608, 520.1852428813829, 5203.020910657277, 0.09389430463671672, 0.0, 0.0, 0, 0.0, 0.0, -1] 0
angular/angular.js 14965 12329 [-0.0195020085147292, -8.671235078961406, 444.6329244709496, 0.057553624810553115, 76.5594316465449, 1330.2277988320006, 0.015150930614104061, 0.0, 0.0, 0, 0.0, 0.0, -1] 0
angular/angular.js 12174 6067 [-0.0038202598894050677, -1.3667906163343835, 357.77424989461514, 0.04504353548316638, 71.77098275336252, 1593.3692145498812, 0.005240347107984326, 0.0, 0.0, 0, 0.0, 0.0, 0] 0
angular/angular.js 8729 10056 [0.007331298666898325, 3.1926908311729334, 435.4877595682069, -0.004201759990345672, -3.8190764532986603, 908.9230375065928, 0.029830842698735465, 0.0, 0.0, 0, 0.0, 0.0, 0] 0
angular/angular.js 4360 3958 [-0.01485132106914625, -3.2015801131653974, 215.57544263295932, -0.005380699022807411, -5.100384339517785, 947.9036678874911, 0.0, 0.0, 0.0, 0, 0.0, 0.0, 0] 0
angular/angular.js 14341 1299 [-0.0105527337888087, -3.2248744580279336, 305.59611590391404, 0.041444389368179166, 81.79279017991009, 1973.5552007604258, 0.05041116069833767, 0.0, 0.0, 0, 0.0, 0.0, -1] 0
angular/angular.js 7922 6299 [0.05139410168914419, 24.10757433431561, 469.0727834904015, 0.0337692285126341, 37.31525111790303, 1105.00751013433, 0.006367339078397633, 0.0, 0.0, 0, 0.0, 0.0, 0] 0
angular/angular.js 15452 14141 [-0.004436087464579179, -1.3537675788381578, 305.171525504757, 0.5985523696523547, 4667.560792847961, 7798.082556349961, 0.0, 0.0, 0.0, 0, 0.0, 0.0, -1] 0
angular/angular.js 9491 14885 [0.013994966908909069, 4.313898913708101, 308.24645329900085, 0.05231938364867456, 94.16095633483692, 1799.7336697834428, 0.0, 0.0, 0.0, 0, 0.0, 0.0, -1] 0
angular/angular.js 2677 12347 [0.004959387060049068, 1.2921082238015877, 260.5378866695683, 0.032050584657250185, 59.739245442087515, 1863.9050139315902, 0.0, 0.0, 0.0, 0, 0.0, 0.0, 0] 0
angular/angular.js 1508 3689 [-0.01259569345555414, -4.816955820772296, 382.4287910601883, 0.05650187297891949, 273.7963859872557, 4845.793095910422, 0.048995458832039436, 0.0, 0.0, 0, 0.0, 0.0, -1] 0
angular/angular.js 5488 10632 [0.024572676861407343, 4.628651357829002, 188.36577650595882, 0.0003020723858990791, 0.23079067595782873, 764.0244084904033, 0.0, 0.0, 0.0, 0, 0.0, 0.0, 0] 0
angular/angular.js 8052 1836 [0.02988944251200199, 11.410604445484887, 381.7603637439207, -0.004399812294446794, -11.998225413537831, 2726.9857463422577, 0.003913526884204247, 0.0, 0.0, 0, 0.0, 0.0, -1] 0
angular/angular.js 4612 13901 [-0.0063694258415594816, -2.9274658309891852, 459.61220113246947, 0.015541365597439476, 33.48284135687904, 2154.4336723148394, 0.0, 0.0, 0.0, 0, 0.0, 0.0, 0] 0
angular/angular.js 14560 6095 [-0.006772172417842743, -1.5280280473826648, 225.63336446614187, 0.04657192248956635, 139.80704735953012, 3001.959976869143, 0.0, 0.0, 0.0, 0, 0.0, 0.0, -1] 0
angular/angular.js 11593 2108 [0.04195001023528798, 20.688639556688493, 493.17364741154205, 0.011978511007483287, 4.979744674484708, 415.7231788970876, 0.0009654693223882801, 0.0, 0.0, 0, 0.0, 0.0, 0] 0
angular/angular.js 9126 9533 [0.00021021298738907338, 0.08047318480718522, 382.81737872951294, 0.08490685442590265, 272.2983352360179, 3207.0241805230216, 0.019717736359830006, 0.0, 0.0, 0, 0.0, 0.0, 0] 0
angular/angular.js 7990 6804 [0.015334138805774807, 4.201855152935403, 274.01963723929464, 0.14539464283052286, 158.03124372639405, 1086.9124243497806, 0.02511283858937519, 0.0, 0.0, 0, 0.0, 0.0, -1] 0
angular/angular.js 14177 15676 [-0.003338989401914729, -0.8398866427882365, 251.53917598738326, 0.42069566884468945, 2644.6905064196617, 6286.469536714001, 0.0, 0.0, 0.0, 0, 0.0, 0.0, -1] 0
angular/angular.js 15244 7591 [0.003090923831224, 0.9963477946421503, 322.34627866827714, 0.0464121285176082, 134.4076209813413, 2895.958993355555, 0.009385292948505078, 0.0, 0.0, 0, 0.0, 0.0, -1] 0
angular/angular.js 10079 16453 [0.02597616609848004, 8.443999323462187, 325.0671901099476, 0.015407959056522709, 25.799913545302026, 1674.4536671377025, 0.0, 0.0, 0.0, 0, 0.0, 0.0, 0] 0
angular/angular.js 3378 7214 [0.21706230882596514, 40.09850230314501, 184.7326812288491, 0.0137827205896792, 106.05030628576249, 7694.439250634977, 0.06539413388477244, 0.0, 0.0, 0, 0.0, 0.0, -1] 0
angular/angular.js 13233 5567 [0.013077702606359017, 3.30575918973188, 252.77828141805722, 0.0023746531217632206, 2.5353877104773668, 1067.687607609316, 0.0, 0.0, 0.0, 0, 0.0, 0.0, 0] 0
angular/angular.js 891 13504 [0.0023360836401048373, 0.6225004451944387, 266.4718139828686, 0.005679581486569776, 4.997601771713884, 879.9243013823227, 0.00605425860006835, 0.0, 0.0, 0, 0.0, 0.0, -1] 0
angular/angular.js 15522 10653 [0.036333496078216676, 12.942963257567227, 356.22675092163865, -0.014135856299816209, -28.66231514555196, 2027.6320399440267, 0.0011140474130756793, 0.0, 0.0, 0, 0.0, 0.0, 0] 0
angular/angular.js 5938 15337 [0.0002971617780107302, 0.10075769474958628, 339.06680537477473, 0.026917444885637458, 6.664298750025532, 247.5828882845211, 0.0, 0.0, 0.0, 0, 0.0, 0.0, 0] 0
angular/angular.js 4125 10574 [-0.0027224509138106118, -0.6633150730012644, 243.64629299149527, 0.00996142023609891, 5.033944769369867, 505.3440824760607, 0.0, 0.0, 0.0, 0, 0.0, 0.0, 0] 0
angular/angular.js 8821 5517 [0.0670356689874511, 18.25200039031687, 272.27296551233934, 0.05499768356269122, 39.44244044793609, 717.1654857604342, 0.0, 0.0, 0.0, 0, 0.0, 0.0, 0] 0
angular/angular.js 13868 13905 [0.06272503616898208, 18.77416725199803, 299.3089904551059, 0.09232437043329605, 241.8922198374096, 2620.0256628034704, 0.0, 0.0, 0.0, 0, 0.0, 0.0, 0] 0
angular/angular.js 9258 3544 [0.011599586091391117, 4.381001202323018, 377.68599394891106, 0.08871114477958283, 148.27478474397196, 1671.4335624050914, 0.0002822051603278268, 0.0, 0.0, 0, 0.0, 0.0, 0] 0
angular/angular.js 4406 3305 [0.001114158237638634, 0.32411004223606926, 290.9012663434537, 0.020595745795072902, 16.419355703980365, 797.2207400184726, 0.0, 0.0, 0.0, 0, 0.0, 0.0, 0] 0
angular/angular.js 12247 15220 [0.0030579423849143696, 0.8633826842749233, 282.34105669688745, 0.020075884376225536, 98.80549671557254, 4921.601203909153, 0.0, 0.0, 0.0, 0, 0.0, 0.0, -1] 0
angular/angular.js 5923 13773 [-0.0006812907434017662, -0.3674752587927644, 539.3809652512177, 0.016628171833824434, 77.32155454932548, 4650.033408485757, 0.0, 0.0, 0.0, 0, 0.0, 0.0, -1] 0
angular/angular.js 8589 14792 [0.016374427405246975, 7.363057961992343, 449.66811844870654, 0.020762799106073572, 23.55753618140925, 1134.6030976390923, 0.0, 0.0, 0.0, 0, 0.0, 0.0, -1] 0
angular/angular.js 15383 12866 [0.0029636476001676107, 1.7953512707354955, 605.7910767238178, 0.01697335266289103, 25.431453644210546, 1498.3164581156393, 0.0, 0.0, 0.0, 0, 0.0, 0.0, -1] 0
angular/angular.js 2493 7634 [0.014513293762800302, 3.606972640513393, 248.52887976116023, 0.034348291084051734, 34.30106858758279, 998.6251864363969, 0.16679529556727715, 0.0, 0.0, 0, 0.0, 0.0, 0] 0
angular/angular.js 16343 2529 [0.0075444454845730305, 1.8262578457524652, 242.06654412001762, 0.038121697761857316, 89.46563940946187, 2346.842996561836, 0.03007301017807276, 0.0, 0.0, 0, 0.0, 0.0, 0] 0
angular/angular.js 2869 10404 [0.0023495678869656918, 0.7124037441904802, 303.2062823732672, 0.020609123861285394, 22.04517468350165, 1069.68034312773, 0.0, 0.0, 0.0, 0, 0.0, 0.0, -1] 0
angular/angular.js 5577 7787 [0.028156850037474146, 7.070176438951486, 251.0996943742549, 0.02921835941599064, 48.52292004564033, 1660.699677035415, 0.014948320177459742, 0.0, 0.0, 0, 0.0, 0.0, -1] 0
angular/angular.js 7481 15448 [0.017270056391597358, 4.547475584902313, 263.31561876745576, 0.0818132789999907, 363.58272313677713, 4444.055140936454, 0.0, 0.0, 0.0, 0, 0.0, 0.0, 0] 0
angular/angular.js 10493 2359 [0.08621925449640941, 16.77396613705657, 194.55011801053232, 0.01355670053068295, 42.64432088704384, 3145.6268278942007, 0.0, 0.0, 0.0, 0, 0.0, 0.0, -1] 0
angular/angular.js 11948 2757 [0.14258152501401147, 42.192022346676524, 295.9150727454368, 0.09549384187647182, 45.15561645591332, 472.8641718523103, 0.014941659673045709, 0.0, 0.0, 0, 0.0, 0.0, 0] 0
angular/angular.js 2821 7529 [-0.00037768389424074555, -0.1424828317468125, 377.25419039444193, 0.13168518382669722, 304.4288373271792, 2311.7926290615906, 0.02035418986242537, 0.0, 0.0, 0, 0.0, 0.0, 0] 0
lord/slate 299 197 [3.0938048932035507e-07, 4.975713827588511e-05, 160.8283004050813, 2.4295676772957974e-06, 0.0012852977022004921, 529.0232143815307, 0.0, 0.0, 0.5, 2, 0.11940298507462686, 0.16842105263157894, -1] 0
lord/slate 485 637 [2.143377671823447e-05, 0.0025406507422334555, 118.53490757286998, 0.279598905484361, 237.67990084759282, 850.0745038177095, 0.0, 0.0, 0.08333333333333333, 1, 0.11471103327495621, 0.9290780141843972, 0] 0
lord/slate 930 67 [-1.1566008483059116e-05, -0.0021319371250036016, 184.32781958670338, -4.028057862976178e-06, -0.0011627475346748378, 288.6620734429391, 0.0, 0.0, 1.0, 1, 0.0, 0.0, 0] 0
lord/slate 967 188 [-8.104318342198337e-05, -0.01001185150321838, 123.53724373199553, 2.1575135081595378e-07, 6.0471068069365e-05, 280.281295299744, 0.0, 0.0, 0.0, 0, 0.0, 0.0, -1] 0
lord/slate 832 95 [-1.4273230392776712e-07, -6.629394715076511e-05, 464.46351194831584, 0.07157457652403226, 96.03047182187355, 1341.684107479558, 0.0, 0.0, 0.0, 0, 0.0, 0.0, 0] 0
lord/slate 354 834 [-0.00274039195545144, -0.37065613098390615, 135.25661183122466, 0.048096014431633326, 204.01656564109086, 4241.860121925336, 0.0, 0.0, 0.0, 0, 0.0, 0.0, -1] 0
lord/slate 747 460 [-5.119367251025656e-05, -0.009915919333416495, 193.69423694754187, 0.042464322630895474, 82.55165122676111, 1944.0237383346266, 0.0, 0.0, 0.0, 0, 0.0, 0.0, -1] 0
lord/slate 746 932 [-2.257884096413198e-05, -0.003863594667780085, 171.11572174664178, 0.30874373715078707, 431.9074335651015, 1398.9188494993264, 0.020104341318977408, 0.005984256248965681, 0.3333333333333333, 10, 0.13530655391120508, 0.49382716049382713, 0] 0
lord/slate 327 963 [0.025365632076695614, 4.874464112410321, 192.16805233442926, -2.3757577934504647e-06, -0.0010428113864020534, 438.9384259948115, 0.0, 0.0, 1.0, 1, 0.0, 0.0, 0] 0
lord/slate 380 108 [-3.4360129960035446e-05, -0.005588702767698685, 162.6508041209085, 0.032090657940825364, 25.960236152753396, 808.9655313588034, 0.0, 0.0, 1.0, 1, 0.0, 0.0, 0] 0
lord/slate 67 576 [2.5669444529902622e-06, 0.0006220301763803765, 242.32319310835365, 3.3804183021947936e-05, 0.008722566110154465, 258.03215254429284, 0.0019156926632196225, 0.03156980052904465, 0.09090909090909091, 1, 0.0, 0.0, 0] 0
lord/slate 265 970 [-0.00044365970072443134, -0.04211735626198918, 94.93166991100996, 0.040322707743709725, 42.48028952178115, 1053.507859437044, 0.0, 0.0, 0.0, 0, 0.0, 0.0, 0] 0
lord/slate 652 67 [1.5182270968905376e-07, 2.4316344419242383e-05, 160.1627613487099, 1.023593357003488e-06, 0.00045055727344486, 440.17213511803266, 0.0, 0.0, 0.0, 0, 0.0, 0.0, 0] 0
lord/slate 95 461 [1.7869335220416636e-05, 0.004286180923977153, 239.86236035686267, -5.004746196636694e-07, -0.0003363707050401295, 672.1034230790333, 0.0, 0.0, 0.0, 0, 0.0, 0.0, 0] 0
lord/slate 803 56 [-1.0225101598883996e-05, -0.0014941394004987906, 146.1246507968064, 0.0368473002709605, 7.326334007377612, 198.8296009070582, 0.0, 0.0, 0.0, 0, 0.0, 0.0, -1] 0
lord/slate 91 331 [-2.2069628402403865e-05, -0.003977155187016069, 180.20943146386958, -4.5267331671623804e-07, -0.00034588384676627337, 764.0915291304733, 0.0, 0.0, 0.0, 0, 0.0, 0.0, -1] 0
lord/slate 299 262 [-9.253544687752636e-07, -0.0002446526093791361, 264.38799145039167, -5.792095261128394e-07, -0.000305804019058578, 527.9678687449667, 0.0, 0.0, 0.3333333333333333, 2, 0.0718562874251497, 0.32432432432432434, -1] 0
lord/slate 980 228 [-3.4869749286436844e-06, -0.0005113415581267107, 146.64331364309675, 0.07342377238720689, 1418.2841688610226, 19316.416505836463, 0.0, 0.0, 0.0, 0, 0.0, 0.0, -1] 0
lord/slate 970 930 [6.687859634139e-05, 0.007893091161580018, 118.02118455490252, -8.073942823073314e-07, -0.0004841310926800934, 599.6216511424475, 0.0, 0.0, 0.0, 0, 0.0, 0.0, -1] 0
lord/slate 554 940 [0.051859024595200746, 7.8785746822089635, 151.9229245769131, 0.18146921586267223, 125.8078517607677, 693.2737939198098, 0.03987372633564904, 0.03987372633564904, 0.5, 1, 0.999489423778264, 1.0, 0] 0
lord/slate 107 707 [8.517351158546969e-05, 0.01167612270686816, 137.08631345029653, 0.03484337957239315, 19.2529180389602, 552.5559884040218, 0.0, 0.0, 0.0, 0, 0.0, 0.0, 0] 0
lord/slate 381 299 [0.03008397312267724, 7.234480354154666, 240.47622714771438, -3.879945531456045e-05, -0.007958340830348683, 205.1147565301547, 0.0, 0.0, 0.0, 0, 0.0, 0.0, 0] 0
lord/slate 175 828 [-0.00027113741765526635, -0.0328515447260762, 121.1619739177601, 0.013792876933695113, 18.041005528361964, 1307.9943810916593, 0.010904973992130935, 0.0, 0.0, 0, 0.0, 0.0, 0] 0
lord/slate 302 197 [3.0938048932035507e-07, 4.975713827588511e-05, 160.8283004050813, 2.4295676772957974e-06, 0.0012852977022004921, 529.0232143815307, 0.0, 0.0, 0.4, 2, 0.11267605633802817, 0.16842105263157894, -1] 0
lord/slate 665 208 [-3.808476821930237e-05, -0.010486905864684369, 275.35695646873666, 1.9869314077896e-05, 0.0072908464346171705, 366.9400164511976, 0.0, 0.0, 0.0, 0, 0.0, 0.0, 0] 0
lord/slate 89 932 [2.721175533587311e-06, 0.0004352821150898805, 159.9610571671025, 1.2309543528722785e-06, 0.0011065060843278524, 898.9009882827567, 0.023030898759215844, 0.0, 0.12, 3, 0.01820388349514563, 0.75, -1] 0
lord/slate 42 107 [-0.00010370947199517823, -0.011972317220950808, 115.44092348196929, 0.012441794119452981, 4.715431768466152, 378.99934070549233, 0.0, 0.0, 0.0, 0, 0.0, 0.0, 0] 0
lord/slate 94 555 [5.303767611820988e-05, 0.006170239076888664, 116.3369047907848, 0.009690395799392714, 4.867193257204859, 502.2698100226081, 0.004697368324129779, 0.0, 0.0, 0, 0.0, 0.0, 0] 0
lord/slate 980 652 [3.5175937508817837e-06, 0.0006173518143386006, 175.50401156581654, 0.1442607186333552, 1493.4696936285804, 10352.573505642222, 0.0, 0.0, 0.0, 0, 0.0, 0.0, -1] 0
lord/slate 108 841 [4.541968743302303e-06, 0.0006245635062430798, 137.5094241157155, 0.03799186561965865, 5.385768234330218, 141.7610887616792, 0.0, 0.0, 0.0, 0, 0.0, 0.0, 0] 0
lord/slate 181 485 [1.5366019240564608e-05, 0.0018694158976984587, 121.65908869640131, 0.07191431569030517, 103.71822272774726, 1442.2472317529068, 0.0, 0.0, 0.0, 0, 0.0, 0.0, -1] 0
lord/slate 856 175 [-0.00011823044680877377, -0.02368610457058791, 200.33845096515515, 0.06858194209808172, 61.97307433533748, 903.635453290421, 0.015596698161728996, 0.0, 0.034482758620689655, 1, 0.002677376171352075, 0.6666666666666666, 0] 0
lord/slate 485 157 [-1.9847625794790792e-05, -0.00287503496832111, 144.8553594292216, -4.078128104296091e-06, -0.0014407063929075166, 353.27639447858667, 0.0, 0.0, 0.0, 0, 0.0, 0.0, -1] 0
lord/slate 940 461 [1.5685491293210314e-05, 0.0022743290255267216, 144.99571502176644, -1.1833452440096091e-06, -0.0002564724218578167, 216.73507639139507, 0.0, 0.0, 0.0, 0, 0.0, 0.0, -1] 0
lord/slate 480 828 [-0.0004852509429285265, -0.049825761263202296, 102.6804007066942, 0.09983043501415499, 101.32250119699788, 1014.9460050197249, 0.003914773113111075, 0.0, 0.0, 0, 0.0, 0.0, 0] 0
lord/slate 88 705 [1.2455136348695177e-05, 0.00404359312621599, 324.6526583901752, -8.494308588337894e-07, -0.0012389315173376761, 1458.543099127155, 0.0, 0.0, 0.0, 0, 0.0, 0.0, -1] 0
lord/slate 94 460 [0.00015302012154574937, 0.019441282005798748, 127.05049381356207, 2.6869570116325717e-06, 0.0023143922452728144, 861.3432352111245, 0.0, 0.0, 0.0, 0, 0.0, 0.0, -1] 0
lord/slate 176 158 [0.08067278529013874, 8.149114815952112, 101.01442248019471, -2.7388389777540857e-06, -0.0025695946232183052, 938.2058032945898, 0.0, 0.0, 0.0, 0, 0.0, 0.0, -1] 0
lord/slate 63 327 [1.3082806617113106e-06, 0.00039536839172994406, 302.20456764436017, 1.908621536100063e-07, 0.0001095150158367545, 573.7911564203002, 0.0, 0.0, 0.0, 0, 0.0, 0.0, 0] 0
lord/slate 659 949 [-1.1005274366819791e-06, -0.0002082819934855758, 189.2565205948276, -2.4971522827113394e-06, -0.0011051001612553638, 442.5441607651882, 0.0, 0.0, 0.0, 0, 0.0, 0.0, -1] 0
lord/slate 327 931 [0.00010778507827101186, 0.017365100634654566, 161.10857748780614, 0.09426691867217754, 47.518313477224524, 504.0826002011811, 0.00035018136292682783, 0.0, 0.0, 0, 0.0, 0.0, 0] 0
lord/slate 940 499 [-5.999566122908584e-05, -0.008312288374338605, 138.54815838430687, -1.405025415902557e-06, -0.0003090040609999908, 219.92773760714744, 0.0, 0.0, 0.0, 0, 0.0, 0.0, -1] 0
lord/slate 511 347 [1.1050501653871302e-05, 0.001911766802455461, 173.00271628715745, 1.5180321530097332e-06, 0.001102615576131656, 726.3453372483253, 0.01300805983166641, 0.0, 0.0, 0, 0.0, 0.0, -1] 0
lord/slate 967 178 [2.8898899290481776e-05, 0.006279994788417967, 217.30913434776957, 0.04881997071775148, 61.68425940444505, 1263.5046374990138, 0.0, 0.0, 0.1, 1, 0.0400890868596882, 1.0, -1] 0
lord/slate 849 873 [-2.7127151925912637e-06, -0.0004542660031159014, 167.45805249167105, -9.84783410980129e-07, -0.000359485246917278, 365.03990919129296, 0.0, 0.0, 0.0, 0, 0.0, 0.0, 0] 0
lord/slate 460 349 [0.00010095244309373774, 0.01944978074789531, 192.6628039089211, 0.20227386505453424, 113.79551124912544, 562.5813854817353, 0.0, 0.0, 0.0, 0, 0.0, 0.0, 0] 0
lord/slate 799 113 [-7.79850288336691e-07, -0.00017504681384471947, 224.46207491705783, -1.9240073826023175e-06, -0.001578976465974104, 820.6706898590267, 0.0, 0.0, 0.0, 0, 0.0, 0.0, 0] 0
lord/slate 331 932 [3.593350943726528e-05, 0.004886319301319141, 135.98224548175426, 0.00648591694063839, 9.316257121966988, 1436.3824278406526, 0.0, 0.0, 0.0, 0, 0.0, 0.0, -1] 0
lord/slate 480 178 [2.5540436475556533e-05, 0.0030892997442730457, 120.95720240449529, 0.08774457576267994, 157.1541139833665, 1791.040786480254, 0.008573928261819286, 0.0, 0.0, 0, 0.0, 0.0, 0] 0
lord/slate 659 555 [0.07939404979691628, 7.791584848465953, 98.13814597436726, -2.84135519252112e-07, -0.00023354187529805716, 821.938333907619, 0.0, 0.0, 0.0, 0, 0.0, 0.0, 0] 0
lord/slate 980 871 [-1.912512435766243e-06, -0.0004122379306691754, 215.54784322435702, 0.04496012634137146, 394.9617910058562, 8784.712658656828, 0.0, 0.0, 0.2857142857142857, 2, 0.029042904290429043, 0.676923076923077, 0] 0
lord/slate 970 743 [4.263270450020388e-05, 0.004562160047157555, 107.01080545185063, 0.03590839154568006, 48.54534667902475, 1351.9220602590588, 0.0, 0.0, 0.0, 0, 0.0, 0.0, -1] 0
lord/slate 188 841 [-0.00014224529328823643, -0.012245752289485662, 86.08898056592763, -4.319481518174051e-06, -0.0006300924212426967, 145.8722345706556, 0.0, 0.0, 0.0, 0, 0.0, 0.0, 0] 0
lord/slate 918 485 [-0.00010296885057850919, -0.014550989455743261, 141.31447883502182, -3.0568406998395816e-06, -0.001335616326780474, 436.92702954739025, 0.0, 0.0, 0.0, 0, 0.0, 0.0, -1] 0
lord/slate 318 499 [-6.88286155788896e-05, -0.011168294796114343, 162.26237738740406, -3.3736334736105265e-06, -0.0005935214356235096, 175.92943639734273, 0.0, 0.0, 0.0, 0, 0.0, 0.0, -1] 0
lord/slate 708 576 [8.889832151983188e-06, 0.0021954464819702374, 246.9615223815521, -1.4178285213004985e-07, -0.000119320529440814, 841.5723597615855, 0.0, 0.0, 0.0, 0, 0.0, 0.0, -1] 0
lord/slate 849 746 [0.0372334915706347, 7.229376640644422, 194.16327439852793, 0.027737470134155427, 34.55017699277929, 1245.6138510712562, 0.0, 0.0, 0.04, 1, 0.0183206106870229, 0.13114754098360656, 0] 0
lord/slate 849 91 [-2.3522661477392857e-06, -0.0005112690299140912, 217.35169313449555, 0.03651126443601445, 29.256309373195716, 801.2954310160101, 0.0, 0.0, 0.5, 1, 0.0, 0.0, -1] 0
lord/slate 930 329 [1.5657607869740454e-05, 0.004249802673243791, 271.4209417299858, -2.8155348492341796e-05, -0.00503833759271499, 178.94779722173956, 0.0, 0.0, 0.0, 0, 0.0, 0.0, 0] 0
lord/slate 832 652 [7.334376787348302e-06, 0.0019346119305471735, 263.77318573056573, 0.06292201403452101, 32.08239257971643, 509.87548749019726, 0.0, 0.0, 0.0, 0, 0.0, 0.0, 0] 0
lord/slate 381 446 [-2.5863602564394586e-05, -0.0061528021228451435, 237.8942418221144, 0.027756016437043732, 35.80588542457385, 1290.0224895668603, 0.0, 0.0, 0.0, 0, 0.0, 0.0, 0] 0
lord/slate 339 124 [-3.313355706031436e-06, -0.0006261955472740467, 188.9913437709563, 6.177168822912215e-06, 0.0028857487189942552, 467.16364757435497, 0.0, 0.0, 0.0, 0, 0.0, 0.0, 0] 0
lord/slate 873 653 [2.8464308462110394e-06, 0.0004298145451669014, 151.00122517961015, -8.671684391877244e-07, -0.000310806036504528, 358.41483898521443, 0.0, 0.0, 0.0, 0, 0.0, 0.0, 0] 0
lord/slate 480 963 [-7.823121126752637e-05, -0.009452543407240993, 120.82828904331085, 0.011848595350934786, 7.2343428138346155, 610.5654383128095, 0.0, 0.0, 0.0, 0, 0.0, 0.0, 0] 0
lord/slate 410 834 [-0.0007925444398593662, -0.0994196096249941, 125.44357719882018, 0.04419470679953496, 9.765178552983446, 220.9581024550705, 0.0, 0.0, 0.0, 0, 0.0, 0.0, -1] 0
lord/slate 508 94 [3.888828108620076e-05, 0.005821229205768327, 149.6910905592572, 0.08015114626161318, 29.19031072210637, 364.19080803697125, 0.006881732646243619, 0.006881732646243619, 1.0, 1, 0.0, 0.0, 0] 0
lord/slate 892 970 [0.26687077985044605, 31.81439689688293, 119.21274001863998, 0.3229501287221847, 950.128858759866, 2942.0296642061626, 0.0, 0.0, 0.5, 1, 0.0, 0.0, -1] 0
lord/slate 632 354 [-4.208654425745302e-06, -0.0012362744637983605, 293.7457768534729, 0.04708381781786203, 668.3707528059823, 14195.33894620637, 0.0, 0.0, 0.0, 0, 0.0, 0.0, -1] 0
lord/slate 499 329 [0.04643750032901604, 9.420540504780362, 202.86493540855008, -7.337788197858218e-05, -0.008636548599667187, 117.69961692527534, 0.0, 0.0, 0.0, 0, 0.0, 0.0, 0] 0
lord/slate 418 327 [3.032922458475752e-05, 0.007119021880222442, 234.72482325843012, 0.027740306042214637, 45.77977562481116, 1650.2981457790847, 0.040820569531633745, 0.04057542241243668, 0.1, 1, 0.0, 0.0, 0] 0
lord/slate 803 932 [0.059770192833447554, 7.9016290806767255, 132.20016041599507, 0.0687693446123331, 28.733517468669323, 417.8245064082849, 0.0, 0.0, 0.0, 0, 0.0, 0.0, -1] 0
lord/slate 892 347 [-1.486963600106767e-05, -0.0033084564642983827, 222.49747499271862, 2.19239299957885e-08, 6.508383163126824e-05, 2968.6206644415756, 0.0, 0.0, 0.0, 0, 0.0, 0.0, -1] 0
lord/slate 108 839 [-1.138535252988191e-05, -0.0021232346132472203, 186.48826267562595, -1.3401930630760143e-05, -0.007647836114529719, 570.6518206396612, 0.0, 0.0, 0.0, 0, 0.0, 0.0, 0] 0
lord/slate 461 180 [3.521295204358443e-05, 0.004503118319727212, 127.88244263512836, 1.3036679422568455e-05, 0.007335326339574958, 562.6683069982072, 0.0, 0.0, 0.0, 0, 0.0, 0.0, -1] 0
lord/slate 41 867 [5.281256820764959e-05, 0.009566328267061894, 181.1373427144993, 1.7772573423106866e-06, 0.0020462385121121206, 1151.34621385315, 0.0, 0.0, 0.3333333333333333, 1, 0.5476190476190477, 0.8518518518518519, 0] 0
lord/slate 769 447 [3.4677022003077515e-05, 0.0063346767501014775, 182.67649250674663, 0.022952123001315983, 118.39528512360957, 5158.358776520205, 0.0, 0.0, 0.0, 0, 0.0, 0.0, -1] 0
lord/slate 265 946 [-0.00043867827316692914, -0.07115719766897498, 162.20816489331284, -6.952645102348585e-06, -0.002401580139860041, 345.4196359093309, 0.0, 0.0, 0.0, 0, 0.0, 0.0, 0] 0
lord/slate 189 484 [-0.00013974404474034603, -0.018162052461205874, 129.96655775172536, 0.009400451599193544, 13.254216325919158, 1409.9552756652909, 0.0, 0.0, 0.0, 0, 0.0, 0.0, -1] 0
lord/slate 841 856 [1.8046341003118818e-06, 0.0003835929277952238, 212.55994648939097, 0.020627193836842174, 5.310315884029832, 257.4424774418463, 0.0008441108246083416, 0.0, 0.037037037037037035, 1, 0.019057519057519057, 0.3691275167785235, 0] 0
lord/slate 758 939 [-1.8246485151546152e-05, -0.0033503780777869876, 183.61772417868033, 0.07206456939961664, 131.18752011227105, 1820.4163461353994, 0.11899332452939688, 0.0, 0.0, 0, 0.0, 0.0, 0] 0
lord/slate 964 210 [9.659948181193402e-05, 0.01903457304817328, 197.04632665867703, 0.011989760671755877, 15.648589496734228, 1305.162790579916, 0.0, 0.0, 0.05263157894736842, 1, 0.004145408163265306, 1.0, 0] 0
lord/slate 949 63 [0.01676564359571427, 7.23282559341574, 431.40757180742145, 2.4846820542128276e-06, 0.0010557112019855255, 424.8878443805501, 0.0, 0.0, 0.0, 0, 0.0, 0.0, 0] 0
lord/slate 420 67 [4.3768519673651305e-05, 0.008371241801611409, 191.26170736477764, -4.05950401885114e-06, -0.0019359126760350668, 476.88403978546614, 0.0, 0.0, 1.0, 1, 1.0, 1.0, 0] 0
lord/slate 158 63 [0.0001283175673013492, 0.019026067328313988, 148.27328578971537, -5.7175213532880104e-06, -0.0029235340975372957, 511.3289337968175, 0.0, 0.0, 0.0, 0, 0.0, 0.0, 0] 0
lord/slate 94 339 [-8.739770150696179e-05, -0.011534424551638424, 131.97629174171854, 3.358123386149796e-06, 0.0020256267221056383, 603.2019938457619, 0.036458871957649026, 0.036458871957649026, 1.0, 1, 0.0, 0.0, 0] 0
lord/slate 556 956 [2.7593706034167e-06, 0.0007073554808167995, 256.34667555744045, 0.18146921586267223, 125.8078517607677, 693.2737939198098, 0.022162167125997383, 0.021974828991439533, 0.6666666666666666, 2, 0.9551122194513716, 1.0, 0] 0
lord/slate 841 875 [-1.0384877550285718e-05, -0.0022661357318048475, 218.21496891337918, 0.0058227059080432535, 5.310029692657158, 911.9522394771983, 0.0, 0.0, 0.0, 0, 0.0, 0.0, 0] 0
lord/slate 939 189 [0.0001098452501855324, 0.013651791759484173, 124.28203983718758, 0.022012059095465296, 57.74125374514381, 2623.164579684373, 0.006739216088515143, 0.0, 0.0, 0, 0.0, 0.0, -1] 0
lord/slate 508 659 [7.736705123111457e-06, 0.0009769500083463636, 126.27468577391838, -1.886485100332228e-06, -0.0011243059801428952, 595.9792526031052, 0.0, 0.0, 0.0, 0, 0.0, 0.0, 0] 0
lord/slate 262 963 [-2.2004146416486474e-05, -0.0036534407469310604, 166.03419545480492, 0.06180616143659467, 51.54621338494363, 833.99797345162, 0.0, 0.0, 0.0, 0, 0.0, 0.0, -1] 0
lord/slate 918 181 [0.22588321649664891, 34.99124401889147, 154.90856098824227, 0.1252207970137317, 121.30460981998465, 968.7257445477079, 0.0, 0.0, 0.1, 1, 0.06521739130434782, 1.0, -1] 0
lord/slate 799 520 [3.122140402045352e-06, 0.0008250572958496805, 264.26015156434846, 0.02804003558627827, 51.54419342310414, 1838.2356635926637, 0.021921697554956012, 0.19839560613784885, 0.047619047619047616, 1, 0.0016761448668063453, 0.717948717948718, 0] 0
lord/slate 195 930 [8.258480707473044e-06, 0.0010236255471728591, 123.94840932988889, 0.008558360961290331, 7.230150639857063, 844.8055267310184, 0.0, 0.0, 0.0, 0, 0.0, 0.0, -1] 0
lord/slate 555 705 [0.060880234088924665, 16.963923473955084, 278.6441893304277, 0.04620717013248128, 52.400072108280945, 1134.0246969906163, 0.01865700356557773, 0.01865700356557773, 0.14285714285714285, 1, 0.0026747195858498707, 0.0027411795914758156, 0] 0
lord/slate 195 555 [0.07220082287457805, 7.794858924151035, 107.96080451453705, 0.08949676183090588, 156.76082421016832, 1751.5809622961594, 0.12597997244509795, 0.0, 0.0, 0, 0.0, 0.0, 0] 0
lord/slate 151 217 [0.03632942827565354, 9.377964720928285, 258.1368649617039, -9.03012285593169e-07, -0.0010605300091914474, 1174.4358588596704, 0.0672251423902228, 0.0672251423902228, 0.5, 1, 0.5208333333333334, 0.6097560975609756, -1] 0
lord/slate 327 758 [0.10110523807756051, 27.512984209037704, 272.1222434383841, 0.08390471355256789, 69.15851721053485, 824.2506801147201, 0.004670545648340641, 0.0, 0.0, 0, 0.0, 0.0, 0] 0
lord/slate 480 794 [-0.002822530149475844, -0.2853692265140863, 101.10404899202958, 6.575221483657151e-07, 0.0008083762195854464, 1229.4281213107151, 0.00552076909676763, 0.0, 0.0, 0, 0.0, 0.0, 0] 0
lord/slate 124 420 [0.03924297664537164, 7.788205931645336, 198.4611412642136, -8.783748229069933e-06, -0.002722530897604581, 309.95092602885956, 0.0, 0.0, 0.0, 0, 0.0, 0.0, 0] 0
lord/slate 695 91 [0.044910913850136104, 13.570704069558337, 302.16940396364726, 0.01671234170537186, 22.801535568368358, 1364.353121204986, 0.0, 0.0, 0.07692307692307693, 1, 0.0, 0.0, 0] 0
lord/slate 970 839 [-0.00011177780274563472, -0.016571786838863362, 148.25650917986528, 0.0588540987811337, 109.37475142139203, 1858.404999592879, 0.0, 0.0, 0.5, 1, 0.0, 0.0, -1] 0
lord/slate 653 769 [0.04396634118401703, 7.251767172617811, 164.93906423248217, 0.0945749347496082, 497.1838750875166, 5257.0364061454065, 0.0, 0.0, 0.5, 1, 0.375, 0.43902439024390244, -1] 0
lord/slate 194 839 [-7.886975727552556e-07, -0.00012280194991139959, 155.70220342177575, 1.4404159365657758e-07, 6.283119840688568e-05, 436.2017720845769, 0.0, 0.0, 0.0, 0, 0.0, 0.0, 0] 0
lord/slate 665 769 [2.0372669584803162e-05, 0.004522268398912967, 221.97721217087422, 0.002793269608801041, 4.926823853300211, 1763.819660578686, 0.0, 0.0, 0.5, 1, 0.0, 0.0, 0] 0
lord/slate 970 194 [0.10684264300444317, 7.798177394099006, 72.98749988592766, 2.0664206117632453e-07, 6.748405033975916e-05, 326.5746090394251, 0.0, 0.0, 0.0, 0, 0.0, 0.0, 0] 0
lord/slate 680 228 [2.5665142567405522e-05, 0.004516244535106221, 175.96802835772309, 0.07771303183950704, 176.02656037546663, 2265.084197705691, 0.0, 0.0, 0.06666666666666667, 1, 0.0, 0.0, -1] 0
lord/slate 758 932 [-4.020212237317284e-05, -0.007895518567575139, 196.3955657436602, 0.30874373715078707, 431.9074335651015, 1398.9188494993264, 0.031860012693504754, 0.06101781156749335, 0.21739130434782608, 5, 0.15524752475247525, 0.7140255009107468, 0] 0
lord/slate 963 931 [-5.638406005831239e-05, -0.006290728203233324, 111.56926614946589, 0.025832004168305223, 9.732028422325252, 376.7430648786453, 0.0, 0.0, 0.0, 0, 0.0, 0.0, 0] 0
lord/slate 94 446 [-3.9416903414471516e-06, -0.0006757843793752915, 171.44532442575996, 2.1633082243083735e-07, 0.00023509253121351952, 1086.7269331843845, 0.0, 0.0, 0.0, 0, 0.0, 0.0, -1] 0
lord/slate 318 561 [9.052737156267486e-05, 0.01340020263105199, 148.02376783661086, 0.24438921258099638, 142.18934189375645, 581.8151316586101, 0.0, 0.0, 0.0, 0, 0.0, 0.0, -1] 0
lord/slate 932 701 [2.777553066640752e-05, 0.0032691675504957877, 117.69955324200548, 0.011950644409868243, 22.627668921037134, 1893.4266760001947, 0.006131911396055208, 0.0, 0.12, 3, 0.05594900849858357, 0.2507936507936508, -1] 0
lord/slate 113 175 [7.708260865711942e-06, 0.001360409577816206, 176.48722604441298, 1.972561806013603e-06, 0.001474471475217175, 747.4906341195815, 0.0, 0.0, 0.0, 0, 0.0, 0.0, -1] 0
lord/slate 130 381 [-6.949740944776636e-05, -0.020773987301038566, 298.9174339894225, -1.7786774990524456e-06, -0.00043301385542640207, 243.44708675804435, 0.0, 0.0, 0.0, 0, 0.0, 0.0, 0] 0
lord/slate 418 484 [1.422107111916386e-05, 0.00235540249322769, 165.6276431986635, 0.045924562891111444, 89.97019316012876, 1959.0865431523184, 0.0, 0.0, 0.0, 0, 0.0, 0.0, 0] 0
lord/slate 151 878 [-3.496855283138462e-07, -0.00010656980226077173, 304.75897236766485, 0.16749576088706544, 93.45892797563549, 557.9778704886178, 0.0, 0.0, 0.0, 0, 0.0, 0.0, -1] 0
lord/slate 380 769 [-1.342906201301947e-05, -0.0027929107401459922, 207.97511676081817, 0.0635428770403323, 656.1295341782857, 10325.776306317124, 0.0, 0.0, 0.5, 1, 0.0, 0.0, 0] 0
lord/slate 120 884 [2.2650251278712412e-05, 0.004850188689822585, 214.13399039775695, 0.057363196926036274, 42.608897742125926, 742.7915462428908, 0.0, 0.0, 0.0, 0, 0.0, 0.0, 0] 0
lord/slate 743 799 [0.046465268717151814, 9.375531399405888, 201.775038824753, 0.06907432214539341, 119.4085301415621, 1728.6963727305356, 0.0, 0.0, 0.0, 0, 0.0, 0.0, 0]