django/django 8293 9554 [0.34354271700212013, 0.16013757901778336, 0.5406350608177346, 0.5406350608177346, 1.0, 2, 0.12643678160919541, 0.12643678160919541, 1] 1
django/django 9527 9814 [0.7193637513156499, 0.4851949854360167, 0.10939066335208628, 0.10939066335208628, 1.0, 1, 1.0, 1.0, 0] 1
angular/angular.js 5199 5472 [0.04759757811932749, 0.0, 0.575749729303644, 0.763430331577781, 0.5, 1, 0.5079365079365079, 1.0, 1] 1
angular/angular.js 5774 7436 [0.5344850131599286, 0.0, 0.0, 0.0, 1.0, 1, 0.0, 0.0, 0] 1
angular/angular.js 4098 5472 [0.21604156264174285, 0.3791396728673597, 0.5460344981652235, 0.5460344981652235, 1.0, 2, 0.0, 0.0, 1] 1
angular/angular.js 12477 12524 [0.4473901838630336, 0.0, 0.26670637416758425, 0.30473677265003707, 0.45454545454545453, 5, 0.7923604309500489, 0.8939226519337017, 0] 1
angular/angular.js 6716 6692 [0.6700008434322235, 0.0, 0.0, 0.0, 1.0, 1, 0.0, 0.0, 0] 1
angular/angular.js 9555 9529 [0.9999999999999998, 0.7090721136754479, 0.9921704894677218, 0.9921704894677218, 1.0, 2, 0.7446808510638298, 0.7446808510638298, 0] 1
angular/angular.js 8684 8233 [0.4083681686552725, 0.23124934965645697, 0.20280753286599038, 0.20280753286599038, 1.0, 2, 0.0, 0.0, 0] 1
angular/angular.js 5580 5089 [0.5119341953778225, 0.0710479168344435, 0.265179053661328, 0.05750279026336922, 0.5, 1, 0.0, 0.0, 1] 1
angular/angular.js 5472 4098 [0.21604156264174285, 0.3791396728673597, 0.5460344981652235, 0.5460344981652235, 1.0, 2, 0.0, 0.0, 1] 1
spring-projects/spring-boot 11149 10672 [0.408382703844521, 0.39166546909470645, 0.7610856034013367, 0.7610856034013367, 1.0, 2, 0.7686567164179104, 0.7686567164179104, 0] 1
spring-projects/spring-boot 5234 5417 [0.2507189935032732, 0.40474845128339393, 0.5794493941973039, 0.5794493941973039, 1.0, 3, 0.7803030303030303, 0.7803030303030303, 0] 1
spring-projects/spring-boot 12151 12149 [0.8156009581972888, 0.9176926908116194, 0.0, 0.0, 1.0, 1, 1.0, 1.0, 1] 1
spring-projects/spring-boot 4607 4502 [0.08832689662500262, -0.0029363516140705217, 1.0, 1.0, 1.0, 1, 0.6666666666666666, 0.6666666666666666, 0] 1
rails/rails 32031 32267 [0.08136950952568453, 0.15631959898884737, 1.0, 1.0, 0.9285714285714286, 104, 0.9519572953736655, 0.9744990892531876, 0] 1
rails/rails 31621 32256 [0.7983984831378528, 0.007238058047494224, 0.0, 0.0, 0.3333333333333333, 1, 0.5, 1.0, 0] 1
rails/rails 8308 11851 [0.9318927708186973, 0.07951513821483289, 0.9719736338227531, 0.9731750130674435, 0.6666666666666666, 2, 0.9612403100775194, 1.0, 1] 1
