angular/angular.js 11585 15836 [0.01182259721102887, 54, 0.152737089774845, 11880, 0.0, 0.0, 0.0, 0, 0.0, 0.0, -1] 0
angular/angular.js 13952 10496 [-0.0005756928024292098, 63, -0.0035314638880507183, 3483, 0.0, 0.0, 0.0, 0, 0.0, 0.0, -1] 0
angular/angular.js 11695 11772 [-0.0005969292868308454, 42, -0.01106880676282735, 44, 0.016706741298074305, 0.0, 0.0, 0, 0.0, 0.0, -1] 0
angular/angular.js 7866 9353 [-0.0016365851957950606, 40, 0.023051720195911295, 1680, 0.0, 0.0, 0.0, 0, 0.0, 0.0, 0] 0
angular/angular.js 7700 4217 [0.031352668015140216, 56, 0.2154364076527046, 11193, 0.07849655839933477, 0.08402523339322229, 0.18181818181818182, 2, 0.0, 0.0, 0] 0
angular/angular.js 7158 15626 [-0.00233193137818987, 48, 0.173874346290926, 12862, 0.03575768746172163, 0.0, 0.0, 0, 0.0, 0.0, -1] 0
angular/angular.js 4778 9233 [-0.01357329286580322, 60, 0.07493763010013348, 1530, 0.07150700803019727, 0.0, 0.0, 0, 0.0, 0.0, 0] 0
angular/angular.js 10477 720 [0.050318610113702526, 104, 0.024846132915378162, 736, 0.0, 0.0, 0.0, 0, 0.0, 0.0, -1] 0
angular/angular.js 2379 16517 [0.4344355105416368, 120, 0.04095415902297517, 5282, 0.20254787341673333, 0.0, 0.0, 0, 0.0, 0.0, 0] 0
angular/angular.js 15007 13480 [0.2098793708572624, 49, 0.09229058211647367, 4731, 0.0, 0.0, 0.0, 0, 0.0, 0.0, -1] 0
angular/angular.js 9579 13886 [0.08724631300942197, 70, 0.03269713937737912, 810, 0.170365872850254, 0.0, 0.0, 0, 0.0, 0.0, -1] 0
angular/angular.js 6533 4822 [-0.003075054947918478, 49, 0.016540953346711598, 3950, 0.0, 0.0, 0.0, 0, 0.0, 0.0, -1] 0
angular/angular.js 8540 5613 [0.012704679382798652, 130, 0.15031940609786737, 2343, 0.24569270576483498, 0.0, 0.0, 0, 0.0, 0.0, -1] 0
angular/angular.js 4737 15103 [0.011819035186293427, 42, 0.15481099935095302, 7505, 0.0, 0.0, 0.0, 0, 0.0, 0.0, -1] 0
angular/angular.js 5960 10265 [0.006598136801730901, 132, 0.10039823668806819, 10143, 0.04833682445228318, 0.0, 0.0, 0, 0.0, 0.0, -1] 0
angular/angular.js 8772 8820 [0.01424994332247378, 56, 0.13288121733607294, 154, 0.0, 0.0, 0.0, 0, 0.0, 0.0, 0] 0
angular/angular.js 486 5747 [0.06107586379952298, 42, 0.024278659134660895, 176, 0.06023878768201702, 0.0, 0.0, 0, 0.0, 0.0, 0] 0
angular/angular.js 9731 11084 [-0.005034753665418375, 32, -0.010235374465108697, 240, 0.05942557312285326, 0.0, 0.0, 0, 0.0, 0.0, 0] 0
angular/angular.js 3698 14438 [0.002234231023962728, 72, 0.15534303360595836, 4251, 0.0, 0.0, 0.0, 0, 0.0, 0.0, -1] 0
angular/angular.js 7478 5660 [0.10803068033994173, 90, 0.008026079610235323, 624, 0.060209972086381174, 0.0, 0.0, 0, 0.0, 0.0, -1] 0
angular/angular.js 15442 12529 [0.005961107868164582, 48, 0.15430128701999773, 735, 0.0, 0.0, 0.0, 0, 0.0, 0.0, -1] 0
angular/angular.js 9597 6027 [-0.014870032031725242, 72, -0.03216147188621223, 50, 0.0, 0.0, 0.0, 0, 0.0, 0.0, -1] 0
angular/angular.js 9096 6540 [0.07685242840794132, 140, -0.008656389745244993, 300, 0.0, 0.0, 0.0, 0, 0.0, 0.0, -1] 0
angular/angular.js 15486 12226 [0.0024004003804227046, 49, 0.07841458476032587, 4018, 0.0, 0.0, 0.0, 0, 0.0, 0.0, -1] 0
angular/angular.js 5068 9105 [0.007663194330574918, 72, 0.012171092505445872, 2624, 0.0, 0.0, 0.0, 0, 0.0, 0.0, 0] 0
angular/angular.js 10330 1140 [0.011716717907073484, 63, 0.0037227577460108023, 357, 0.0, 0.0, 0.0, 0, 0.0, 0.0, 0] 0
angular/angular.js 15803 14396 [0.014170320039626797, 21, 0.8386383878240552, 8272, 0.0, 0.0, 0.0, 0, 0.0, 0.0, -1] 0
angular/angular.js 8720 16119 [0.004446115742229316, 30, 0.02066459236205981, 48, 0.0, 0.0, 0.0, 0, 0.0, 0.0, 0] 0
angular/angular.js 14822 5208 [-0.0007279076776758792, 108, -0.0021239507644987186, 408, 0.0, 0.0, 0.0, 0, 0.0, 0.0, -1] 0
angular/angular.js 10265 5127 [0.011509983282966934, 121, 0.12622485636234018, 1794, 0.15776368571687668, 0.0, 0.0, 0, 0.0, 0.0, -1] 0
angular/angular.js 3184 4037 [0.3566665356903262, 24, -0.02386647204302885, 85, 0.0, 0.0, 0.0, 0, 0.0, 0.0, 0] 0
angular/angular.js 3191 8944 [-0.012656501866008042, 12, 0.028991687577028916, 1463, 0.0, 0.0, 0.0, 0, 0.0, 0.0, 0] 0
angular/angular.js 10393 14093 [0.0017307966928882448, 88, 0.00027427720569469117, 968, 0.0, 0.0, 0.0, 0, 0.0, 0.0, 0] 0
angular/angular.js 14665 2206 [0.04190977636166376, 160, 0.4189287370532784, 1495, 0.10259783520851541, 0.0, 0.0, 0, 0.0, 0.0, -1] 0
angular/angular.js 11383 10936 [0.001250024183665346, 32, 0.0422129419155874, 380, 0.0, 0.0, 0.0, 0, 0.0, 0.0, 0] 0
angular/angular.js 11905 771 [0.014745691048766035, 80, 0.14949966553118574, 1372, 0.0, 0.0, 0.0, 0, 0.0, 0.0, 0] 0
angular/angular.js 16129 944 [0.002938493991108571, 90, 0.16379421429389102, 1596, 0.29834335936794193, 0.0, 0.0, 0, 0.0, 0.0, -1] 0
angular/angular.js 848 15403 [0.004100066315496452, 72, 0.09943195291481231, 10057, 0.0, 0.0, 0.0, 0, 0.0, 0.0, -1] 0
angular/angular.js 6886 2450 [0.002035265466955585, 28, -0.003679630891169867, 340, 0.0, 0.0, 0.0, 0, 0.0, 0.0, 0] 0
angular/angular.js 12767 597 [-0.002504325957467266, 40, 0.07562939329454217, 18904, 0.0, 0.0, 0.0, 0, 0.0, 0.0, 0] 0
angular/angular.js 10311 5775 [-0.00014807107248232694, 84, 0.008574100220524267, 602, 0.0, 0.0, 0.0, 0, 0.0, 0.0, 0] 0
angular/angular.js 14185 6396 [0.02882584484742229, 162, 0.06555543115911933, 5248, 0.0, 0.0, 0.0, 0, 0.0, 0.0, -1] 0
angular/angular.js 14705 13803 [0.28380465072266536, 24, 0.23210206898943836, 2613, 0.0, 0.0, 0.0, 0, 0.0, 0.0, -1] 0
angular/angular.js 2834 5508 [0.0002040504168399618, 48, 0.23315116415071924, 19716, 0.04868275366289052, 0.0, 0.0, 0, 0.0, 0.0, -1] 0
angular/angular.js 15094 7311 [-0.0008524585850330954, 18, 0.1552612902552959, 19092, 0.003997059246194246, 0.0, 0.0, 0, 0.0, 0.0, -1] 0
angular/angular.js 14396 12430 [-0.00516510648436962, 49, 0.14242265887664132, 616, 0.0, 0.0, 0.0, 0, 0.0, 0.0, -1] 0
angular/angular.js 14372 15462 [-0.023207031075040813, 54, 0.7781318527351537, 13770, 0.0, 0.0, 0.0, 0, 0.0, 0.0, -1] 0
angular/angular.js 16043 15754 [0.004351609509679317, 35, 0.28341627139242714, 12136, 0.0, 0.0, 0.0, 0, 0.0, 0.0, -1] 0
angular/angular.js 7034 4284 [-2.4625778027957617e-05, 40, 0.004171186443152834, 1280, 0.0, 0.0, 0.0, 0, 0.0, 0.0, -1] 0
angular/angular.js 6414 5783 [0.0082022587787243, 65, 0.03650883529547119, 4141, 0.0, 0.0, 0.0, 0, 0.0, 0.0, -1] 0
angular/angular.js 16042 1310 [-0.023043705227309516, 70, 0.07575271848981195, 2925, 0.0, 0.0, 0.0, 0, 0.0, 0.0, 0] 0
angular/angular.js 5690 14550 [0.010759074187140057, 42, 0.1358098926364457, 3392, 0.06150773556471088, 0.0, 0.0, 0, 0.0, 0.0, -1] 0
angular/angular.js 4642 12189 [0.056131551379543815, 60, -0.004413528101416901, 252, 0.0, 0.0, 0.0, 0, 0.0, 0.0, 0] 0
angular/angular.js 3614 9926 [-0.012018268771640792, 160, 0.020051555629576695, 990, 0.0, 0.0, 0.0, 0, 0.0, 0.0, 0] 0
angular/angular.js 9814 2419 [0.1013803002218605, 72, 0.12113037467976007, 525, 0.0, 0.0, 0.0, 0, 0.0, 0.0, 0] 0
angular/angular.js 16133 6467 [0.202193301486513, 42, -0.001910382808122258, 1440, 0.0, 0.0, 0.0, 0, 0.0, 0.0, -1] 0
angular/angular.js 12323 6856 [0.01097829811303747, 45, 0.03634862270327285, 918, 0.0, 0.0, 0.0, 0, 0.0, 0.0, 0] 0
angular/angular.js 3327 6849 [0.010045251865772155, 20, 0.13338455263237742, 153, 0.0, 0.0, 0.0, 0, 0.0, 0.0, 0] 0
angular/angular.js 12888 6826 [0.13135177961727446, 77, 0.07633724899330503, 3696, 0.0, 0.0, 0.0, 0, 0.0, 0.0, -1] 0
angular/angular.js 14035 3240 [-0.005313508828597763, 44, 0.018664115193635502, 666, 0.12749633972728303, 0.0, 0.0, 0, 0.0, 0.0, -1] 0
angular/angular.js 7152 1889 [-0.00650089027905636, 40, 0.12445280696297631, 2750, 0.0651605450685502, 0.0, 0.0, 0, 0.0, 0.0, -1] 0
angular/angular.js 1685 9290 [-0.0019270979868126039, 40, 0.011895518424327222, 1520, 0.05392090109870503, 0.0, 0.0, 0, 0.0, 0.0, 0] 0
angular/angular.js 13520 13333 [0.014788576696681023, 90, 0.13218007894719663, 1470, 0.0, 0.0, 0, 0, 0.0, 0.0, 0] 0
angular/angular.js 9610 630 [0.08848274120787249, 70, -0.006966339654665439, 114, 0.0, 0.0, 0.0, 0, 0.0, 0.0, 0] 0
angular/angular.js 14848 16376 [-0.005872985225633565, 143, 0.6090043422555869, 22720, 0.05494371152875516, 0.0, 0.0, 0, 0.0, 0.0, -1] 0
angular/angular.js 7884 9757 [-0.003062487723017395, 45, 0.009923058085307109, 1323, 0.0, 0.0, 0.0, 0, 0.0, 0.0, 0] 0
angular/angular.js 10733 13443 [0.0038819004075282626, 32, 0.060481936564546694, 2090, 0.1547461151475432, 0.0, 0.5, 1, 0.0, 0.0, 0] 0
angular/angular.js 2889 2474 [0.0022428214114185094, 72, 0.11439410663135853, 5203, 0.011869246042175067, 0.0, 0.0, 0, 0.0, 0.0, 0] 0
angular/angular.js 1496 16005 [0.09495598237771724, 52, 0.015647867633590395, 276, 0.0, 0.0, 0.0, 0, 0.0, 0.0, -1] 0
angular/angular.js 6593 1926 [0.005258792470902508, 63, 0.3563730136384617, 2795, 0.2648595522452001, 0.0, 0.0, 0, 0.0, 0.0, -1] 0
angular/angular.js 2273 12935 [-0.01949146404887786, 30, 0.12609239399041172, 1530, 0.07168601875173973, 0.0, 0.0, 0, 0.0, 0.0, 0] 0
angular/angular.js 16547 8984 [-0.00037599270605753147, 49, 0.07334395215058157, 12300, 0.12681431837544702, 0.0, 0.0, 0, 0.0, 0.0, -1] 0
angular/angular.js 6802 2914 [0.0032574059928761074, 54, 0.027389754846514066, 684, 0.0, 0.0, 0.0, 0, 0.0, 0.0, -1] 0
angular/angular.js 11956 15903 [0.005232988696962351, 63, 0.2646521463861334, 10125, 0.0, 0.0, 0.0, 0, 0.0, 0.0, -1] 0
angular/angular.js 7339 659 [-0.00015594203028000022, 25, 0.03898289758202874, 1032, 0.0, 0.0, 0.0, 0, 0.0, 0.0, 0] 0
angular/angular.js 5386 4179 [0.028178909443723806, 88, 0.07694158286651807, 322, 0.008053176201769464, 0.0, 0.0, 0, 0.0, 0.0, -1] 0
angular/angular.js 16408 4499 [0.007866599189075424, 12, 0.09150983059900211, 5247, 0.0, 0.0, 0.0, 0, 0.0, 0.0, -1] 0
angular/angular.js 14755 3377 [-0.0039030140937919627, 56, -0.0007027316459415265, 2460, 0.0, 0.0, 0.0, 0, 0.0, 0.0, -1] 0
angular/angular.js 11168 12017 [0.003012185045293554, 49, 0.007019843843043768, 78, 0.0, 0.0, 0.0, 0, 0.0, 0.0, 0] 0
angular/angular.js 7857 16267 [-0.005690845399006546, 30, 0.19336134962120158, 1725, 0.0, 0.0, 0.0, 0, 0.0, 0.0, 0] 0
angular/angular.js 3837 4719 [0.02064505284621469, 104, 0.0023092537190587004, 93, 0.0, 0.0, 0.0, 0, 0.0, 0.0, 0] 0
angular/angular.js 564 6995 [-0.001828862507735459, 80, 0.008673827234564536, 5190, 0.04203726152788959, 0.0, 0.0, 0, 0.0, 0.0, 0] 0
angular/angular.js 4037 16284 [0.02394918042589779, 36, 0.07535392046277571, 578, 0.0, 0.0, 0.0, 0, 0.0, 0.0, 0] 0
angular/angular.js 9226 1723 [0.013779761827593332, 64, 0.041134132561301884, 540, 0.0, 0.0, 0.0, 0, 0.0, 0.0, 0] 0
angular/angular.js 7807 9766 [-0.009713341112109775, 48, 0.00785240038709034, 1444, 0.0, 0.0, 0.0, 0, 0.0, 0.0, 0] 0
angular/angular.js 14522 1948 [0.012476246944593088, 40, 0.009642219401954259, 4230, 0.09106068958755006, 0.0, 0.0, 0, 0.0, 0.0, -1] 0
angular/angular.js 14407 10443 [0.016357259585119195, 91, 0.05482743446543382, 3604, 0.16924206071011144, 0.0, 0.0, 0, 0.0, 0.0, -1] 0
angular/angular.js 13837 4176 [0.13766993473438813, 54, 0.007115448653554198, 1026, 0.054684639201546474, 0.0, 0.0, 0, 0.0, 0.0, 0] 0
angular/angular.js 8705 10056 [0.01251772319019817, 72, -0.0009590171957852865, 1022, 0.060302268915552716, 0.0, 0.0, 0, 0.0, 0.0, 0] 0
angular/angular.js 14919 15750 [0.00020962615213430543, 50, 0.8694618262075047, 8510, 0.0, 0.0, 0.0, 0, 0.0, 0.0, -1] 0
angular/angular.js 4843 2122 [0.08440748157464269, 100, 0.03902030041391795, 168, 0.0, 0.0, 0.0, 0, 0.0, 0.0, 0] 0
angular/angular.js 6681 15313 [0.12270725107346359, 36, 0.1414269920928918, 896, 0.0, 0.0, 0.0, 0, 0.0, 0.0, -1] 0
angular/angular.js 4900 1084 [0.017096955039379115, 35, 0.009160263177217983, 150, 0.0, 0.0, 0.0, 0, 0.0, 0.0, 0] 0
angular/angular.js 9519 9713 [-0.00227207614028283, 48, -0.006731526973694278, 45, 0.0, 0.0, 0.0, 0, 0.0, 0.0, 0] 0
angular/angular.js 5847 6965 [0.02988118012669251, 104, 0.03829437774546405, 4623, 0.02377391058253659, 0.0, 0.0, 0, 0.0, 0.0, -1] 0
angular/angular.js 2932 6737 [0.006540741840015001, 54, 0.11584750645479681, 2849, 0.030316953129541625, 0.0, 0.0, 0, 0.0, 0.0, -1] 0
angular/angular.js 11771 3456 [0.012755399583987545, 55, 0.12628510193803974, 12285, 0.0, 0.0, 0, 0, 0.0, 0.0, -1] 0
angular/angular.js 15117 6381 [0.015680970558396932, 30, 0.33576070116337237, 2916, 0.0, 0.0, 0.0, 0, 0.0, 0.0, -1] 0
angular/angular.js 2199 9365 [0.05533338309189949, 48, 0.015369326283387521, 332, 0.0, 0.0, 0.0, 0, 0.0, 0.0, 0] 0
angular/angular.js 1723 2773 [-0.021556238948073136, 96, 0.07257274362513931, 480, 0.0, 0.0, 0.0, 0, 0.0, 0.0, 0] 0
angular/angular.js 4499 2393 [0.009355135861031717, 18, -0.007235086943309052, 424, 0.0, 0.0, 0.0, 0, 0.0, 0.0, 0] 0
angular/angular.js 7599 7454 [-0.0021436572011587695, 64, 0.05599249162219851, 748, 0.0, 0.0, 0.0, 0, 0.0, 0.0, -1] 0
angular/angular.js 16076 6876 [0.033294601468512014, 99, 0.06506559571414819, 5624, 0.2526948713036352, 0.0, 0.0, 0, 0.0, 0.0, -1] 0
angular/angular.js 9410 13467 [0.04854526165607648, 108, 0.05179914583894142, 6834, 0.29191073509003895, 0.0, 0.0, 0, 0.0, 0.0, -1] 0
angular/angular.js 10557 12577 [0.014206395069570525, 84, 0.006475854278670573, 174, 0.0, 0.0, 0.0, 0, 0.0, 0.0, 0] 0
angular/angular.js 593 14960 [-0.0035031805422790986, 40, 0.09328131354677337, 13184, 0.0, 0.0, 0.0, 0, 0.0, 0.0, -1] 0
angular/angular.js 8465 13798 [0.010342868975298616, 96, 0.04912109622124628, 1482, 0.0, 0.0, 0.0, 0, 0.0, 0.0, -1] 0
angular/angular.js 6998 8923 [0.001977859106874537, 32, -0.0019029568095659069, 184, 0.0, 0.0, 0.0, 0, 0.0, 0.0, 0] 0
angular/angular.js 11311 8210 [0.18425365277099842, 35, 0.04658724137547855, 990, 0.17386890165522229, 0.0, 0.0, 0, 0.0, 0.0, 0] 0
angular/angular.js 3517 5661 [-0.014802694180981436, 90, 0.11485988051343446, 441, 0.0, 0.0, 0.0, 0, 0.0, 0.0, 0] 0
angular/angular.js 6688 5611 [0.0017628729125572322, 42, 0.0472463633274198, 280, 0.0, 0.0, 0.0, 0, 0.0, 0.0, -1] 0
angular/angular.js 9268 10611 [-0.024154347285467604, 24, 0.02415417601100671, 45, 0.0, 0.0, 0.0, 0, 0.0, 0.0, 0] 0
angular/angular.js 2488 14613 [0.005709846826572283, 32, 0.16604366524411923, 1932, 0.0, 0.0, 0.0, 0, 0.0, 0.0, -1] 0
angular/angular.js 10500 3147 [0.022191924312137318, 30, 0.07725126459898723, 234, 0.0, 0.0, 0.0, 0, 0.0, 0.0, 0] 0
angular/angular.js 7219 328 [0.005106011099457347, 24, 0.16699933043837234, 1275, 0.0, 0.0, 0.0, 0, 0.0, 0.0, 0] 0
angular/angular.js 2083 12633 [-0.005924937577029708, 77, 0.005264018626066353, 867, 0.0, 0.0, 0.0, 0, 0.0, 0.0, -1] 0
angular/angular.js 10445 330 [0.010414931034145349, 77, 0.13231584591682374, 1440, 0.005983627261309936, 0.0, 0.0, 0, 0.0, 0.0, 0] 0
angular/angular.js 3123 8594 [0.07810399098719878, 98, -0.016837620658003493, 220, 0.0, 0.0, 0.0, 0, 0.0, 0.0, 0] 0
angular/angular.js 8736 8875 [0.06595307496117911, 81, 0.05543478089129763, 645, 0.16339728850200624, 0.0, 0.0, 0, 0.0, 0.0, 0] 0
angular/angular.js 3951 5063 [0.05655350950559397, 72, 0.14590508135821373, 19008, 0.019883689206686657, 0.0, 0.0, 0, 0.0, 0.0, -1] 0
angular/angular.js 15763 125 [-0.014944929206020113, 54, 0.1408500888643699, 1406, 0.0, 0.0, 0.0, 0, 0.0, 0.0, -1] 0
angular/angular.js 4583 12145 [0.0647972243387993, 182, 0.10387949738740353, 3298, 0.0, 0.0, 0, 0, 0.0, 0.0, 0] 0
angular/angular.js 8462 11617 [-0.015006009914450644, 63, 0.029194563145633696, 845, 0.0, 0.0, 0, 0, 0.0, 0.0, -1] 0
angular/angular.js 1653 8965 [-0.0041131849180494956, 80, 0.028517466870815897, 385, 0.0, 0.0, 0.0, 0, 0.0, 0.0, -1] 0
angular/angular.js 4312 2094 [-0.004707367937913663, 25, 0.033514143434829086, 555, 0.0, 0.0, 0.0, 0, 0.0, 0.0, 0] 0
angular/angular.js 9317 11973 [0.07885393254720817, 72, 0.21786357789262245, 1200, 0.17722938923964163, 0.0, 0.0, 0, 0.0, 0.0, -1] 0
angular/angular.js 10199 5522 [0.19905027815689968, 66, 0.005183898141993627, 456, 0.0, 0.0, 0.0, 0, 0.0, 0.0, -1] 0
angular/angular.js 7292 14151 [0.0006959586025442595, 72, 0.15340517949785168, 4346, 0.0, 0.0, 0.0, 0, 0.0, 0.0, -1] 0
angular/angular.js 8106 4792 [0.013071236769928043, 50, 0.06822224673773448, 186, 0.0, 0.0, 0.0, 0, 0.0, 0.0, 0] 0
angular/angular.js 4940 2357 [-0.013194264463584847, 66, -0.021022533356773197, 232, 0.0, 0.0, 0.0, 0, 0.0, 0.0, 0] 0
angular/angular.js 9252 14234 [0.0037535181921214116, 30, 0.018141770529015614, 1470, 0.0, 0.0, 0.0, 0, 0.0, 0.0, 0] 0
angular/angular.js 7866 6434 [-0.005828002775586284, 48, -0.02124824063617515, 792, 0.033821635043649975, 0.0, 0.0, 0, 0.0, 0.0, 0] 0
angular/angular.js 8168 1461 [0.4698033352014027, 21, 0.003427684932532983, 270, 0.0, 0.0, 0.0, 0, 0.0, 0.0, 0] 0
angular/angular.js 8098 4344 [0.07497528486711122, 99, 0.08593502716408075, 1904, 0.0, 0.0, 0.0, 0, 0.0, 0.0, -1] 0
angular/angular.js 7149 7739 [0.16683038142067871, 90, 0.12154052938090285, 288, 0.19989668382344025, 0.0, 0.0, 0, 0.0, 0.0, -1] 0
angular/angular.js 7555 16119 [0.5574398976033441, 30, 0.0035076731301001006, 108, 0.0, 0.0, 1.0, 2, 0.0, 0.0, -1] 0
angular/angular.js 7641 11044 [0.09199965461212874, 80, 0.017512573777454854, 570, 0.0, 0.0, 0.0, 0, 0.0, 0.0, -1] 0
angular/angular.js 14458 1646 [-0.012158887561313251, 24, 0.0035492665378723223, 1008, 0.030346163635776077, 0.0, 0.0, 0, 0.0, 0.0, 0] 0
angular/angular.js 9289 4824 [0.15380078419086862, 56, 0.011320294145075151, 722, 0.0, 0.0, 0.0, 0, 0.0, 0.0, 0] 0
angular/angular.js 7579 5646 [0.00012657253981145943, 48, 0.03257683519625379, 1107, 0.0, 0.0, 0.0, 0, 0.0, 0.0, -1] 0
angular/angular.js 1402 9193 [0.11757286731291745, 80, 0.009218999919411414, 3096, 0.12197614513243757, 0.0, 0.0, 0, 0.0, 0.0, 0] 0
angular/angular.js 3006 1983 [0.29505195677755874, 40, 0.20387810074717194, 696, 0.0, 0.0, 0.0, 0, 0.0, 0.0, 0] 0
angular/angular.js 8747 7484 [-0.00959606592983244, 40, 0.013707211647976158, 2451, 0.0, 0.0, 0.0, 0, 0.0, 0.0, 0] 0
angular/angular.js 6168 11833 [0.2957222485613861, 64, 0.0006679257868419698, 140, 0.0, 0.0, 0.0, 0, 0.0, 0.0, 0] 0
angular/angular.js 4324 8463 [0.01408254295236634, 72, 0.1576946527838722, 880, 0.0, 0.0, 0.0, 0, 0.0, 0.0, 0] 0
angular/angular.js 9318 10826 [0.010257611082342327, 78, 0.115632278175192, 7452, 0.02749286996141075, 0.0, 0.0, 0, 0.0, 0.0, -1] 0
angular/angular.js 13036 9262 [0.04183871896997894, 90, 0.002947667878232006, 96, 0.08843428936227145, 0.0, 0.0, 0, 0.0, 0.0, -1] 0
angular/angular.js 4509 16281 [-0.0048841581516449835, 48, 0.21054828186853025, 14060, 0.0, 0.0, 0.0, 0, 0.0, 0.0, -1] 0
angular/angular.js 12994 13663 [-0.006450078531034045, 112, 0.20486165045382024, 670, 0.07843304784240032, 0.0, 0.0, 0, 0.0, 0.0, 0] 0
angular/angular.js 6894 7751 [0.013246812384392093, 99, 0.2935560406155085, 3816, 0.0, 0.0, 0.0, 0, 0.0, 0.0, 0] 0
angular/angular.js 116 12592 [-0.007324624488329474, 20, -0.0055213007997210045, 182, 0.21022093494735197, 0.0, 0.0, 0, 0.0, 0.0, -1] 0
angular/angular.js 3278 14890 [0.03272287518207964, 56, 0.21699226334453645, 4636, 0.13240097299600473, 0.0, 0.0, 0, 0.0, 0.0, -1] 0
angular/angular.js 13236 7484 [0.02447862485187523, 45, -0.001635933167173186, 627, 0.0, 0.0, 0.0, 0, 0.0, 0.0, -1] 0
angular/angular.js 11333 9681 [0.04935218276430335, 90, -0.0020311316756565843, 171, 0.1073632340938355, 0.0, 0.0, 0, 0.0, 0.0, -1] 0
angular/angular.js 5545 10896 [0.003091017927665455, 42, -0.00302488709500805, 100, 0.0, 0.0, 0.0, 0, 0.0, 0.0, 0] 0
angular/angular.js 10716 4173 [-0.005763838924878764, 40, 0.10256247127025556, 1058, 0.0, 0.0, 0.0, 0, 0.0, 0.0, 0] 0
angular/angular.js 3571 6706 [0.002448584793432049, 56, 0.0600550545915712, 4674, 0.0, 0.0, 0.0, 0, 0.0, 0.0, -1] 0
angular/angular.js 10647 6385 [0.08495122026799057, 100, 0.019788768220345313, 1188, 0.0, 0.0, 0.0, 0, 0.0, 0.0, -1] 0
angular/angular.js 14764 11952 [0.24685367120572935, 48, -0.006496196504406248, 720, 0.0, 0.0, 0.0, 0, 0.0, 0.0, 0] 0
angular/angular.js 1105 10712 [0.12862375357253136, 24, -0.018679978692027713, 35, 0.0, 0.0, 0.0, 0, 0.0, 0.0, 0] 0
angular/angular.js 13701 14878 [-0.02431031706266093, 24, 0.004290043331572762, 252, 0.0, 0.0, 0.0, 0, 0.0, 0.0, -1] 0
angular/angular.js 4091 2426 [0.010878509406626994, 90, 0.20735723750201202, 648, 0.08417112422308334, 0.0, 0.0, 0, 0.0, 0.0, -1] 0
angular/angular.js 12212 10820 [-0.008693076096341188, 70, 0.0013000614996135924, 1110, 0.0, 0.0, 0.0, 0, 0.0, 0.0, 0] 0
angular/angular.js 12155 10375 [0.013487731342382188, 99, 0.09602859463395909, 1400, 0.042896829840336416, 0.0, 0.0, 0, 0.0, 0.0, 0] 0
angular/angular.js 1077 8011 [-0.0010979709398551399, 24, 0.1985860769784494, 1349, 0.0, 0.0, 0.0, 0, 0.0, 0.0, 0] 0
angular/angular.js 16550 15265 [-0.004671322601674589, 110, 0.4589472149113644, 21279, 0.0, 0.0, 0.0, 0, 0.0, 0.0, -1] 0
angular/angular.js 8228 5686 [0.08575248133650355, 77, 0.1446578105075685, 656, 0.0, 0.0, 0.0, 0, 0.0, 0.0, -1] 0
angular/angular.js 16065 6181 [0.014791898002137528, 42, 0.17751727485069307, 9840, 0.0, 0.0, 0.0, 0, 0.0, 0.0, -1] 0
angular/angular.js 11617 12860 [0.09923911164343188, 54, 0.008587436767793895, 325, 0.0, 0.0, 0, 0, 0.0, 0.0, 0] 0
angular/angular.js 8228 3850 [0.017473857356492466, 77, 0.01742721096818172, 820, 0.0, 0.0, 0.0, 0, 0.0, 0.0, -1] 0
angular/angular.js 14793 6605 [-0.029047955045098755, 27, 0.004416792882030157, 171, 0.0, 0.0, 0.0, 0, 0.0, 0.0, 0] 0
angular/angular.js 9637 7079 [0.01197185762948193, 35, -0.0056629179105025336, 210, 0.0, 0.0, 0.0, 0, 0.0, 0.0, 0] 0
angular/angular.js 15654 1595 [0.022292404571685857, 144, 0.04603380894785427, 2500, 0.050849283618092135, 0.0, 0.0, 0, 0.0, 0.0, 0] 0
angular/angular.js 2580 8802 [0.3993359206075416, 143, 0.019347693402206798, 70, 0.020050913758004066, 0.0, 0.0, 0, 0.0, 0.0, 0] 0
angular/angular.js 15391 5222 [-0.0107321501513049, 55, -0.005329020927102025, 232, 0.0, 0.0, 0.0, 0, 0.0, 0.0, 0] 0
angular/angular.js 13598 9772 [0.01857057488954135, 210, 0.17212812064648225, 9594, 0.0421568674955923, 0.0, 0.0, 0, 0.0, 0.0, -1] 0
angular/angular.js 5285 3700 [0.029124064370663495, 77, 0.3356503758541502, 266, 0.0, 0.0, 0.0, 0, 0.0, 0.0, 0] 0
angular/angular.js 12201 15573 [0.02418770589373876, 36, 0.13182941209554125, 4374, 0.0, 0.0, 0.0, 0, 0.0, 0.0, -1] 0
angular/angular.js 4078 5967 [0.0004353962925666058, 35, 0.16374225020625469, 2037, 0.0, 0.0, 0.0, 0, 0.0, 0.0, 0] 0
angular/angular.js 10591 13493 [-0.008151631418407954, 64, -0.007750948051403463, 325, 0.0, 0.0, 0.0, 0, 0.0, 0.0, -1] 0
angular/angular.js 9226 14796 [0.08014871126423465, 40, 0.12917759410527632, 279, 0.0, 0.0, 0.0, 0, 0.0, 0.0, 0] 0
angular/angular.js 11880 2736 [0.005878508704526411, 50, 0.006150237024762378, 104, 0.0, 0.0, 0.0, 0, 0.0, 0.0, 0] 0
angular/angular.js 7649 9312 [0.016625511838748108, 30, 0.01587032523832302, 78, 0.0, 0.0, 0.0, 0, 0.0, 0.0, 0] 0
angular/angular.js 12112 2745 [-0.015444939833420143, 100, 0.0802731035068678, 720, 0.0, 0.0, 0.0, 0, 0.0, 0.0, 0] 0
angular/angular.js 10724 12240 [0.01160870297622988, 63, 0.08487557753478965, 1560, 0.0, 0.0, 0.0, 0, 0.0, 0.0, -1] 0
angular/angular.js 16490 8253 [0.027839599452607798, 90, 0.2364259253615408, 9269, 0.0, 0.0, 0.0, 0, 0.0, 0.0, -1] 0
angular/angular.js 2705 7463 [0.007591718865858617, 18, 0.05662270393665488, 3102, 0.0, 0.0, 0.0, 0, 0.0, 0.0, 0] 0
angular/angular.js 10725 5037 [0.0023118037355303422, 54, 0.1668385597972833, 50264, 0.0, 0.0, 0.0, 0, 0.0, 0.0, 0] 0
angular/angular.js 2284 5375 [-0.002976651970477366, 110, 0.14260965726730224, 532, 0.0, 0.0, 0.0, 0, 0.0, 0.0, 0] 0
angular/angular.js 2316 868 [-0.0009273778690578146, 12, 0.0677995857567319, 238, 0.0, 0.0, 0.0, 0, 0.0, 0.0, -1] 0
angular/angular.js 16518 14394 [0.018427261447492696, 143, 0.40989040548176786, 45440, 0.16415269654937484, 0.0, 0.0, 0, 0.0, 0.0, -1] 0
angular/angular.js 15291 2006 [0.013873111166666353, 12, 0.1668481701462348, 2368, 0.0, 0.0, 0.0, 0, 0.0, 0.0, 0] 0
angular/angular.js 6129 3786 [0.03586334645138144, 99, 0.07750225720486933, 3780, 0.04535065988685326, 0.0, 0.0, 0, 0.0, 0.0, -1] 0
angular/angular.js 14309 13945 [0.035603838910149566, 88, 0.09875071904900365, 12276, 0.0, 0.0, 0.0, 0, 0.0, 0.0, -1] 0
angular/angular.js 6261 9072 [0.029146909436586054, 40, 0.0009698993347299101, 4462, 0.0, 0.0, 0.0, 0, 0.0, 0.0, -1] 0
angular/angular.js 9299 4549 [0.0025761836976601806, 117, 0.20554003986057662, 470, 0.04459022453199684, 0.0, 0.0, 0, 0.0, 0.0, 0] 0
angular/angular.js 14147 15117 [0.00934124300187958, 30, 0.7614129436482907, 8343, 0.0, 0.0, 0.0, 0, 0.0, 0.0, -1] 0
angular/angular.js 13293 4329 [-0.016079681169189317, 27, 0.009227850916678009, 3432, 0.0, 0.0, 0.0, 0, 0.0, 0.0, -1] 0
angular/angular.js 15184 9910 [0.18753259406590045, 66, 0.10616607226626008, 1100, 0.0, 0.0, 0.0, 0, 0.0, 0.0, -1] 0
angular/angular.js 14694 13675 [0.02398582509215995, 28, 0.2043958527589528, 104, 0.0, 0.0, 0.0, 0, 0.0, 0.0, -1] 0
angular/angular.js 5209 3824 [0.0300649226211598, 64, -0.0036479453445732997, 540, 0.0, 0.0, 0.0, 0, 0.0, 0.0, 0] 0
angular/angular.js 14932 10497 [0.26024460728411497, 70, 0.203756205229621, 6048, 0.16873646471459125, 0.0, 0.0, 0, 0.0, 0.0, -1] 0
angular/angular.js 4194 14292 [0.006499098991867614, 80, 0.04579762281843662, 4158, 0.0, 0.0, 0.0, 0, 0.0, 0.0, -1] 0
angular/angular.js 12898 8065 [0.12017084617880805, 35, 0.01248694552794742, 189, 0.0, 0.0, 0.0, 0, 0.0, 0.0, 0] 0
angular/angular.js 12436 7571 [0.02376965239150541, 49, -0.013621863749249794, 646, 0.0, 0.0, 0.0, 0, 0.0, 0.0, 0] 0
angular/angular.js 7811 4343 [0.0003389604158764948, 63, 0.006718713108583867, 258, 0.0, 0.0, 0.0, 0, 0.0, 0.0, 0] 0
angular/angular.js 12745 9037 [0.05060397814413772, 100, 0.09017261631344253, 810, 0.011194341570991126, 0.0, 0.0, 0, 0.0, 0.0, -1] 0
angular/angular.js 12867 15420 [0.13377854117461221, 120, 0.15818620408843623, 2870, 0.018692387044353803, 0.0, 0.0, 0, 0.0, 0.0, -1] 0
angular/angular.js 3020 2793 [0.02130866781485869, 64, 0.06175965533353148, 5220, 0.0, 0.0, 0.0, 0, 0.0, 0.0, 0] 0
angular/angular.js 9706 10068 [0.15515071944527478, 42, 0.03417316989714636, 1242, 0.0, 0.0, 0.0, 0, 0.0, 0.0, 0] 0
angular/angular.js 10373 4694 [-0.0025080188542405527, 80, 0.0332975581845673, 944, 0.08449328845964453, 0.0, 0.0, 0, 0.0, 0.0, 0] 0
angular/angular.js 3454 15448 [0.13086423943702485, 48, 0.04907274995137394, 1711, 0.0, 0.0, 0.0, 0, 0.0, 0.0, 0] 0
angular/angular.js 9671 9358 [0.0005619848149196036, 40, 0.19921848342481033, 1617, 0.0, 0.0, 0.0, 0, 0.0, 0.0, -1] 0
angular/angular.js 8101 6022 [0.018003973444871223, 130, 0.1774463020955922, 364, 0.0, 0.0, 0.0, 0, 0.0, 0.0, -1] 0
angular/angular.js 3902 16362 [0.0040849989731439685, 80, 0.007397266554869444, 2472, 0.0, 0.0, 0.0, 0, 0.0, 0.0, 0] 0
angular/angular.js 3075 2673 [0.007337453716959659, 48, 0.2776530925527259, 792, 0.043355498476206004, 0.0, 0.0, 0, 0.0, 0.0, 0] 0
angular/angular.js 8753 3198 [0.1625117411125634, 42, 0.2876439632041035, 2664, 0.035236615491118534, 0.0, 0.0, 0, 0.0, 0.0, 0] 0
angular/angular.js 4665 15713 [0.053856552517489754, 40, 0.08674505156403721, 390, 0.0, 0.0, 0.0, 0, 0.0, 0.0, 0] 0
angular/angular.js 2504 4915 [0.025870630259162187, 50, 0.14775921724194646, 297, 0.0, 0.0, 0.0, 0, 0.0, 0.0, 0] 0
angular/angular.js 3694 14983 [0.008909068432532006, 72, 0.08753076799933879, 747, 0.0, 0.0, 0.0, 0, 0.0, 0.0, -1] 0
angular/angular.js 16364 5433 [-0.01086445480424308, 35, 0.1232878026320915, 6174, 0.533088500268402, 0.0, 0.0, 0, 0.0, 0.0, -1] 0
angular/angular.js 13058 13438 [0.00867066563699297, 88, 0.04041256340560946, 7980, 0.04273467418774576, 0.0, 0.0, 0, 0.0, 0.0, -1] 0
angular/angular.js 2611 12554 [0.17107669874044243, 99, 0.0666770638734763, 600, 0.0, 0.0, 0.0, 0, 0.0, 0.0, 0] 0
angular/angular.js 5193 4929 [0.09274150667159925, 88, 0.051190843120921176, 364, 0.10583109769315469, 0.0, 0.0, 0, 0.0, 0.0, -1] 0
angular/angular.js 11960 7558 [-0.00036830545781570357, 49, 0.028124854954800025, 944, 0.0, 0.0, 0.0, 0, 0.0, 0.0, 0] 0
angular/angular.js 16242 7884 [0.0007096775933645902, 30, 0.022880870385268974, 1617, 0.0, 0.0, 0.0, 0, 0.0, 0.0, 0] 0
angular/angular.js 6762 6292 [0.0062283714584194716, 70, 0.005017590087262675, 468, 0.0, 0.0, 0.0, 0, 0.0, 0.0, -1] 0
angular/angular.js 14177 16365 [0.00783166683620972, 42, 0.8124280617843229, 10092, 0.0, 0.0, 0.0, 0, 0.0, 0.0, -1] 0
angular/angular.js 5837 12016 [0.09684144726285976, 54, 0.04469791363116503, 210, 0.0, 0.0, 0.0, 0, 0.0, 0.0, 0] 0
angular/angular.js 12046 11695 [-0.01002140244619576, 56, 0.02305210935302073, 160, 0.0, 0.0, 0.0, 0, 0.0, 0.0, 0] 0
angular/angular.js 7124 7858 [0.4694094398523413, 120, 0.5042480486866837, 1764, 0.56382730917179, 0.56382730917179, 1.0, 2, 0.0, 0.0, -1] 0
angular/angular.js 9818 1926 [-0.003259784025805595, 56, 0.07994734862516131, 989, 0.0, 0.0, 0.0, 0, 0.0, 0.0, -1] 0
angular/angular.js 332 12654 [0.09165182859226195, 70, 0.27291537736806415, 630, 0.0, 0.0, 0.0, 0, 0.0, 0.0, -1] 0
angular/angular.js 14218 8851 [-0.0053463668241436986, 54, 0.11362847855139102, 9792, 0.0, 0.0, 0.0, 0, 0.0, 0.0, -1] 0
angular/angular.js 14901 1359 [0.004694205013491488, 36, 0.14606221788646304, 4731, 0.0, 0.0, 0.0, 0, 0.0, 0.0, -1] 0
angular/angular.js 7271 7034 [-0.0009756471412802665, 35, 0.5139212924411237, 1560, 0.0, 0.0, 0.0, 0, 0.0, 0.0, -1] 0
angular/angular.js 677 7689 [-0.009209152002799018, 104, 0.012530032346623395, 836, 0.0, 0.0, 0.0, 0, 0.0, 0.0, 0] 0
angular/angular.js 14131 6703 [-0.0033103755245955384, 27, 0.0676080127883816, 406, 0.003460391266931051, 0.0, 0.0, 0, 0.0, 0.0, -1] 0
angular/angular.js 7176 1910 [0.038492677049726566, 120, 0.5201595977187633, 1134, 0.0, 0.0, 0.0, 0, 0.0, 0.0, 0] 0
angular/angular.js 8697 13604 [-0.00042546932548282845, 154, 0.06971465749215058, 408, 0.0, 0.0, 0.3333333333333333, 1, 0.0, 0.0, 0] 0
angular/angular.js 15384 11725 [0.016572009453700347, 81, 0.4008284052477106, 560, 0.0, 0.0, 0.0, 0, 0.0, 0.0, 0] 0
angular/angular.js 3710 3356 [0.039103887116564345, 70, 0.07568979336704863, 1372, 0.109971479845643, 0.0, 0.0, 0, 0.0, 0.0, 0] 0
angular/angular.js 3696 8857 [-0.009986302431273481, 54, 0.08172033314951763, 1196, 0.0, 0.0, 0.0, 0, 0.0, 0.0, -1] 0
angular/angular.js 9619 11156 [0.12063778311603973, 50, 0.05420658484051406, 900, 0.0, 0.0, 0.0, 0, 0.0, 0.0, -1] 0
angular/angular.js 3064 5681 [0.06753427099733182, 32, 0.02365005368273717, 240, 0.0, 0.0, 0.0, 0, 0.0, 0.0, 0] 0
angular/angular.js 13273 8005 [0.18822356618598346, 54, 0.0945417264482855, 2967, 0.16638025727841707, 0.0, 0.0, 0, 0.0, 0.0, 0] 0
angular/angular.js 312 883 [-0.0033835547310962716, 50, 0.06955961157095557, 986, 0.0, 0.0, 0.0, 0, 0.0, 0.0, -1] 0
angular/angular.js 10284 11888 [-0.01576077547998918, 264, 0.021184075258643145, 819, 0.0, 0.0, 0.0, 0, 0.0, 0.0, -1] 0
angular/angular.js 12465 8913 [-0.009217524159405466, 63, 3.5554013243748585e-05, 216, 0.08700508121069686, 0.0, 0.0, 0, 0.0, 0.0, -1] 0
angular/angular.js 5579 15104 [0.0006650548694920676, 130, 0.1987839801903796, 6195, 0.030457441400236557, 0.0, 0.0, 0, 0.0, 0.0, -1] 0
angular/angular.js 9351 8603 [0.015549369137285642, 60, 0.11617913766701328, 576, 0.11165574787346376, 0.0, 0.0, 0, 0.0, 0.0, 0] 0
angular/angular.js 318 12552 [0.0074436595293917865, 20, 0.03828535043260985, 1024, 0.0, 0.0, 0.0, 0, 0.0, 0.0, 0] 0
angular/angular.js 9221 964 [-0.0047145363403248985, 105, 0.06008613079695185, 348, 0.011754135979637028, 0.0, 0.0, 0, 0.0, 0.0, -1] 0
angular/angular.js 318 11853 [0.0030984952985977526, 85, 0.03606230742610049, 1472, 0.17687755467541122, 0.0, 0.0, 0, 0.0, 0.0, 0] 0
angular/angular.js 10375 6101 [-0.0011908248107386145, 99, 0.23578337327734264, 1375, 0.008803229617043969, 0.0, 0.0, 0, 0.0, 0.0, 0] 0
angular/angular.js 10620 4948 [0.003823695997166023, 60, 0.0005783364832637758, 318, 0.2085144140570748, 0.0, 0.0, 0, 0.0, 0.0, 0] 0
angular/angular.js 539 2494 [0.05973904840094219, 91, 0.014811308711775115, 2318, 0.0, 0.0, 0.0, 0, 0.0, 0.0, -1] 0
angular/angular.js 3043 2808 [-0.009217613599367373, 18, 0.07583547238825097, 2716, 0.07563436153750089, 0.0, 0.0, 0, 0.0, 0.0, 0] 0
angular/angular.js 10276 7828 [0.20493721070678883, 24, 0.03188884520308583, 130, 0.10450741664318887, 0.0, 0.0, 0, 0.0, 0.0, -1] 0
angular/angular.js 14402 6995 [0.1238784348587008, 90, 0.14530801742509866, 21798, 0.06016870890901646, 0.0, 0.0, 0, 0.0, 0.0, -1] 0
angular/angular.js 7674 8407 [-0.006821821785293476, 24, 0.043766330215070114, 54, 0.0, 0.0, 0.0, 0, 0.0, 0.0, 0] 0
angular/angular.js 6911 6737 [0.07326910379762089, 72, 0.10601261044339215, 3619, 0.026688025634181187, 0.0, 0.0, 0, 0.0, 0.0, -1] 0
angular/angular.js 4662 11030 [0.005010734467928608, 48, 0.020775363291520722, 2550, 0.0, 0.0, 0.0, 0, 0.0, 0.0, 0] 0
angular/angular.js 4233 7879 [0.03468597801020329, 63, -0.0022553657598021774, 80, 0.0, 0.0, 0.0, 0, 0.0, 0.0, 0] 0
angular/angular.js 13695 12254 [0.16486145923845444, 40, -0.016741030526982847, 182, 0.0, 0.0, 0.0, 0, 0.0, 0.0, -1] 0
angular/angular.js 1158 6998 [-0.004800921040622002, 8, 0.03159115285919233, 20, 0.0, 0.0, 0.0, 0, 0.0, 0.0, 0] 0
angular/angular.js 855 758 [0.10798953790875035, 54, -0.006317206896227946, 216, 0.0803738036950687, 0.0, 0.0, 0, 0.0, 0.0, 0] 0
angular/angular.js 3108 11623 [-0.0029899927689025487, 108, 0.006424047369333088, 1224, 0.0, 0.0, 0.0, 0, 0.0, 0.0, 0] 0
angular/angular.js 13445 9214 [0.15967688409404915, 42, 0.1307064126079719, 999, 0.0, 0.0, 0.0, 0, 0.0, 0.0, -1] 0
angular/angular.js 9883 14264 [-0.0062741866054593825, 80, 0.027213589466215455, 7021, 0.0, 0.0, 0.0, 0, 0.0, 0.0, 0] 0
angular/angular.js 24 14402 [0.09063320172536675, 45, 0.031499878273081004, 1386, 0.0658737892345734, 0.0, 0.0, 0, 0.0, 0.0, 0] 0
angular/angular.js 8303 7007 [0.04213572804950572, 130, 0.18357500605259588, 11016, 0.0, 0.0, 0.0, 0, 0.0, 0.0, -1] 0
angular/angular.js 6405 3353 [0.011936654273470371, 91, 0.25849909909292823, 3045, 0.0, 0.0, 0.0, 0, 0.0, 0.0, 0] 0
angular/angular.js 10631 7083 [0.012471781583242433, 30, 0.0656883165922294, 2530, 0.0, 0.0, 0.0, 0, 0.0, 0.0, -1] 0
angular/angular.js 13634 15522 [0.7064797885030393, 25, 0.18872918261063396, 2880, 0.055454510040331716, 0.05279317533940967, 0.5, 2, 0.0, 0.0, -1] 0
angular/angular.js 3028 15442 [-0.0006279678810087595, 28, 0.0871952613497922, 105, 0.0, 0.0, 0, 0, 0.0, 0.0, 0] 0
angular/angular.js 6346 16203 [0.12827924923722664, 63, 0.08812774320957323, 1968, 0.0, 0.0, 0.0, 0, 0.0, 0.0, 0] 0
angular/angular.js 15463 10989 [0.00794568661921762, 70, 0.0036260909623947964, 657, 0.0, 0.0, 0.0, 0, 0.0, 0.0, 0] 0
angular/angular.js 2236 4784 [-0.012911439945566271, 56, -0.01191265505555598, 78, 0.0, 0.0, 0.0, 0, 0.0, 0.0, 0] 0
angular/angular.js 13826 14696 [0.15785137262540172, 35, 0.01409597292502332, 747, 0.0, 0.0, 0.0, 0, 0.0, 0.0, 0] 0
angular/angular.js 14995 7930 [-0.0008490454166165689, 66, 0.2042171341013785, 2232, 0.0, 0.0, 0.0, 0, 0.0, 0.0, 0] 0
angular/angular.js 7649 6216 [-0.004474420175815568, 25, -0.012073804687164295, 54, 0.0, 0.0, 0.0, 0, 0.0, 0.0, 0] 0
angular/angular.js 11381 15135 [0.2676833444990768, 60, 0.1889782334934425, 6104, 0.0, 0.0, 0.5, 1, 0.0, 0.0, -1] 0
angular/angular.js 6083 14011 [-0.0037452055066936117, 126, 0.0036069845958151252, 884, 0.0, 0.0, 0.0, 0, 0.0, 0.0, 0] 0
angular/angular.js 10680 10298 [0.15335329896802888, 42, 0.009732859332895718, 88, 0.0, 0.0, 0.0, 0, 0.0, 0.0, 0] 0
angular/angular.js 936 10138 [0.08213353384450299, 99, 0.0, 0, 0.08332432383729821, 0.0, 0.0, 0, 0.0, 0.0, -1] 0
angular/angular.js 7702 10750 [0.20647550540699133, 90, -0.016536450137227994, 225, 0.10908017166150483, 0.0, 0.0, 0, 0.0, 0.0, 0] 0
angular/angular.js 7374 9260 [0.07994102113792399, 96, 0.00597625552090318, 660, 0.060300456757755805, 0.0, 0.0, 0, 0.0, 0.0, -1] 0
angular/angular.js 7502 884 [0.0007320956010088681, 24, -2.7633600450261077e-05, 56, 0.0, 0.0, 0.0, 0, 0.0, 0.0, -1] 0
angular/angular.js 14640 7948 [0.10538111962649047, 110, 0.05093083735842004, 798, 0.1107014024568866, 0.0, 0.0, 0, 0.0, 0.0, -1] 0
angular/angular.js 5901 4526 [0.009709021419826255, 32, 0.014882359977929391, 1071, 0.0, 0.0, 0.0, 0, 0.0, 0.0, -1] 0
angular/angular.js 12745 7816 [0.09341378115523578, 70, 0.020795303995035735, 459, 0.0, 0.0, 0.0, 0, 0.0, 0.0, 0] 0
angular/angular.js 8941 3331 [0.010237102417776069, 72, 0.0613623533536521, 16510, 0.2677366947448767, 0.18772723511126496, 0.07692307692307693, 2, 0.014240506329113924, 0.08035714285714286, 0] 0
angular/angular.js 11784 3634 [0.10136345231407286, 88, 0.12934972253369637, 1550, 0.0, 0.0, 0.0, 0, 0.0, 0.0, -1] 0
angular/angular.js 13156 15680 [-0.006891583630238362, 48, 0.01634332524211239, 1248, 0.0, 0.0, 0.0, 0, 0.0, 0.0, -1] 0
angular/angular.js 9718 8845 [0.08483395268493106, 56, 0.09537583874494915, 3472, 0.27578049354391115, 0.0, 0.0, 0, 0.0, 0.0, -1] 0
angular/angular.js 7908 8112 [-0.006069739010779857, 78, 0.053431226379480265, 2160, 0.0, 0.0, 0.0, 0, 0.0, 0.0, 0] 0
angular/angular.js 7265 15326 [0.008256862230412118, 96, 0.1389729874858418, 8502, 0.10814761408717502, 0.0, 0.0, 0, 0.0, 0.0, 0] 0
angular/angular.js 2960 10056 [0.010497410149453577, 81, -0.01150243518965401, 392, 0.05976143046671968, 0.0, 0.0, 0, 0.0, 0.0, 0] 0
angular/angular.js 9601 2126 [0.0010484278368993389, 45, -0.003713567044482807, 66, 0.0, 0.0, 0.0, 0, 0.0, 0.0, 0] 0
angular/angular.js 2834 7086 [0.009862080289203304, 18, 0.0818112741579987, 4452, 0.02231053741265801, 0.0, 0.0, 0, 0.0, 0.0, -1] 0
angular/angular.js 3077 5386 [0.00476881553159134, 55, -0.0019844705994140534, 1794, 0.0, 0.0, 0.0, 0, 0.0, 0.0, -1] 0
angular/angular.js 8429 15828 [0.008990644213906267, 96, 0.10139984214790938, 1615, 0.0, 0.0, 0.0, 0, 0.0, 0.0, -1] 0
angular/angular.js 14033 15055 [0.010690560267940703, 63, 0.1555116187187934, 9940, 0.08639601618294136, 0.0, 0.0, 0, 0.0, 0.0, -1] 0
angular/angular.js 4323 14545 [-0.004865155597476997, 66, 0.06616485233568933, 384, 0.0, 0.0, 0.0, 0, 0.0, 0.0, 0] 0
angular/angular.js 6595 7475 [0.012889458866961252, 36, 0.4010817407382985, 9125, 0.0, 0.0, 0.0, 0, 0.0, 0.0, -1] 0
angular/angular.js 7761 9623 [0.0037981605274136753, 80, 0.20112639990851416, 2730, 0.26688081956034343, 0.0, 0.0, 0, 0.0, 0.0, -1] 0
angular/angular.js 5200 13402 [0.0705169210518019, 70, 0.0005046439252891553, 253, 0.0, 0.0, 0.0, 0, 0.0, 0.0, 0] 0
angular/angular.js 10585 12948 [0.0005986214661968408, 88, 0.05612542166915548, 888, 0.0, 0.0, 0.0, 0, 0.0, 0.0, -1] 0
angular/angular.js 1583 5773 [-0.011472987544836962, 63, 0.005987900791311772, 680, 0.006280123619169992, 0.0, 0.0, 0, 0.0, 0.0, 0] 0
angular/angular.js 2858 10297 [0.1936715562424687, 50, 0.0, 0, 0.0, 0.0, 0.0, 0, 0.0, 0.0, 0] 0
angular/angular.js 13050 13693 [0.18063466297277117, 35, 0.033369247996733784, 3813, 0.0, 0.0, 0.0, 0, 0.0, 0.0, -1] 0
angular/angular.js 14721 100 [9.520116179242864e-05, 36, 0.10133725729710809, 8892, 0.14020112752221595, 0.0, 0.0, 0, 0.0, 0.0, -1] 0
angular/angular.js 14341 13417 [0.10601105817019964, 42, 0.005460848823858938, 344, 0.06903512934533781, 0.0, 0.0, 0, 0.0, 0.0, 0] 0
angular/angular.js 7579 12722 [-0.002171139370299599, 32, -0.0016475749549796155, 279, 0.0, 0.0, 0.0, 0, 0.0, 0.0, 0] 0
angular/angular.js 15462 14242 [0.22509587678167853, 99, 0.47105406194715255, 14280, 0.061101165935934974, 0.0, 0.0, 0, 0.0, 0.0, -1] 0
angular/angular.js 12545 11611 [0.2051289244917093, 77, 0.09871660926035496, 60, 0.0, 0.0, 0.0, 0, 0.0, 0.0, 0] 0
angular/angular.js 12852 2096 [0.004272267525280249, 60, 0.0019242317855570153, 2040, 0.12825814248234127, 0.0, 0.0, 0, 0.0, 0.0, -1] 0
angular/angular.js 5557 10820 [0.06034382603812858, 140, 0.09396775663608274, 888, 0.31448810227380486, 0.0, 0.0, 0, 0.0, 0.0, 0] 0
angular/angular.js 4622 13752 [0.10836224467199496, 42, 0.0017604656921843145, 140, 0.0, 0.0, 0.0, 0, 0.0, 0.0, 0] 0
angular/angular.js 14277 6761 [0.05810065298986517, 96, 0.04830520304481481, 5676, 0.0, 0.0, 0.0, 0, 0.0, 0.0, -1] 0
angular/angular.js 14795 4929 [0.036485174669359195, 32, -0.003788749326574672, 1222, 0.03530902295016129, 0.0, 0.0, 0, 0.0, 0.0, -1] 0
angular/angular.js 12234 6706 [0.016899165248928386, 64, 0.07123347786436207, 4387, 0.0, 0.0, 0.0, 0, 0.0, 0.0, -1] 0
angular/angular.js 11497 1885 [0.0011184798450901462, 35, -0.008472415111684903, 65, 0.0, 0.0, 0.0, 0, 0.0, 0.0, 0] 0
angular/angular.js 12794 1931 [0.0043669246844012, 28, 0.11021632853636537, 684, 0.0, 0.0, 0.0, 0, 0.0, 0.0, 0] 0
angular/angular.js 328 11103 [0.010576002380089688, 36, 0.03752527147999788, 1173, 0.0, 0.0, 0.0, 0, 0.0, 0.0, 0] 0
angular/angular.js 1984 14856 [-0.027136044030284613, 20, 0.05080614801481446, 847, 0.0, 0.0, 0.0, 0, 0.0, 0.0, 0] 0
angular/angular.js 13183 2116 [0.005984270305138344, 117, 0.10486720684571078, 8418, 0.06700450003227149, 0.0, 0.0, 0, 0.0, 0.0, -1] 0
angular/angular.js 4122 6386 [0.07958706945015943, 100, 0.1208086088305246, 1080, 0.0, 0.0, 0.0, 0, 0.0, 0.0, -1] 0
angular/angular.js 4807 15244 [-0.0024654935583617223, 64, 0.016979465127109693, 8100, 0.07720764699834645, 0.0, 0.0, 0, 0.0, 0.0, 0] 0
angular/angular.js 8735 4616 [0.012581601644623333, 72, 0.13563484046423144, 611, 0.023089222388351587, 0.0, 0.0, 0, 0.0, 0.0, -1] 0
angular/angular.js 12040 677 [-0.0051406456822351634, 91, 0.08582122063526504, 912, 0.0, 0.0, 0.0, 0, 0.0, 0.0, 0] 0
angular/angular.js 11413 6851 [0.1449436644239838, 35, 0.008082121477560808, 153, 0.0, 0.0, 0.0, 0, 0.0, 0.0, 0] 0
angular/angular.js 7386 7988 [0.05437021067569845, 180, 0.03833102609976238, 2624, 0.0, 0.0, 0.0, 0, 0.0, 0.0, 0] 0
angular/angular.js 4602 11958 [0.10258418164599077, 54, 0.07414771908567613, 832, 0.0, 0.0, 0.0, 0, 0.0, 0.0, -1] 0
angular/angular.js 12129 13959 [0.4999422260420421, 48, 0.029736580929215668, 42, 0.0, 0.0, 0.0, 0, 0.0, 0.0, 0]