angular/angular.js 8206 8177 [0.0, 0.22072475306223016, 0.0, 0.0, 1.0, 1, 1.0, 1.0, 0] 1
angular/angular.js 14635 12682 [0.10107442121034195, 0.08889455003569907, 0.23728191571839222, 0.8764231535012377, 0.5, 1, 0.0, 0.0, 0] 1
angular/angular.js 1602 1564 [0.01236929991695229, 0.0, 0.6474405776114035, 0.9810220371613965, 0.14285714285714285, 1, 0.15119760479041916, 1.0, -1] 1
angular/angular.js 3025 2522 [0.0, 0.13725603755900828, 0.38197908182086604, 0.6237675780059078, 0.5, 2, 0.45, 0.5853658536585366, 0] 1
angular/angular.js 3197 3082 [0.0, 0.0, 0.25678567592227425, 0.23584881017007941, 0.5, 1, 0.0, 0.0, -1] 1
angular/angular.js 5976 5536 [0.11964813296152194, 0.05745325612166363, 0.19413952106976967, 0.19413952106976967, 0.6, 3, 0.7970479704797048, 0.935064935064935, -1] 1
angular/angular.js 4021 3897 [0.0, 0.2913267360713979, 0.437772735364849, 1.0, 0.5, 1, 0.5384615384615384, 1.0, -1] 1
angular/angular.js 9481 9478 [0.0, 0.008661221940733871, 0.0, 0.0, 0.0, 0, 0.0, 0.0, 0] 1
angular/angular.js 8206 8130 [0.0, 0.13178272384681955, 0.0, 0.0, 1.0, 1, 1.0, 1.0, 0] 1
angular/angular.js 2362 2307 [0.1352954971557689, 0.0, 0.0, 0.0, 1.0, 1, 1.0, 1.0, 0] 1
angular/angular.js 12362 12307 [0.0, 0.0, 0.7175226504457655, 0.9980354295295027, 0.38446969696969696, 203, 0.8290861410409897, 0.9385608260729268, 0] 1
angular/angular.js 3082 2835 [0.0, 0.0, 0.377237165181337, 0.5541312972178045, 0.5, 1, 0.43859649122807015, 0.7575757575757576, 0] 1
angular/angular.js 7960 7776 [0.0, 0.1719970190493477, 0.018845142824145997, 0.0, 0.1, 1, 0.0, 0.0, 0] 1
angular/angular.js 3699 3697 [0.11203189976332807, 0.0, 0.011284733136519447, 0.0, 0.0, 0, 0.0, 0.0, 0] 1
angular/angular.js 12933 12166 [0.08741425387718586, 0.15773588380310144, 0.5782353527471468, 0.4422682589827556, 0.3333333333333333, 1, 0.41358024691358025, 1.0, 0] 1
angular/angular.js 9905 8005 [0.051001984780211534, 0.06615137737698172, 0.05418609224814583, 0.044283795483099846, 0.2727272727272727, 3, 0.044472681067344345, 0.12110726643598616, 0] 1
angular/angular.js 9013 4858 [0.1977824002803495, 0.24925836146328903, 0.12900912551583793, 0.9298968802540903, 0.13963039014373715, 68, 0.025738140576283246, 0.9084194977843427, 0] 1
angular/angular.js 5080 3376 [0.3811972381972541, 0.047899061797164556, 0.8732715260717415, 0.8732715260717415, 1.0, 2, 0.4166666666666667, 0.4166666666666667, 0] 1
angular/angular.js 9917 9265 [0.006600957698430641, 0.017075551378271984, 0.0018325950758476032, 0.04198197337657754, 0.4, 2, 0.06462585034013606, 0.5277777777777778, -1] 1
angular/angular.js 2439 2060 [0.11169999734009947, 0.1522398255933158, 0.046145317521787965, 0.12550794939849014, 0.5, 1, 0.0, 0.0, 0] 1
angular/angular.js 2260 2216 [0.23035379378563242, 0.0, 0.8274539838760969, 0.8601461287832035, 0.5714285714285714, 4, 0.9190620272314675, 0.9296097934200459, 0] 1
angular/angular.js 10592 7762 [0.21199969997298146, 0.03873179074054827, 0.10292311549594309, 0.10280530207960503, 0.6666666666666666, 2, 0.7761609907120743, 0.7805105853051059, 0] 1
angular/angular.js 2488 2396 [0.15008415004959647, 0.33263468549900127, 0.7969805327032997, 1.0, 0.5, 1, 0.6097560975609756, 1.0, 0] 1
angular/angular.js 4612 4479 [0.062181836977766226, 0.21862520185936263, 0.023321851699885772, 0.0, 0.0, 0, 0.0, 0.0, 1] 1
angular/angular.js 5174 5110 [0.5456120690999543, 0.021884983199209385, 0.9951863073002128, 0.9951863073002128, 1.0, 1, 1.0, 1.0, 0] 1
angular/angular.js 12524 12477 [0.18540172308205866, 0.0, 0.2357304761630596, 0.26928355136487536, 0.45454545454545453, 5, 0.7923604309500489, 0.8939226519337017, 0] 1
angular/angular.js 4369 4351 [0.23029984999237882, 0.0, 0.0, 0.0, 1.0, 1, 1.0, 1.0, 0] 1
angular/angular.js 15542 15538 [0.014350351240423031, 0.19203203007820435, 0.16651127424638712, 0.8145044678940471, 0.5, 1, 0.4166666666666667, 1.0, 1] 1
angular/angular.js 2265 2252 [0.6505727030727922, 0.0, 0.0, 0.0, 0, 0, 0.0, 0.0, 0] 1
angular/angular.js 6716 6692 [0.29898710601783834, 0.0, 0.0, 0.0, 1.0, 1, 0.0, 0.0, 0] 1
angular/angular.js 14967 6412 [0.299845880564117, 0.39703044244782404, 0.5927608168923278, 0.5946052173989705, 0.6666666666666666, 2, 0.0, 0.0, 0] 1
angular/angular.js 10619 10618 [0.2508070518067803, 0.0, 0.5606896108837817, 0.5606896108837817, 1.0, 2, 1.0, 1.0, 0] 1
angular/angular.js 12072 4282 [0.42916303569327047, 0.05304104854855988, 0.3356427267146588, 0.3941002922018867, 0.2, 1, 0.0, 0.0, -1] 1
angular/angular.js 4171 4083 [0.311972909000067, 0.23979306528658878, 0.04852655118215203, 0.0, 0.5, 1, 0.29333333333333333, 0.5641025641025641, 1] 1
angular/angular.js 15919 15917 [0.6099271917716511, 0.4776745435136559, 0.0, 0.0, 1.0, 1, 0.0, 0.0, -1] 1
angular/angular.js 8716 8628 [0.4941302522056741, 0.16445751778251344, 0.8263970000296033, 0.8352008254671572, 0.3333333333333333, 2, 0.3690205011389522, 0.4065244667503137, 1] 1
angular/angular.js 3393 1745 [0.36157253136560685, 0.18555266407551163, 0.34651943506494587, 0.20451168692386884, 0.3333333333333333, 1, 0.38372093023255816, 0.5380434782608695, 0] 1
angular/angular.js 7079 6474 [0.07149066567396507, 0.10139043696239756, 1.0, 1.0, 1.0, 1, 1.0, 1.0, 1] 1
angular/angular.js 4086 3135 [0.17666457108346378, 0.09125957157730588, 0.2576600586495817, 0.026815491375456985, 0.3333333333333333, 1, 0.0, 0.0, 0] 1
angular/angular.js 8626 8606 [0.41233113659131904, 0.22201823471185145, 0.0, 0.0, 1.0, 1, 1.0, 1.0, 0] 1
angular/angular.js 7906 7903 [0.27549639337469695, 0.6315091602688713, 0.49282519584577467, 0.6409072517399811, 0.5, 2, 0.4816753926701571, 0.92, 1] 1
angular/angular.js 5108 5101 [0.28500797729742633, 0.5919488318911739, 0.48102481052948515, 0.49977984532262937, 0.5, 1, 0.0, 0.0, 1] 1
angular/angular.js 9827 5746 [0.36961390733109173, 0.2742827370225518, 0.0, 0.0, 0.5, 1, 0.0, 0.0, 0] 1
angular/angular.js 8492 8233 [0.2723383225209182, 0.006188628914244244, 0.0, 0.0, 1.0, 2, 0.0, 0.0, 0] 1
angular/angular.js 7479 7262 [0.5908891177615837, 0.0685461492947679, 0.0, 0.0, 0.5, 1, 0.35714285714285715, 1.0, 0] 1
angular/angular.js 8206 8133 [0.37317500018305416, 0.35131200541965313, 0.0, 0.0, 0.0, 0, 0.0, 0.0, 0] 1
angular/angular.js 9356 8837 [0.39444031155602577, 0.0, 0.0, 0.0, 0.18181818181818182, 4, 0.2546972860125261, 0.9457364341085271, 0] 1
angular/angular.js 4530 4410 [0.4521268885380978, 0.703947628456615, 0.0, 0.0, 1.0, 1, 1.0, 1.0, 0] 1
angular/angular.js 1851 1701 [0.4824099965598284, 0.26559229317111355, 0.6641573563248512, 0.6641573563248512, 1.0, 2, 0.5333333333333333, 0.5333333333333333, 0] 1
angular/angular.js 13497 13495 [0.614626309132042, 0.21957147235467708, 0.0, 0.0, 1.0, 1, 1.0, 1.0, -1] 1
angular/angular.js 4940 4529 [0.5564766716548011, 0.3305794946117839, 0.4601246866373584, 0.39901007823067935, 0.5, 1, 0.6527777777777778, 1.0, 1] 1
angular/angular.js 5084 4872 [0.48140691871936137, 0.796696441446269, 0.963952670722181, 0.963952670722181, 1.0, 2, 0.6261261261261262, 0.6261261261261262, 1] 1
angular/angular.js 11803 11722 [0.7746008042089654, 0.423556877914832, 0.5062853815950702, 0.4784533997083624, 0.6, 3, 0.2760416666666667, 0.3271604938271605, 1] 1
angular/angular.js 6986 6983 [0.6607571353435218, 0.47826521089209656, 0.7817893485981735, 0.7682081000886353, 0.3333333333333333, 1, 0.6833333333333333, 1.0, 1] 1
angular/angular.js 6215 6098 [0.5951327603624921, 0.4079279365334905, 0.15448071377989597, 0.1590187024252703, 0.6666666666666666, 2, 0.47560975609756095, 0.5735294117647058, 0] 1
angular/angular.js 4544 4410 [0.7377810282044506, 0.703947628456615, 0.0, 0.0, 1.0, 1, 1.0, 1.0, 0] 1
angular/angular.js 4916 4860 [0.0, 0.0, 0.0, 0.0, 1.0, 1, 1.0, 1.0, 0] 1
angular/angular.js 4968 4963 [0.18133376929650613, 0.0, 0.0, 0.0, 1.0, 1, 0.0, 0.0, 0] 1
angular/angular.js 6876 6065 [0.6383170579784829, 0.08641517448195511, 0.892739097976204, 0.892739097976204, 1.0, 2, 0.0, 0.0, -1] 1
angular/angular.js 2399 2357 [0.6168336859212373, 0.07732757585989403, 0.0, 0.0, 0.1, 1, 0.34782608695652173, 1.0, 0] 1
angular/angular.js 4658 4615 [0.5862098276351364, 0.0, 0.0, 0.0, 1.0, 1, 1.0, 1.0, 0] 1
angular/angular.js 6807 6801 [0.7146461747226656, 0.48152537782648547, 0.8487593798618112, 0.8487593798618112, 1.0, 1, 1.0, 1.0, 1] 1
angular/angular.js 4630 4512 [0.0, 0.8554584971213319, 1.0, 1.0, 1.0, 1, 1.0, 1.0, 0] 1
angular/angular.js 11973 11097 [0.6092976145265768, 0.16659276080093505, 0.15603649228595415, 1.0, 0.5, 1, 0.0, 0.0, 0] 1
angular/angular.js 13942 13941 [0.3574573948471029, 0.8569065649267934, 0.0, 0.0, 0.5, 1, 0.25, 1.0, 1] 1
angular/angular.js 3198 2773 [0.6947721614541723, 0.29625785551276007, 0.0737342052164627, 0.18669742608135495, 0.5, 1, 0.6698113207547169, 1.0, 0] 1
angular/angular.js 11028 9964 [0.7763222951330413, 0.6494399344492217, 0.18017971142369898, 1.0, 0.5, 2, 0.3783783783783784, 0.6666666666666666, 0] 1
angular/angular.js 8034 8032 [0.24361852990162094, 0.01595969374270726, 0.33537023217443307, 0.33537023217443307, 1.0, 2, 1.0, 1.0, 0] 1
angular/angular.js 4924 4854 [0.0, 0.0, 0.0, 0.0, 1.0, 1, 1.0, 1.0, 0] 1
angular/angular.js 4300 3898 [0.28998340679995394, 0.2539038234510508, 0.6494047929782764, 0.6494047929782764, 1.0, 1, 0.56, 0.56, 0] 1
angular/angular.js 1514 1045 [0.16933972414874776, 0.2055011536929915, 0.2312216294308789, 0.2312216294308789, 1.0, 2, 0.0, 0.0, 0] 1
angular/angular.js 11790 11443 [0.2267676830006188, 0.017259616741918858, 0.036847461163823945, 0.04457691871083385, 0.4, 2, 0.0, 0.0, 0] 1
angular/angular.js 4833 4337 [0.6359041811547171, 0.4241000422348996, 0.30408739122858053, 0.00046742984462707125, 0.25, 1, 0.0, 0.0, 0] 1
angular/angular.js 8108 7902 [0.5457024377338293, 0.06892945012645552, 0.21149044478215132, 0.21149044478215132, 1.0, 2, 1.0, 1.0, 0] 1
angular/angular.js 2357 2199 [0.17496717640792073, 0.49604366381844384, 0.0, 0.0, 1.0, 1, 1.0, 1.0, 0] 1
angular/angular.js 4308 3848 [0.5336392779119719, 0.17398167776076479, 0.1545142333303817, 0.1545142333303817, 1.0, 2, 0.7020408163265306, 0.7020408163265306, -1] 1
angular/angular.js 3958 3898 [0.23197469783778157, 0.48431790536427355, 0.6494047929782764, 0.6494047929782764, 1.0, 1, 0.56, 0.56, 0] 1
angular/angular.js 8205 7968 [0.8842232839989722, 0.2182430219277588, 0.22717373234247637, 0.4357978649068854, 0.5, 1, 0.0, 0.0, 0] 1
angular/angular.js 4642 4615 [0.6323176674804545, 0.0, 0.0, 0.0, 1.0, 1, 1.0, 1.0, 0] 1
angular/angular.js 10335 10330 [0.15101691826186456, 0.07667593448646216, 0.0, 0.0, 1.0, 1, 0.4423076923076923, 0.4423076923076923, 0] 1
angular/angular.js 4665 4615 [0.6320284327483838, 0.0, 0.0, 0.0, 1.0, 1, 1.0, 1.0, 0] 1
angular/angular.js 5019 4067 [0.30620086929230866, 0.027149919880823135, 0.3061501044193375, 0.0, 0.0, 0, 0.0, 0.0, 0] 1
angular/angular.js 4292 3898 [0.5535246686669753, 0.0, 0.6494047929782764, 0.6494047929782764, 1.0, 1, 0.56, 0.56, 0] 1
angular/angular.js 7846 5063 [0.5681562767695181, 0.25496603224247016, 0.39339457282647056, 0.39339457282647056, 1.0, 2, 0.25, 0.25, 0] 1
angular/angular.js 10711 10327 [0.5077119854426507, 0.003243789709892801, 0.13026350099144632, 1.0, 0.5, 1, 0.2916666666666667, 1.0, 0] 1
angular/angular.js 12110 9791 [0.0, 0.0, 0.0, 0.0, 1.0, 1, 0.42424242424242425, 0.42424242424242425, 0] 1
angular/angular.js 3785 3761 [0.13622862090060261, 0.0, 0.0, 0.0, 1.0, 1, 1.0, 1.0, 0] 1
angular/angular.js 3010 2522 [0.04507245224857068, 0.08725593469647068, 0.4201803323929353, 0.36683547726409327, 0.5, 2, 0.38461538461538464, 0.5241935483870968, 0] 1
angular/angular.js 6885 6046 [0.13409083279079198, 0.0, 0.0, 0.0, 1.0, 1, 1.0, 1.0, 0] 1
angular/angular.js 10585 5072 [0.6281609128929577, 0.6444813378026675, 0.8263719685631117, 0.8263719685631117, 1.0, 2, 0.7652173913043478, 0.7652173913043478, 0] 1
angular/angular.js 10485 10476 [0.6963028567231887, 0.0, 1.0, 1.0, 1.0, 1, 1.0, 1.0, 0] 1
angular/angular.js 9763 9321 [0.1911059487368214, 0.08562141422395564, 0.0, 0.0, 0.25, 1, 0.0, 0.0, -1] 1
angular/angular.js 4532 4410 [0.4342808652020092, 0.0, 0.0, 0.0, 1.0, 1, 1.0, 1.0, 0] 1
angular/angular.js 1616 1544 [0.0, 0.0, 0.036414174721603666, 0.15477715009600304, 0.05263157894736842, 1, 0.03951890034364261, 0.7931034482758621, 0] 1
angular/angular.js 3452 2981 [0.3645947614360064, 0.16466403676429883, 0.6635870924369887, 0.6635870924369887, 1.0, 2, 0.08620689655172414, 0.08620689655172414, 0] 1
angular/angular.js 4356 3898 [0.652876831139701, 0.25117412463905, 0.6494047929782764, 0.6494047929782764, 1.0, 1, 1.0, 1.0, 0] 1
angular/angular.js 11593 11579 [0.4805111908330953, 0.010932913678991435, 0.6964814314952521, 0.6964814314952521, 1.0, 2, 1.0, 1.0, 0] 1
angular/angular.js 13014 9791 [0.3254862508620117, 0.0, 0.0, 0.0, 1.0, 1, 0.42424242424242425, 0.42424242424242425, 0] 1
angular/angular.js 10477 10443 [0.44960485544562373, 0.058722679611607535, 0.353329644807163, 0.2564328112687856, 0.5, 1, 0.603448275862069, 1.0, 0] 1
angular/angular.js 14488 14085 [0.546597112146017, 0.3371349955100601, 0.5109082997374045, 1.0, 0.5, 1, 0.5609756097560976, 1.0, 1] 1
angular/angular.js 7947 7868 [0.12206026212441837, 0.0, 0.0, 0.0, 0.07142857142857142, 1, 0.18932038834951456, 1.0, 0] 1
angular/angular.js 4193 3927 [0.05598918151592476, 0.0019915458196016903, 0.27124623699389866, 0.27124623699389866, 1.0, 2, 0.0440251572327044, 0.0440251572327044, -1] 1
angular/angular.js 15535 15524 [0.7384726818877774, 0.014180919512394143, 0.0, 0.0, 0, 0, 0.0, 0.0, 0] 1
angular/angular.js 15110 15106 [0.06094261058093155, 0.5971204282618572, 0.00860169772910133, 0.00860169772910133, 0.6666666666666666, 2, 0.9620253164556962, 0.9620253164556962, 0] 1
angular/angular.js 11938 11937 [0.7081203070090862, 0.37598681992731103, 1.0, 1.0, 1.0, 1, 1.0, 1.0, 0] 1
angular/angular.js 7999 5903 [0.6153097802609685, 0.3188720916432526, 0.3841037953981259, 0.5862220691739344, 0.25, 2, 0.3930635838150289, 0.8947368421052632, 0] 1
angular/angular.js 7582 5674 [0.39788711114142494, 0.31224223874060975, 0.38556437295786833, 0.6055805198026415, 0.5, 1, 0.09595959595959595, 0.3114754098360656, 0] 1
angular/angular.js 4646 4512 [0.6320056331872594, 0.1741990393131413, 1.0, 1.0, 1.0, 1, 1.0, 1.0, 0] 1
angular/angular.js 11017 9854 [0.8679662910849979, 0.3884523333917534, 0.6465864300813078, 0.0, 0.0, 0, 0.0, 0.0, 1] 1
angular/angular.js 8516 8512 [0.670033582299242, 0.2191469675649636, 0.10595803208807093, 0.10595803208807093, 1.0, 2, 0.8409090909090909, 0.8409090909090909, 1] 1
angular/angular.js 11359 10985 [0.8439361377763303, 0.487463207518214, 0.02525045652783994, 0.02525045652783994, 1.0, 2, 0.7741935483870968, 0.7741935483870968, 0] 1
angular/angular.js 2273 1084 [0.9813095656773254, 0.5564118360143303, 0.9885977262735456, 0.9885977262735456, 1.0, 4, 1.0, 1.0, 0] 1
mozilla-b2g/gaia 1171 1170 [0.048067645124204986, 0.42809767118040293, 0.0, 0.0, 1.0, 1, 0.4375, 0.4375, 0] 1
mozilla-b2g/gaia 6795 6603 [0.20684560964531404, 0.0, 0.0, 0.0, 1.0, 1, 1.0, 1.0, 1] 1
mozilla-b2g/gaia 13332 13292 [0.0009639852628634823, 0.0, 0.0, 0.0, 0.04, 1, 0.061068702290076333, 1.0, 0] 1
mozilla-b2g/gaia 9488 9457 [0.17254048308508385, 0.11440753822887884, 0.0, 0.0, 0.5, 1, 0.6666666666666666, 1.0, 0] 1
mozilla-b2g/gaia 9428 9349 [0.8260054889673659, 0.12335530974945676, 1.0000000000000002, 1.0000000000000002, 1.0, 1, 1.0, 1.0, 1] 1
mozilla-b2g/gaia 22947 22749 [0.4168063040627591, 0.0, 0.31888816919101837, 0.34727508531643375, 0.07142857142857142, 1, 0.09606986899563319, 1.0, 1] 1
mozilla-b2g/gaia 18033 18000 [0.39323042452321144, 0.7881871817723565, 1.0, 1.0, 1.0, 1, 1.0, 1.0, 1] 1
mozilla-b2g/gaia 2459 2420 [0.0, 0.0, 0.0, 0.0, 0.0, 0, 0.0, 0.0, 0] 1
mozilla-b2g/gaia 5772 5638 [0.000979438186340341, 0.0, 0.031277915021384224, 0.0, 0.2857142857142857, 2, 0.0036867718625571448, 0.0038098140810728437, 0] 1
mozilla-b2g/gaia 12565 12520 [0.13474317291302387, 0.14619173569738406, 0.6685429859388453, 0.6685429859388453, 1.0, 1, 1.0, 1.0, 0] 1
mozilla-b2g/gaia 10547 8726 [0.1029820212867103, 0.0, 0.0, 0.0, 1.0, 1, 1.0, 1.0, 1] 1
mozilla-b2g/gaia 8383 8363 [0.0, 0.0, 0.3509275596932409, 0.361110985373046, 0.3333333333333333, 1, 0.0, 0.0, 1] 1
mozilla-b2g/gaia 9768 9467 [0.0, 0.0, 0.04582726750024551, 0.3239076306317196, 0.16666666666666666, 1, 0.08108108108108109, 0.4186046511627907, 0] 1
mozilla-b2g/gaia 17425 17408 [0.0, 0.0, 0.0, 0.0, 0.5, 1, 0.6086956521739131, 1.0, 0] 1
mozilla-b2g/gaia 21450 21295 [0.0, 0.0, 0.9984830004903221, 0.9984830004903221, 0.6666666666666666, 2, 0.8985507246376812, 1.0, 0] 1
mozilla-b2g/gaia 1010 1004 [0.0, 0.0, 0.7258531559160294, 0.0, 0.02564102564102564, 1, 0.03064066852367688, 1.0, 0] 1
mozilla-b2g/gaia 21295 20806 [0.33567052115961166, 0.0, 0.9328090583912353, 0.9328090583912353, 0.5, 2, 0.7261904761904762, 1.0, 0] 1
mozilla-b2g/gaia 6471 6466 [0.001147978468834312, 0.0, 0.5482019629174377, 0.5482019629174377, 0.5, 1, 0.6666666666666666, 1.0, 0] 1
mozilla-b2g/gaia 10228 10180 [0.26498437601518926, 0.1842519561987689, 0.7754605090696864, 0.8076233545827494, 0.5, 1, 0.2777777777777778, 0.37037037037037035, 1] 1
mozilla-b2g/gaia 15218 15022 [0.16438092149495498, 0.0, 0.0, 0.0, 1.0, 1, 1.0, 1.0, 0] 1
mozilla-b2g/gaia 11048 11032 [0.0006106988500714485, 0.0, 0.7483187779195671, 0.7483187779195671, 1.0, 2, 0.38235294117647056, 0.38235294117647056, 0] 1
mozilla-b2g/gaia 3627 3600 [0.3979417881261172, 0.11515247120990582, 0.039580621498736854, 0.046988192804652565, 0.3333333333333333, 1, 0.5, 0.6521739130434783, 0] 1
mozilla-b2g/gaia 16480 16475 [0.308190996334697, 0.0, 0.0, 0.0, 1.0, 1, 1.0, 1.0, 1] 1
mozilla-b2g/gaia 14246 14107 [0.0012181629499076142, 1.0000000000000002, 0.0, 0.0, 1.0, 1, 1.0, 1.0, 0] 1
mozilla-b2g/gaia 28433 28349 [0.4067808592574498, 0.0009105944145021683, 0.0, 0.0, 0.3333333333333333, 1, 0.38095238095238093, 1.0, 1] 1
mozilla-b2g/gaia 7010 6996 [0.0006576723326351986, 0.0, 0.06644434276770145, 0.06578537046589955, 0.375, 3, 0.21621621621621623, 0.22297297297297297, 0] 1
mozilla-b2g/gaia 21899 21887 [0.5177493982502107, 0.0, 0.9826863207485997, 0.9826863207485997, 1.0, 1, 1.0, 1.0, 1] 1
mozilla-b2g/gaia 27959 27781 [0.3749737742768, 0.0, 0.9503077738015645, 0.28277225419138746, 0.16666666666666666, 10, 0.06131178707224334, 0.20259128386336867, 1] 1
mozilla-b2g/gaia 12134 11062 [0.4313614638562052, 0.30696322518540453, 0.7150346455627578, 0.7150346455627578, 1.0, 1, 1.0, 1.0, 1] 1
mozilla-b2g/gaia 17136 16651 [0.28865415472527567, 0.0, 0.6006844925017393, 0.5525608913468963, 0.4, 2, 0.3273809523809524, 0.46218487394957986, 1] 1
mozilla-b2g/gaia 13480 12010 [0.47896899823076583, 0.0, 0.24157072467841936, 0.4578603825253086, 0.2857142857142857, 2, 0.2014388489208633, 0.7567567567567568, 1] 1
mozilla-b2g/gaia 10373 10253 [0.0012171343176447032, 0.05320661587081961, 0.0, 0.0, 0, 0, 0.0, 0.0, 0] 1
mozilla-b2g/gaia 27829 27430 [0.44291152242287374, 0.0, 0.6146999180956515, 0.6146999180956515, 1.0, 1, 0.8, 0.8, 0] 1
mozilla-b2g/gaia 13342 12014 [0.7711125382490773, 0.0, 0.28566094098755246, 0.04454638417565084, 0.2727272727272727, 3, 0.39006024096385544, 0.5926773455377574, 1] 1
mozilla-b2g/gaia 23790 23101 [0.22491134979666194, 0.0, 0.0, 0.0, 0.3333333333333333, 1, 0.46153846153846156, 1.0, 1] 1
mozilla-b2g/gaia 24321 24292 [0.6072595680670038, 0.0, 0.5330266914112715, 0.5561479673602823, 0.5, 1, 0.6575342465753424, 0.8275862068965517, 1] 1
mozilla-b2g/gaia 10980 10738 [0.8016209839307136, 0.13691430673213706, 0.49892479362144426, 0.9021190052889819, 0.8235294117647058, 28, 0.904613789528253, 0.9189046866771985, 1] 1
mozilla-b2g/gaia 7669 7587 [1.0, 0.14940541438384267, 0.34687087911878034, 0.34687087911878034, 1.0, 2, 0.7758620689655172, 0.7758620689655172, 1] 1
kubernetes/kubernetes 661 657 [0.0, 0.4051699096897173, 0.5256961184284336, 0.5357377805684013, 0.5, 1, 0.6944444444444444, 0.8620689655172413, 0] 1
kubernetes/kubernetes 2716 2694 [0.5325163514568212, 0.3698697947935741, 0.0, 0.0, 1.0, 1, 1.0, 1.0, -1] 1
kubernetes/kubernetes 17024 14548 [0.25661869134797605, 0.0, 0.9992372338566597, 0.0, 0.0, 0, 0.0, 0.0, 1] 1
kubernetes/kubernetes 45263 43027 [0.5884882144632401, 0.6239766361714378, 0.6811219968434473, 0.021578722583098234, 0.1111111111111111, 1, 0.24667931688804554, 0.9774436090225563, -1] 1
kubernetes/kubernetes 41036 41006 [0.561960932770143, 0.1358217842550559, 0.0, 0.0, 1.0, 1, 0.4117647058823529, 0.4117647058823529, 0] 1
kubernetes/kubernetes 56 52 [0.0, 0.0, 1.0, 1.0, 1.0, 1, 1.0, 1.0, 0] 1
kubernetes/kubernetes 35745 32790 [0.5760574223149229, 0.5273922616671173, 0.9166496507113554, 0.9472267491083165, 0.5, 1, 0.6578947368421053, 1.0, 0] 1
kubernetes/kubernetes 8639 7439 [0.02359218392187166, 0.29047189700677706, 0.06206679758618638, 0.0, 0.0, 0, 0.0, 0.0, 1] 1
kubernetes/kubernetes 61 52 [0.0, 0.0, 1.0, 1.0, 1.0, 1, 1.0, 1.0, 0] 1
kubernetes/kubernetes 19759 15998 [0.38004499126810587, 0.0261651767404945, 0.0, 0.0, 0.16666666666666666, 1, 0.3564356435643564, 0.7058823529411765, 0] 1
kubernetes/kubernetes 30993 28284 [0.6478951656622893, 0.6177669444233415, 0.0, 0.0, 0.26666666666666666, 4, 0.40941176470588236, 1.0, 1] 1
kubernetes/kubernetes 10895 10784 [0.6518570600806856, 0.0, 0.715582069751212, 0.7200972952429481, 0.125, 1, 0.8985507246376812, 1.0, 1] 1
kubernetes/kubernetes 10232 9264 [0.6874957549420994, 0.0, 0.4494491627041017, 0.46119092075413226, 0.1, 1, 0.6666666666666666, 1.0, 0] 1
kubernetes/kubernetes 31372 31361 [0.0, 0.8626162880722933, 0.9698030232395703, 1.0000000000000002, 0.5, 1, 0.6666666666666666, 1.0, -1] 1
kubernetes/kubernetes 21531 21357 [0.5186653311843816, 0.4185790271481305, 0.0, 0.0, 1.0, 1, 1.0, 1.0, 0] 1
kubernetes/kubernetes 33276 32120 [0.0, 0.7975366772562407, 0.4858423784566797, 0.4858423784566797, 1.0, 1, 0.0, 0.0, 0] 1
kubernetes/kubernetes 54 52 [0.0, 0.0, 1.0, 1.0, 1.0, 1, 1.0, 1.0, 0] 1
kubernetes/kubernetes 30772 30771 [0.0, 0.7274116542647283, 0.0, 0.0, 0.5, 1, 0.24175824175824176, 0.4888888888888889, -1] 1
kubernetes/kubernetes 28037 28026 [0.0, 0.0, 0.0, 0.0, 1.0, 1, 0.6666666666666666, 0.6666666666666666, 0] 1
kubernetes/kubernetes 3916 3915 [0.6088283980143199, 0.0, 0.0, 0.0, 0.5, 1, 0.32558139534883723, 0.3888888888888889, 0] 1
kubernetes/kubernetes 44344 43215 [0.0, 0.0, 0.0, 0.0, 0.038461538461538464, 1, 0.0, 0.0, 0] 1
kubernetes/kubernetes 40322 39503 [0.0, 0.2220180990755173, 0.4815772586088842, 0.56331569338426, 0.5, 1, 0.5882352941176471, 1.0, 0] 1
kubernetes/kubernetes 45455 40210 [0.0, 0.12063606624251383, 0.0, 0.0, 1.0, 1, 0.6666666666666666, 0.6666666666666666, -1] 1
kubernetes/kubernetes 36168 36163 [0.0, 0.9700178441240881, 0.0, 0.09834199835506575, 0.05555555555555555, 2, 0.0, 0.0, 0] 1
kubernetes/kubernetes 46923 46913 [0.0, 0.9763261494187303, 0.0, 0.0, 0.16666666666666666, 1, 0.0, 0.0, -1] 1
kubernetes/kubernetes 1211 1210 [0.0, 0.02580208309362763, 0.6045398878326323, 0.6045398878326323, 1.0, 1, 1.0, 1.0, 0] 1
kubernetes/kubernetes 13322 13144 [0.047662323685744974, 0.29481257880046713, 0.14634777122723225, 0.3022698983147469, 0.08695652173913043, 2, 0.18739448508722567, 0.8430379746835444, -1] 1
kubernetes/kubernetes 21786 21601 [0.0, 0.1467487996353765, 0.0, 0.0, 0.993805918788713, 1444, 0.9608030592734226, 0.9925925925925926, 0] 1
kubernetes/kubernetes 4065 4056 [0.37896512747383165, 0.0, 0.0, 0.0, 0, 0, 0.0, 0.0, 0] 1
kubernetes/kubernetes 47455 47074 [0.0, 0.17006537385447534, 0.0, 0.0, 1.0, 1, 1.0, 1.0, 0] 1
kubernetes/kubernetes 24783 24549 [0.0, 0.5019659613244277, 0.0, 0.0, 1.0, 1, 0.4838709677419355, 0.4838709677419355, 0] 1
kubernetes/kubernetes 7503 7456 [0.20386470543279975, 0.26910843226289327, 0.0, 0.0, 0.5, 1, 0.1518987341772152, 0.375, -1] 1
kubernetes/kubernetes 47322 46193 [0.0, 0.022285599180258003, 0.0, 0.0, 0.09090909090909091, 1, 0.05426356589147287, 0.5185185185185185, -1] 1
kubernetes/kubernetes 28996 28978 [0.0, 0.22501081728133407, 0.33936421570448283, 0.33936421570448283, 1.0, 1, 1.0, 1.0, 0] 1
kubernetes/kubernetes 42529 42138 [0.0, 0.18501882530746996, 0.0, 0.0, 0.0, 0, 0.0, 0.0, 0] 1
kubernetes/kubernetes 37269 275 [0.0, 0.0, 0.008822422937156127, 0.0, 0.0, 0, 0.0, 0.0, 0] 1
kubernetes/kubernetes 45273 44727 [0.0, 0.07854774248329864, 0.938462671533534, 0.938462671533534, 1.0, 1, 0.0, 0.0, 0] 1
kubernetes/kubernetes 34502 32109 [0.0, 0.22378835856978538, 0.0030445805101298965, 0.024533478330802036, 0.01282051282051282, 1, 0.014730498828255775, 1.0, 0] 1
kubernetes/kubernetes 20810 19559 [0.14878975813257928, 0.10592561328376396, 0.0, 0.0, 0.2, 1, 0.0, 0.0, -1] 1
kubernetes/kubernetes 41210 41106 [0.0, 0.06888956941916348, 0.0, 0.0, 0.2222222222222222, 2, 0.18857142857142858, 0.825, 0] 1
kubernetes/kubernetes 26066 26059 [0.5400162692843061, 0.032616908390701985, 0.0, 0.0, 0.0, 0, 0.0, 0.0, -1] 1
kubernetes/kubernetes 5741 5735 [0.05499377419828477, 0.0, 0.0, 0.0, 0.5, 1, 0.0, 0.0, 0] 1
kubernetes/kubernetes 38751 38370 [0.0, 0.07330938923650825, 1.0, 1.0, 1.0, 1, 1.0, 1.0, 0] 1
kubernetes/kubernetes 10883 10819 [0.0, 0.0, 1.0, 1.0, 0.5, 1, 0.32222222222222224, 0.3493975903614458, 0] 1
kubernetes/kubernetes 38296 38285 [0.0, 0.0792643231994587, 0.0, 0.004561677428620712, 0.1111111111111111, 2, 0.0, 0.0, 0] 1
kubernetes/kubernetes 25591 24509 [0.0, 0.0338525729565956, 0.08520010294427116, 0.19477961129302987, 0.045454545454545456, 1, 0.008793356130923302, 1.0, 0] 1
kubernetes/kubernetes 9966 9854 [0.0, 0.13327027465474806, 0.07651894792284615, 0.07651894792284615, 1.0, 1, 0.44660194174757284, 0.44660194174757284, 0] 1
kubernetes/kubernetes 44496 39342 [0.7428879430403059, 0.5282927869288276, 0.993629170995082, 0.0, 0.0, 0, 0.0, 0.0, 1] 1
kubernetes/kubernetes 18449 13838 [0.0, 0.02659141081318756, 0.0, 0.0, 0.0, 0, 0.0, 0.0, -1] 1
kubernetes/kubernetes 46927 46784 [0.0, 0.1106961312034953, 0.0, 0.0, 0.0, 0, 0.0, 0.0, -1] 1
kubernetes/kubernetes 12111 11679 [0.0, 0.0, 0.5205686210036643, 0.0, 0.0, 0, 0.0, 0.0, 0] 1
kubernetes/kubernetes 42883 42630 [0.0, 0.004445338637726071, 0.0, 0.0, 0.2, 1, 0.21875, 0.4, 0] 1
kubernetes/kubernetes 451 356 [0.0, 0.1887190994584444, 0.006909275092094173, 0.0, 0.0, 0, 0.0, 0.0, 0] 1
kubernetes/kubernetes 5775 5714 [0.0, 0.14196881688690716, 0.031100439640570104, 0.0, 0.1111111111111111, 2, 0.05566037735849057, 0.32065217391304346, -1] 1
kubernetes/kubernetes 38789 33757 [0.0, 0.11125994100022388, 0.17345854980730321, 0.19945953592281024, 0.047619047619047616, 1, 0.01950585175552666, 0.3191489361702128, 0] 1
kubernetes/kubernetes 11113 11085 [0.0, 0.0, 0.011296164197463605, 0.11988139609066703, 0.00423728813559322, 1, 0.016079158936301793, 0.5416666666666666, 0] 1
kubernetes/kubernetes 29226 29204 [0.0, 0.0, 0.1865850876108742, 0.27742527528147115, 0.75, 3, 0.3218390804597701, 0.4692737430167598, -1] 1
kubernetes/kubernetes 33683 33675 [0.5384183939114461, 0.7453052925106072, 0.0, 0.0, 0.9714285714285714, 34, 0.6111111111111112, 1.0, 0] 1
kubernetes/kubernetes 40550 39903 [0.0, 0.04042132081025245, 0.06405674206281495, 0.0, 0.07692307692307693, 1, 0.0, 0.0, -1] 1
kubernetes/kubernetes 11450 11364 [0.0, 0.1050076553011664, 0.0, 0.0, 0.05, 1, 0.0, 0.0, 0] 1
kubernetes/kubernetes 40901 40193 [0.0, 0.042620801829398924, 0.0, 0.0, 1.0, 1, 0.0, 0.0, -1] 1
kubernetes/kubernetes 36673 36425 [0.0, 0.27798289205202775, 0.04178915057659518, 0.03999431665508832, 0.005257623554153523, 5, 0.004682859971065255, 0.5574018126888217, -1] 1
kubernetes/kubernetes 39883 38317 [0.0, 0.07420389469917717, 0.157491378502077, 0.8161702648830638, 0.23529411764705882, 4, 0.12920592193808883, 0.6114649681528662, 0] 1
kubernetes/kubernetes 11322 11317 [0.0, 0.0, 0.0911257337439418, 0.05237834534196378, 0.2, 1, 0.0, 0.0, 0] 1
kubernetes/kubernetes 15401 15224 [0.0, 0.016203952832666336, 0.0, 0.0, 0.03333333333333333, 1, 0.044171779141104296, 0.6101694915254238, 0] 1
kubernetes/kubernetes 46953 46909 [0.0, 0.3064628299069004, 0.38632009416384716, 0.6249346380148679, 0.5, 1, 0.0979020979020979, 0.358974358974359, 1] 1
kubernetes/kubernetes 41480 41478 [0.0, 0.0, 0.0, 0.0, 0.0, 0, 0.0, 0.0, 0] 1
kubernetes/kubernetes 33964 30787 [0.14460448364341147, 0.20656871506370902, 0.17749073651020994, 0.26003283756474227, 0.038461538461538464, 1, 0.2113587347232207, 0.551594746716698, -1] 1
kubernetes/kubernetes 42113 42049 [0.0116546617984067, 0.11416786030997667, 0.0, 0.0, 0.08333333333333333, 1, 0.4012738853503185, 0.9692307692307692, 0] 1
kubernetes/kubernetes 15339 15004 [0.08573900660084939, 0.0, 0.2539652528940033, 0.0, 0.0, 0, 0.0, 0.0, 0] 1
kubernetes/kubernetes 30147 30137 [0.060908742746455295, 0.1616549362566487, 0.31370513509057985, 0.5393574738176447, 0.5, 1, 0.44623655913978494, 1.0, 1] 1
kubernetes/kubernetes 14472 14448 [0.0, 0.0, 0.2358571072138341, 0.2358571072138341, 1.0, 1, 0.0, 0.0, 0] 1
kubernetes/kubernetes 7142 6847 [0.13014917180423508, 0.0, 0.8821005587565681, 0.8821005587565681, 1.0, 1, 0.5526315789473685, 0.5526315789473685, 0] 1
kubernetes/kubernetes 6949 6938 [0.0, 0.014941383054637084, 0.0, 0.0, 0.0, 0, 0.0, 0.0, -1] 1
kubernetes/kubernetes 32311 32268 [0.6524736735959354, 0.6864018696191172, 1.0, 1.0, 1.0, 1, 1.0, 1.0, 1] 1
kubernetes/kubernetes 7021 6886 [0.04940708255678088, 0.3293371670596175, 0.07891482009173968, 0.0, 0.5, 1, 0.1724137931034483, 0.46875, 0] 1
kubernetes/kubernetes 25888 24861 [0.2659770719224232, 0.09381586869854473, 0.4796718738090234, 0.08792337834336585, 0.2727272727272727, 3, 0.0, 0.0, -1] 1
kubernetes/kubernetes 45804 45768 [0.0, 0.0, 0.0, 0.0, 0.0, 0, 0.0, 0.0, 0] 1
kubernetes/kubernetes 18073 17769 [0.036806112756435826, 0.0, 0.0, 0.0, 1.0, 1, 0.0, 0.0, 0] 1
kubernetes/kubernetes 37347 37332 [0.09863194305815993, 0.46939980111400215, 0.958425893034588, 0.958425893034588, 1.0, 1, 1.0, 1.0, 1] 1
kubernetes/kubernetes 25996 25634 [0.16041922111131915, 0.09077907804985864, 0.14145818192842533, 0.8145109981649601, 0.03260869565217391, 3, 0.01838785546290357, 0.9608938547486033, -1] 1
kubernetes/kubernetes 6614 6239 [0.4294521575729936, 0.15765887381768434, 0.2079580395963866, 0.012555466960102877, 0.16666666666666666, 2, 0.2037037037037037, 0.5238095238095238, 0] 1
kubernetes/kubernetes 25688 25326 [0.14824160446778584, 0.11741574964826564, 0.012141778601934699, 0.003365749046114403, 0.375, 3, 0.31359649122807015, 0.6124197002141327, 0] 1
kubernetes/kubernetes 22501 21535 [0.08021853650117647, 0.0, 0.5113868594707482, 0.47764042567753207, 0.2727272727272727, 3, 0.39111747851002865, 0.6, -1] 1
kubernetes/kubernetes 44288 40234 [0.0, 0.4611614717472306, 0.1625573226005045, 0.31150726569400083, 0.09090909090909091, 2, 0.01790830945558739, 0.2777777777777778, -1] 1
kubernetes/kubernetes 45065 45034 [0.15387595938273377, 0.015019501449181837, 0.09610717900480797, 0.020485073967384963, 0.42857142857142855, 3, 0.22285714285714286, 0.5977011494252874, 0] 1
kubernetes/kubernetes 24881 24201 [0.21903402848756665, 0.3228922138495809, 0.19880743979938742, 0.21821045124565178, 0.75, 3, 0.36792452830188677, 0.3939393939393939, 0] 1
kubernetes/kubernetes 44313 44312 [0.10692752354038702, 0.10270713022056384, 0.43588733127341905, 0.0, 0.0, 0, 0.0, 0.0, 1] 1
kubernetes/kubernetes 13758 13738 [0.06817158354420075, 0.11591213905123642, 0.521635833789633, 0.521635833789633, 1.0, 2, 0.8627450980392157, 0.8627450980392157, 1] 1
kubernetes/kubernetes 7679 7615 [0.10298282842488939, 0.0, 0.10138449275830061, 0.24961779782575064, 0.06153846153846154, 4, 0.02459349593495935, 0.2261682242990654, 0] 1
kubernetes/kubernetes 29150 25524 [0.15481559642257978, 0.10174252865870603, 0.3105852319637355, 0.0, 0.1111111111111111, 1, 0.0, 0.0, 0] 1
kubernetes/kubernetes 33101 33099 [0.16483822819011426, 0.7498944079217149, 0.0, 0.0, 0.0, 0, 0.0, 0.0, 1] 1
kubernetes/kubernetes 13628 13616 [0.03269453751844695, 0.007573364204552779, 0.42807774522110337, 0.0, 0.0, 0, 0.0, 0.0, 1] 1
kubernetes/kubernetes 35320 33616 [0.21327672198702957, 0.3654910664715692, 0.26610034959253653, 0.3307465709661335, 0.09090909090909091, 1, 0.08791208791208792, 0.16216216216216217, -1] 1
kubernetes/kubernetes 30884 30802 [0.12073350992414303, 0.3841223065900609, 0.0, 0.0, 0.0, 0, 0.0, 0.0, 0] 1
kubernetes/kubernetes 10440 7053 [0.5227252783753666, 0.001926995910366677, 0.2029071907689242, 0.232839121152436, 0.10975609756097561, 9, 0.0981012658227848, 0.421195652173913, 0] 1
kubernetes/kubernetes 23043 22845 [0.169976657225688, 0.615881690037802, 0.0, 0.0, 0.5, 1, 0.1357142857142857, 1.0, 0] 1
kubernetes/kubernetes 35609 35556 [0.20548212226059437, 0.48292324301050615, 0.0, 0.0, 0.0017761989342806395, 1, 0.0004160426027625229, 1.0, 0] 1
kubernetes/kubernetes 3200 3199 [0.23984791100163164, 0.0, 0.5955959469967814, 0.983584957197254, 0.2727272727272727, 3, 0.36363636363636365, 0.7741935483870968, 0] 1
kubernetes/kubernetes 40421 40400 [0.30279208291424203, 0.04401014783771342, 0.0, 0.0, 0.14285714285714285, 1, 0.3673469387755102, 0.72, 1] 1
kubernetes/kubernetes 21130 20665 [0.15994464048285398, 0.26099003204478693, 0.0, 0.0, 0.13333333333333333, 2, 0.004673677182440327, 1.0, 1] 1
kubernetes/kubernetes 44839 44583 [0.2056569365520516, 0.06719964650987294, 0.0, 0.0, 0.07692307692307693, 1, 0.16666666666666666, 0.5909090909090909, -1] 1
kubernetes/kubernetes 10609 10453 [0.2677181807820318, 0.0, 0.0, 0.0, 0.5, 3, 0.7571428571428571, 1.0, -1] 1
kubernetes/kubernetes 15043 14871 [0.4548068866344206, 0.0, 0.25446047990796133, 0.3031594216337814, 0.25, 1, 0.1515748031496063, 0.5579710144927537, 0] 1
kubernetes/kubernetes 6976 5012 [0.36547804200986866, 0.1932555733730619, 0.5579714772712268, 1.0, 0.043478260869565216, 1, 0.012237093690248566, 1.0, 0] 1
kubernetes/kubernetes 14675 14564 [0.1908820196596275, 0.0, 0.48389386837681964, 0.0, 0.0, 0, 0.0, 0.0, 0] 1
kubernetes/kubernetes 46478 46383 [0.3201139124148464, 0.2324262339672199, 0.0, 0.0, 0.5, 1, 0.48214285714285715, 0.54, -1] 1
kubernetes/kubernetes 44838 44583 [0.23545697926728593, 0.09116711634604803, 0.0, 0.0, 0.07692307692307693, 1, 0.07048458149779736, 1.0, -1] 1
kubernetes/kubernetes 44727 44463 [0.33955014780087345, 0.20293051109354496, 0.3433572265363419, 0.0, 0.0, 0, 0.0, 0.0, 0] 1
kubernetes/kubernetes 34246 34083 [0.278763417527609, 0.48841264723755645, 0.009983122508467439, 0.04213541680926709, 0.03571428571428571, 1, 0.020086648286727057, 0.4857142857142857, 1] 1
kubernetes/kubernetes 25512 22737 [0.608407013005175, 0.2600639319188242, 0.07184747027024171, 0.013395162782363915, 0.2, 2, 0.1407766990291262, 0.5471698113207547, 0] 1
kubernetes/kubernetes 26097 25973 [0.021986969575646526, 0.0, 0.5570026304836175, 0.5570026304836175, 1.0, 1, 0.6296296296296297, 0.6296296296296297, 0] 1
kubernetes/kubernetes 29995 29447 [0.1797162478429772, 0.05500501210532003, 0.9441268407438068, 0.9441268407438068, 1.0, 2, 0.9030226700251889, 0.9030226700251889, 0] 1
kubernetes/kubernetes 5466 5022 [0.14325574143754913, 0.020713302863909305, 0.15406995643697263, 0.003082059147898809, 0.3333333333333333, 1, 0.17034700315457413, 0.48214285714285715, -1] 1
kubernetes/kubernetes 16283 14493 [0.19903295677747312, 0.3024177810615691, 0.5169961362029747, 0.5169961362029747, 1.0, 1, 0.5081967213114754, 0.5081967213114754, 0] 1
kubernetes/kubernetes 41761 41756 [0.13491843600107736, 0.007945337601111867, 0.0, 0.0, 1.0, 1, 0.52, 0.52, 0] 1
kubernetes/kubernetes 5784 5775 [0.08464177738427793, 0.0, 0.0, 0.0, 0.3, 3, 0.24080882352941177, 0.4564459930313589, -1] 1
kubernetes/kubernetes 31287 31282 [0.18795481481988807, 0.47956570578491764, 0.0, 0.0, 0.25, 1, 0.0, 0.0, 0] 1
kubernetes/kubernetes 24556 24537 [0.07198392354808947, 0.16009014618183154, 0.9411003253551502, 0.9411003253551502, 1.0, 1, 0.5407725321888412, 0.5407725321888412, 1] 1
kubernetes/kubernetes 14229 14213 [0.03021504680528964, 0.0, 0.6069304733615907, 1.0, 0.5, 2, 0.49230769230769234, 1.0, 0] 1
kubernetes/kubernetes 21532 21357 [0.1179381935840556, 0.06315795724673408, 0.0, 0.0, 1.0, 1, 1.0, 1.0, 0] 1
kubernetes/kubernetes 2412 2397 [0.42752430993506224, 0.0, 0.9947106470023157, 0.9948569496636599, 0.8888888888888888, 8, 0.9646464646464646, 0.9820051413881749, 0] 1
kubernetes/kubernetes 4393 4390 [0.2181489523601976, 0.15925658051317598, 0.0, 0.0, 1.0, 1, 1.0, 1.0, 0] 1
kubernetes/kubernetes 8931 8743 [0.4457028892241937, 0.1611531517583354, 0.0, 0.0, 0.0, 0, 0.0, 0.0, 1] 1
kubernetes/kubernetes 39342 39293 [0.13443056372654763, 0.028486930837988315, 0.11216461037205852, 1.0000000000000002, 0.001349527665317139, 1, 0.028390367553865654, 1.0, -1] 1
kubernetes/kubernetes 10746 10512 [0.2992272970184449, 0.22280201142218908, 0.680956261354801, 0.680956261354801, 1.0, 1, 0.0, 0.0, 0] 1
kubernetes/kubernetes 5763 5233 [0.35772229667950467, 0.07615763736347005, 0.18020624909016247, 0.00400935022397887, 0.057692307692307696, 3, 0.05, 0.3672566371681416, 1] 1
kubernetes/kubernetes 41546 41427 [0.3726675889685723, 0.04501295854630045, 0.7414290557602786, 0.9631703429336599, 0.5632754342431762, 227, 0.36272155883514207, 0.8156795930120945, -1] 1
kubernetes/kubernetes 17264 17195 [0.14057508626868373, 0.05837550647402281, 0.043834484410976315, 0.06929451472519381, 0.1111111111111111, 1, 0.3441762854144806, 0.7471526195899773, -1] 1
kubernetes/kubernetes 9838 9730 [0.4098292177486122, 0.07659367468836674, 0.0, 0.0, 1.0, 1, 0.6956521739130435, 0.6956521739130435, 0] 1
kubernetes/kubernetes 38546 1932 [0.03864531052572931, 0.0, 0.0, 0.0, 0.0, 0, 0.0, 0.0, 0] 1
kubernetes/kubernetes 28966 25342 [0.3721173642142956, 0.3169067680538344, 0.3714529325514099, 0.6909048366548987, 0.5, 2, 0.5530085959885387, 0.7338403041825095, 0] 1
kubernetes/kubernetes 32064 32049 [0.5565298623522104, 0.616590915767677, 0.0, 0.0, 1.0, 1, 1.0, 1.0, 0] 1
kubernetes/kubernetes 40379 40378 [0.37520737291260303, 0.0, 0.0, 0.0, 1.0, 1, 0.0, 0.0, 0] 1
kubernetes/kubernetes 36597 36294 [0.29141461750979925, 0.8085125854372277, 0.060821961612186407, 0.07893708855370314, 0.5, 1, 0.2222222222222222, 0.25, -1] 1
kubernetes/kubernetes 11475 11474 [0.4077263742333574, 0.0, 0.0, 0.0, 1.0, 1, 1.0, 1.0, 0] 1
kubernetes/kubernetes 36434 32811 [0.7969022757664765, 0.8761032468983669, 0.8891913331447939, 0.8613888862919951, 0.75, 3, 0.4748858447488584, 0.5473684210526316, 1] 1
kubernetes/kubernetes 41942 37571 [0.38762108773594844, 0.3144649384904463, 0.5631262655645454, 0.0, 0.0, 0, 0.0, 0.0, -1] 1
kubernetes/kubernetes 11219 10234 [0.4248700011583874, 0.11764335193033029, 0.2583893528255847, 0.0, 0.0, 0, 0.0, 0.0, 1] 1
kubernetes/kubernetes 35835 35817 [0.6083117465531346, 0.5408442663906596, 0.0, 0.0, 1.0, 1, 1.0, 1.0, 0] 1
kubernetes/kubernetes 45920 45918 [0.3741127858368363, 0.14395588806502888, 0.5102610772939585, 0.5875477411924745, 0.29545454545454547, 13, 0.36569808646350105, 0.6209386281588448, -1] 1
kubernetes/kubernetes 16495 16152 [0.47043566737256426, 0.373582101401455, 0.8833842835451939, 0.8347861521761104, 0.6666666666666666, 6, 0.6855791962174941, 0.8215297450424929, 1] 1
kubernetes/kubernetes 31741 31682 [0.597410619376227, 0.3500311871365931, 0.0, 0.0, 1.0, 3, 1.0, 1.0, 0] 1
kubernetes/kubernetes 16227 15791 [0.20129158337722453, 0.08022882512948872, 0.17767042969026975, 0.28184284445206664, 0.3333333333333333, 1, 0.20182291666666666, 0.6828193832599119, 0] 1
kubernetes/kubernetes 20141 19706 [0.2456294202265396, 0.11202316306583994, 0.0, 0.0, 1.0, 1, 0, 0, 0] 1
kubernetes/kubernetes 35732 34152 [0.3281505343997595, 0.4292270240156701, 0.24874278725559662, 0.09687263593425299, 0.5, 2, 0.0, 0.0, 0] 1
kubernetes/kubernetes 19932 19807 [0.7140685392234895, 0.0, 0.6993960425042289, 0.9059046523007475, 0.2037037037037037, 11, 0.2551570340085486, 0.960811756473058, 0] 1
kubernetes/kubernetes 8309 8303 [0.3654080477079222, 0.11161746810501118, 0.501695240879624, 0.501695240879624, 1.0, 2, 1.0, 1.0, 0] 1
kubernetes/kubernetes 38591 38452 [0.6200012817241406, 0.27425496832411905, 0.1160351641586323, 0.1160351641586323, 1.0, 1, 0.28735632183908044, 0.28735632183908044, 0] 1
kubernetes/kubernetes 22163 22131 [0.27202563850536005, 0.02141908426550598, 0.0, 0.0, 0.0, 0, 0.0, 0.0, 0] 1
kubernetes/kubernetes 46695 46346 [0.09724750063806194, 0.976372310451016, 0.48638153949453233, 0.4919275252770316, 0.5, 1, 0.0, 0.0, 0] 1
kubernetes/kubernetes 34811 34144 [0.26579768495578227, 0.4442649766725432, 0.14789026229886065, 0.2590135058424851, 0.1, 2, 0.03915530136383634, 0.06931464174454828, 0] 1
kubernetes/kubernetes 14098 14083 [0.4850095750786783, 0.24921692395326162, 0.0, 0.0, 1.0, 1, 1.0, 1.0, 0] 1
kubernetes/kubernetes 17169 17167 [0.40751432868514814, 0.07333205489991723, 1.0, 1.0, 1.0, 1, 1.0, 1.0, 0] 1
kubernetes/kubernetes 13894 12717 [0.2721614910841153, 0.0, 0.7269558573669835, 0.5536896701809285, 0.3333333333333333, 2, 0.5551839464882943, 0.8383838383838383, -1] 1
kubernetes/kubernetes 5307 5302 [0.5371419693553129, 0.0, 0.0, 0.0, 1.0, 1, 1.0, 1.0, 0] 1
kubernetes/kubernetes 46666 45575 [0.5575057440029967, 0.34492782421454266, 0.018388127926930568, 0.0, 0.0, 0, 0.0, 0.0, 1] 1
kubernetes/kubernetes 43145 42152 [0.37739796010282267, 0.18366493845532675, 0.0, 0.0, 1.0, 1, 0.7142857142857143, 0.7142857142857143, 0] 1
kubernetes/kubernetes 5298 5293 [0.6019064117617419, 0.24841064088587061, 0.0, 0.0, 1.0, 1, 1.0, 1.0, 0] 1
kubernetes/kubernetes 42202 41745 [0.4459369986435944, 0.41889396062491935, 0.9045338611346468, 0.9058629130578331, 0.78125, 25, 0.8539098807839968, 0.8780386453355495, 0] 1
kubernetes/kubernetes 28994 28604 [0.5590976424966757, 0.0, 0.3566783461310512, 0.0, 0.13333333333333333, 2, 0.04972972972972973, 0.38016528925619836, -1] 1
kubernetes/kubernetes 44500 42007 [0.46473866348255144, 0.42712189440059434, 0.0, 0.0, 0.14285714285714285, 7, 0.0790273556231003, 0.8904109589041096, 0] 1
kubernetes/kubernetes 44934 44908 [0.6881749100378799, 0.07214563063226516, 0.6712119911460473, 0.9413129836638451, 0.3333333333333333, 1, 0.06463878326996197, 0.7083333333333334, 0] 1
kubernetes/kubernetes 4698 4494 [0.15579734567194567, 0.0, 0.7589338493257892, 0.7640252784561613, 0.3333333333333333, 1, 0.6183745583038869, 0.8177570093457944, 1] 1
kubernetes/kubernetes 46307 45649 [0.5894481561432642, 0.050292429481915986, 0.8601342403529487, 0.8601342403529487, 1.0, 2, 0.9608938547486033, 0.9608938547486033, 0] 1
kubernetes/kubernetes 41959 41663 [0.547963403739521, 0.44500897974929265, 0.30247372086245483, 0.3195584758650558, 0.1, 1, 0.12474437627811862, 0.2089041095890411, 0] 1
kubernetes/kubernetes 28414 24299 [0.40207346197592964, 0.695463192126905, 0.5232079955379755, 0.5274543602419903, 0.3333333333333333, 2, 0.19198312236286919, 0.35, 1] 1
kubernetes/kubernetes 30848 29741 [0.7630449059670373, 0.571514095214055, 0.9078168338242193, 0.9302248592292691, 0.6666666666666666, 4, 0.9098011363636364, 0.9808575803981623, 0] 1
kubernetes/kubernetes 273 169 [0.32812346401782805, 0.0, 0.28480819783599953, 0.3862644361721378, 0.3333333333333333, 1, 0.3829787234042553, 0.75, 0] 1
kubernetes/kubernetes 22110 20384 [0.4224049754748567, 0.14826435304781052, 0.9986386688244568, 0.9999758653251407, 0.8571428571428571, 24, 0.8716981132075472, 0.99, -1] 1
kubernetes/kubernetes 30654 30476 [0.5408854070926052, 0.5233691658937579, 0.012340403947961223, 0.012340403947961223, 1.0, 1, 0.0, 0.0, 0] 1
kubernetes/kubernetes 15902 15840 [0.6185216385946938, 0.0919971956328361, 0.0, 0.0, 1.0, 1, 0.0, 0.0, 0] 1
kubernetes/kubernetes 45463 45263 [0.5884882144632401, 0.2868605506448582, 0.5783431510124389, 0.0102642676015834, 0.11764705882352941, 2, 0.18915929203539822, 0.8860103626943006, -1] 1
kubernetes/kubernetes 9575 7227 [0.6169073538659631, 0.4499165647445771, 0.03720463728685532, 0.3193095848870656, 0.8571428571428571, 6, 0.8418803418803419, 1.0, -1] 1
kubernetes/kubernetes 85 82 [0.8385605421637563, 0.0, 0.8377822645191662, 0.8377822645191662, 1.0, 1, 1.0, 1.0, 0] 1
kubernetes/kubernetes 46869 46863 [0.355892926980203, 0.22822893294057187, 0.0, 0.0, 0.5, 1, 0.6666666666666666, 1.0, -1] 1
kubernetes/kubernetes 18377 18341 [0.6226146654483224, 0.0, 0.0, 0.0, 0.5, 1, 0.0, 0.0, 0] 1
kubernetes/kubernetes 34972 29489 [0.5087929265005688, 0.6225018425148203, 0.262064824436433, 0.328976201119435, 0.5, 1, 0.8378378378378378, 0.9029126213592233, 0] 1
kubernetes/kubernetes 37137 35550 [0.39737356110486893, 0.43053654318243356, 0.1766469299782547, 0.0, 0.0, 0, 0.0, 0.0, 1] 1
kubernetes/kubernetes 3274 3270 [0.28914928943274154, 0.04962180571254596, 0.2435958795700856, 0.4918118286040462, 0.38461538461538464, 5, 0.2074235807860262, 0.38934426229508196, 0] 1
kubernetes/kubernetes 28294 28251 [0.4662145477842935, 0.09156820540228568, 0.0, 0.0, 0.5, 1, 0.6078431372549019, 1.0, 1] 1
kubernetes/kubernetes 44909 44462 [0.436454047805569, 0.13163732502000028, 0.0, 0.0, 0.5, 1, 0.23333333333333334, 1.0, -1] 1
kubernetes/kubernetes 40380 40379 [0.437487326204912, 0.0, 0.0, 0.0, 1.0, 1, 0.6666666666666666, 0.6666666666666666, 0] 1
kubernetes/kubernetes 12980 12895 [0.6695008256591797, 0.0, 0.07479543765801613, 0.04246093239718872, 0.5, 1, 0.0, 0.0, 1] 1
kubernetes/kubernetes 28606 28206 [0.5885495566878363, 0.011764151459002337, 0.3226218741600228, 1.0000000000000002, 0.25, 1, 0.20212765957446807, 0.7307692307692307, 0] 1
kubernetes/kubernetes 43902 43871 [0.5128188864995081, 0.34753426347597727, 0.703075252427769, 0.703075252427769, 1.0, 5, 0.7850799289520426, 0.7850799289520426, 0] 1
kubernetes/kubernetes 13800 13680 [0.5068983809922412, 0.4237108298188997, 0.2435234964102551, 0.2435234964102551, 1.0, 2, 0.14225941422594143, 0.14225941422594143, 0] 1
kubernetes/kubernetes 3577 3555 [0.48533275889611066, 0.0, 0.0, 0.0, 0.0, 0, 0.0, 0.0, 0] 1
kubernetes/kubernetes 13165 13154 [0.4616858772700213, 0.1295718792897089, 1.0, 1.0, 1.0, 1, 1.0, 1.0, 0] 1
kubernetes/kubernetes 41342 41308 [0.5425364743312011, 0.08586666928166417, 0.24209951866658874, 0.24209951866658874, 1.0, 1, 0.5714285714285714, 0.5714285714285714, 0] 1
kubernetes/kubernetes 47684 47223 [0.24226042496894476, 0.03701741682521032, 0.0, 0.0, 1.0, 1, 1.0, 1.0, 1] 1
kubernetes/kubernetes 19406 19324 [0.6209363851444661, 0.0, 0.0, 0.0, 1.0, 5, 0.9090909090909091, 0.9090909090909091, 0] 1
kubernetes/kubernetes 11284 10824 [0.29854556526202053, 0.17986330826068161, 0.0, 0.0, 1.0, 1, 1.0, 1.0, 0] 1
kubernetes/kubernetes 38587 38571 [0.6184591636947782, 0.12056597844098414, 1.0000000000000002, 1.0000000000000002, 1.0, 1, 1.0, 1.0, -1] 1
kubernetes/kubernetes 20057 19510 [0.7674708630342522, 0.0, 0.17749690582865935, 0.17749690582865935, 0.9444444444444444, 17, 0.9618722797729644, 0.9620681754537818, 0] 1
kubernetes/kubernetes 44966 44943 [0.5938155168369202, 0.3130381231545131, 1.0, 1.0, 1.0, 1, 1.0, 1.0, 0] 1
kubernetes/kubernetes 36195 36186 [0.6904506977229475, 0.6553091274702316, 0.9597949273494353, 0.9933506301874641, 0.5, 2, 0.9776649746192894, 1.0, 0] 1
kubernetes/kubernetes 34424 32408 [0.7801340525989225, 0.49799891999321333, 0.7174882301184958, 0.37639703553028175, 0.125, 1, 0.21245421245421245, 0.7837837837837838, 0] 1
kubernetes/kubernetes 30928 30880 [0.5849670889620565, 0.5040229729180036, 0.8933669039511183, 0.8933669039511183, 0.75, 3, 0.9578947368421052, 1.0, 0] 1
kubernetes/kubernetes 2669 2652 [0.7079432397849017, 0.19057674684715567, 1.0, 1.0, 1.0, 1, 1.0, 1.0, 0] 1
kubernetes/kubernetes 29854 29185 [0.4279724405842234, 0.4036937848823899, 0.0, 0.0, 0.25, 1, 0.4358974358974359, 1.0, 0] 1
kubernetes/kubernetes 21365 21361 [0.42566267775528605, 0.0, 0.0, 0.0, 0.5, 2, 0.631578947368421, 0.72, 1] 1
kubernetes/kubernetes 35839 35760 [0.845553931417734, 0.3780125816451306, 0.5421005358752063, 0.5790847016196078, 0.4166666666666667, 10, 0.3231292517006803, 0.3941908713692946, 1] 1
kubernetes/kubernetes 43666 42717 [0.9169404172678992, 0.2144106260050728, 0.9577922783385051, 0.9718604517413342, 0.8529411764705882, 29, 0.7771509167842031, 0.8872785829307569, -1] 1
kubernetes/kubernetes 25995 23473 [0.9023634873324572, 0.08337944127973686, 0.6078166468398979, 0.6089656437627016, 0.3333333333333333, 1, 0.5148514851485149, 0.8813559322033898, 0] 1
kubernetes/kubernetes 6964 6952 [0.739645245400702, 0.08251749626198683, 0.2574791562803422, 0.07035277356776981, 0.25, 1, 0.0, 0.0, 0] 1
kubernetes/kubernetes 28053 28052 [0.6973211629143627, 0.23232772906156518, 1.0000000000000002, 1.0000000000000002, 1.0, 5, 1.0, 1.0, 1] 1
kubernetes/kubernetes 46823 46739 [0.9161255336906365, 0.19792343171703963, 0.0, 0.0, 1.0, 8, 0.8586497890295358, 0.8586497890295358, -1] 1
kubernetes/kubernetes 37140 36826 [0.5001659386149782, 0.7215652536865824, 0.029482322309858332, 1.0, 0.2, 1, 0.041791044776119404, 1.0, 1] 1
kubernetes/kubernetes 19884 19725 [1.0, 0.9458321591817077, 1.0000000000000002, 1.0000000000000002, 1.0, 1, 1.0, 1.0, 0] 1
kubernetes/kubernetes 44969 43936 [1.0000000000000002, 0.4667495984311364, 0.8003680960635395, 0.8003680960635395, 1.0, 2, 0.8656429942418427, 0.8656429942418427, 1] 1
kubernetes/kubernetes 43719 42815 [1.0, 0.6268854988963141, 1.0000000000000002, 1.0000000000000002, 0.625, 5, 0.962852897473997, 1.0, -1] 1
kubernetes/kubernetes 39634 39632 [0.7430322239897557, 0.6756638183319936, 0.7384427546526413, 0.7384427546526413, 1.0, 3, 0.8837209302325582, 0.8837209302325582, 1] 1
