angular/angular.js 8206 8177 [0.002642908314777977, 0.24602274719497402, 93.08788572775052, 0.2793820745917867, 294.57993437548487, 1054.3981205877442, 0.0, 0.0, 1.0, 1, 1.0, 1.0, 0] 1
angular/angular.js 14635 12682 [0.1639717487335375, 26.601487559671458, 162.2321391650231, 0.14853656006939112, 225.55286717799137, 1518.500678032539, 0.2099730158923939, 0.8746210678846857, 0.5, 1, 0.0, 0.0, 0] 1
angular/angular.js 1602 1564 [0.028512737831597256, 5.81544949752072, 203.95970151544523, -0.03266704864790016, -30.413806336226724, 931.0240010978686, 0.6182729111975406, 0.9770829772049595, 0.14285714285714285, 1, 0.15119760479041916, 1.0, -1] 1
angular/angular.js 3025 2522 [0.008694485526221296, 2.3492993050094064, 270.2056720807992, 0.3554863550718024, 1157.8154220464994, 3256.9897705711933, 0.36896527286261854, 0.5662215297086207, 0.5, 2, 0.45, 0.5853658536585366, -1] 1
angular/angular.js 3197 3082 [-0.01296093311451416, -1.9230061997474874, 148.3694254693769, 0.0061723609107691485, 1.736126011280786, 281.2742217085365, 0.26708573550234366, 0.2371985286429685, 0.5, 1, 0.0, 0.0, -1] 1
angular/angular.js 5976 5536 [0.47023801077416033, 153.939060350358, 327.3641365080753, 0.15640943957271872, 107.2115286696807, 685.4543367878723, 0.1788593490247198, 0.1788593490247198, 0.6, 3, 0.7970479704797048, 0.935064935064935, -1] 1
angular/angular.js 4021 3897 [0.09212120878179503, 27.469335523524187, 298.18687668971046, 0.5562577064076041, 3383.8387589238796, 6083.221355758322, 0.4281657003422731, 1.0, 0.5, 1, 0.5384615384615384, 1.0, -1] 1
angular/angular.js 9481 9478 [0.0003563525860020773, 0.1410089312337029, 395.70059758982893, 0.02921298586051732, 28.529835297653882, 976.6148326595144, 0.0, 0.0, 0.0, 0, 0.0, 0.0, 0] 1
angular/angular.js 8206 8130 [-0.007846073753726295, -0.6044478703800066, 77.03826007153441, 0.15949379655355267, 86.45040024787542, 542.0298601948965, 0.0, 0.0, 1.0, 1, 1.0, 1.0, 0] 1
angular/angular.js 2362 2307 [0.31385044947198343, 49.68462457870313, 158.30668607386633, 0.0, 0.0, 0.0, 0.0, 0.0, 1.0, 1, 1.0, 1.0, 0] 1
angular/angular.js 12362 12307 [0.15957153941922583, 27.79727603895489, 174.19946025541546, 0.0, 0.0, 0.0, 0.7183716954643027, 0.9982383527251191, 0.38446969696969696, 203, 0.8290861410409897, 0.9385608260729268, 0] 1
angular/angular.js 3082 2835 [0.026976335994933376, 6.412325751276976, 237.70187887937493, -0.0042893568610355565, -6.9545914387659025, 1621.3599530366173, 0.37319004593300725, 0.7052455628520673, 0.5, 1, 0.43859649122807015, 0.7575757575757576, 0] 1
angular/angular.js 7960 7776 [-0.02647778759863214, -5.350681540337632, 202.081896775018, 0.26834208570653334, 564.5919535602895, 2104.0007648213023, 0.019753121432158467, 0.0, 0.1, 1, 0.0, 0.0, -1] 1
angular/angular.js 3699 3697 [0.41793302713599334, 147.90570688410438, 353.89810634893087, 0.0, 0.0, 0.0, 0.013324274853112592, 0.0, 0.0, 0, 0.0, 0.0, 0] 1
angular/angular.js 12933 12166 [0.22101327620772607, 61.393146003560936, 277.7803535469911, 0.1811127372513482, 2311.335448817392, 12761.860286003635, 0.5537433949503703, 0.44197604307892735, 0.3333333333333333, 1, 0.41358024691358025, 1.0, -1] 1
angular/angular.js 9905 8005 [0.27954441611919695, 171.98787972644755, 615.2434812116311, 0.1448860859518893, 355.7341445613516, 2455.267821089986, 0.06759015024245066, 0.05374077621867537, 0.2727272727272727, 3, 0.044472681067344345, 0.12110726643598616, 0] 1
angular/angular.js 9013 4858 [0.1821983710764243, 61.31995363327624, 336.55599263044553, 0.5594171558834582, 1368.2496686103934, 2445.8486019249594, 0.1351962855806192, 0.9226753796722043, 0.13963039014373715, 68, 0.025738140576283246, 0.9084194977843427, -1] 1
angular/angular.js 5080 3376 [0.7011870761899385, 303.3475077397733, 432.61993559276914, 0.0891317567949125, 200.46588212592656, 2249.0960498757813, 0.8706570108455587, 0.8706570108455587, 1.0, 2, 0.4166666666666667, 0.4166666666666667, 0] 1
angular/angular.js 9917 9265 [0.14376196064722613, 56.431672472746875, 392.53549561154875, 0.06613802738970606, 92.45431031241716, 1397.899422788153, 0.002022783387087436, 0.04343299052985969, 0.4, 2, 0.06462585034013606, 0.5277777777777778, -1] 1
angular/angular.js 2439 2060 [0.1397321096628261, 36.394018391828844, 260.4556567538248, 0.28985137710834463, 1403.0578338233647, 4840.611239528148, 0.0453324209474529, 0.12911051915047775, 0.5, 1, 0.0, 0.0, -1] 1
angular/angular.js 2260 2216 [0.38130572738875135, 57.610983321933986, 151.08869126216416, 0.0, 0.0, 0.0, 0.8250673273002459, 0.852985424970321, 0.5714285714285714, 4, 0.9190620272314675, 0.9296097934200459, 0] 1
angular/angular.js 10592 7762 [0.28596754077687453, 75.03369522836634, 262.38535682940045, 0.13717756866279388, 766.1821777791052, 5585.331371942545, 0.09901640786595063, 0.0989148486973825, 0.6666666666666666, 2, 0.7761609907120743, 0.7805105853051059, -1] 1
angular/angular.js 2488 2396 [0.2592556289608496, 31.185736456877912, 120.28952498303246, 0.5190989094521846, 247.65896883865645, 477.0939879261466, 0.7874321731320623, 0.9999999999999999, 0.5, 1, 0.6097560975609756, 1.0, 0] 1
angular/angular.js 4612 4479 [0.08491442787355605, 58.85665362586855, 693.1290135230084, 0.1858765501587348, 313.90631627601806, 1688.7892313901266, 0.025141517436808074, 0.0, 0.0, 0, 0.0, 0.0, 1] 1
angular/angular.js 5174 5110 [0.550739001005328, 84.77942737056377, 153.93757699346878, 0.027886290292388812, 192.35753482943736, 6897.924851694554, 0.8251284974217037, 0.8251284974217037, 1.0, 1, 1.0, 1.0, 0] 1
angular/angular.js 12524 12477 [0.4778014661567803, 113.31365021565804, 237.15634681304346, 0.0, 0.0, 0.0, 0.314097096229059, 0.36354266920262324, 0.45454545454545453, 5, 0.7923604309500489, 0.8939226519337017, 0] 1
angular/angular.js 4369 4351 [0.46616408224918987, 61.47825381242205, 131.8811469038891, 0.0, 0.0, 0.0, 0.0, 0.0, 1.0, 1, 1.0, 1.0, -1] 1
angular/angular.js 15542 15538 [0.11987947399583851, 6.065182896449001, 50.59400658247423, 0.16500827192401868, 284.8039989492708, 1725.998312862851, 0.17900600808973874, 0.8098128941352367, 0.5, 1, 0.4166666666666667, 1.0, 1] 1
angular/angular.js 2265 2252 [0.7975660060706264, 54.668577522425984, 68.54426731620875, 0.0, 0.0, 0.0, 0.0, 0.0, 0, 0, 0.0, 0.0, 0] 1
angular/angular.js 6716 6692 [0.6620082517562594, 220.70974313826224, 333.3942478099562, 0.0, 0.0, 0.0, 0.0, 0.0, 1.0, 1, 0.0, 0.0, 0] 1
angular/angular.js 14967 6412 [0.31176463152433986, 113.10875991590333, 362.8017692798254, 0.42347198681719433, 1832.4958474097755, 4327.313032398605, 0.6956530255575464, 0.6990614006212881, 0.6666666666666666, 2, 0.0, 0.0, -1] 1
angular/angular.js 10619 10618 [0.574606955804396, 255.41465016510793, 444.5032340542263, 0.0039026600768924196, 2.8201829858030814, 722.6309568956144, 0.5479226881982988, 0.5479226881982988, 1.0, 2, 1.0, 1.0, 0] 1
angular/angular.js 12072 4282 [0.6741131866395966, 232.4037716367854, 344.7548219540114, 0.09743883798812174, 91.35997353388258, 937.6135370684511, 0.30414349882181024, 0.3531746705311459, 0.2, 1, 0.0, 0.0, -1] 1
angular/angular.js 4171 4083 [0.5836067245923499, 200.81369115336696, 344.09077670178596, 0.1400141200596056, 97.69050167280567, 697.7189274283031, 0.0490403142193834, 0.0, 0.5, 1, 0.29333333333333333, 0.5641025641025641, 1] 1
angular/angular.js 15919 15917 [0.7074365207607298, 233.70040693386258, 330.34823630897205, 0.470932141492733, 595.6725890003769, 1264.8798765619372, 0.0, 0.0, 1.0, 1, 0.0, 0.0, -1] 1
angular/angular.js 8716 8628 [0.5115049642850865, 107.19471532508597, 209.56730200049662, 0.24257497404682657, 1919.410003414806, 7912.646434187741, 0.7988406117423346, 0.8158014432871701, 0.3333333333333333, 2, 0.3690205011389522, 0.4065244667503137, 1] 1
angular/angular.js 3393 1745 [0.5946753741273606, 202.6958265256056, 340.85121958017146, 0.37241654405628694, 802.538646114811, 2154.9489648706785, 0.2919891728916819, 0.16360696385164142, 0.3333333333333333, 1, 0.38372093023255816, 0.5380434782608695, 0] 1
angular/angular.js 7079 6474 [0.18872279950630963, 67.79209804035847, 359.21519931719723, 0.21246952042682676, 568.7954429944656, 2677.0684183398216, 0.9375863205743782, 0.9375863205743782, 1.0, 1, 1.0, 1.0, 1] 1
angular/angular.js 4086 3135 [0.3166501150371987, 133.47031978671316, 421.50725184809625, 0.13029193395880398, 278.7315710032486, 2139.2849314170026, 0.25429310201190136, 0.029692004104005593, 0.3333333333333333, 1, 0.0, 0.0, 0] 1
angular/angular.js 8626 8606 [0.3633649103035032, 88.63618563491507, 243.93160462544677, 0.6663758515766196, 562.1064786743938, 843.527683880608, 0.0, 0.0, 1.0, 1, 1.0, 1.0, 0] 1
angular/angular.js 7906 7903 [0.40302894205898965, 138.90504417372438, 344.65277720276833, 0.8721924222101982, 4568.159103185682, 5237.558807963086, 0.5263135982506447, 0.6691316075134257, 0.5, 2, 0.4816753926701571, 0.92, 1] 1
angular/angular.js 5108 5101 [0.3794591152195993, 244.37901512654403, 644.0193563017134, 0.8328977375843297, 2234.8382369944084, 2683.2084374201268, 0.5584529026493683, 0.5771122990018679, 0.5, 1, 0.0, 0.0, 1] 1
angular/angular.js 9827 5746 [0.6050188225523289, 224.05491541053036, 370.32718166574324, 0.4327667453637404, 2618.550151861048, 6050.719423139033, 0.0, 0.0, 0.5, 1, 0.0, 0.0, -1] 1
angular/angular.js 8492 8233 [0.5029776043996671, 278.8271256733424, 554.3529636993255, 0.03038451434491323, 119.90288684481824, 3946.184081921703, 0.0, 0.0, 1.0, 2, 0.0, 0.0, -1] 1
angular/angular.js 7479 7262 [0.578796266982164, 91.51700000220545, 158.11608543948265, 0.11594402441146183, 540.308457262509, 4660.080241350463, 0.0, 0.0, 0.5, 1, 0.35714285714285715, 1.0, -1] 1
angular/angular.js 8206 8133 [0.5901731729539075, 76.41759376502908, 129.4833402584995, 0.5441245555808999, 1061.6404115886012, 1951.098146003002, 0.0, 0.0, 0.0, 0, 0.0, 0.0, 0] 1
angular/angular.js 9356 8837 [0.6365713880856618, 238.99553978061223, 375.44185028380696, 0.0, 0.0, 0.0, 0.0, 0.0, 0.18181818181818182, 4, 0.2546972860125261, 0.9457364341085271, 0] 1
angular/angular.js 4530 4410 [0.8526846674418289, 181.18942979102573, 212.49289064223342, 0.6763176591610647, 113.04249862903539, 167.1440884291835, 0.0, 0.0, 1.0, 1, 1.0, 1.0, -1] 1
angular/angular.js 1851 1701 [0.4714051151483362, 98.6362774703041, 209.2388781977183, 0.34087001515232423, 2890.1190567655813, 8478.654408702028, 0.6569844435660962, 0.6569844435660962, 1.0, 2, 0.5333333333333333, 0.5333333333333333, -1] 1
angular/angular.js 13497 13495 [0.5949477853335342, 329.6680140632031, 554.1125157368014, 0.391654687482258, 1384.3914730875554, 3534.7246371212354, 0.0, 0.0, 1.0, 1, 1.0, 1.0, -1] 1
angular/angular.js 4940 4529 [0.7291445007319836, 259.8748178656074, 356.41058473967877, 0.4734562826779617, 708.6894739069008, 1496.8424748709936, 0.5137683768871705, 0.49817996606329107, 0.5, 1, 0.6527777777777778, 1.0, 1] 1
angular/angular.js 5084 4872 [0.5431567336833257, 308.3081901520383, 567.62288126541, 0.00013348713916484827, 0.003583819689177094, 26.847677698383368, 0.9711867537318675, 0.9711867537318675, 1.0, 2, 0.6261261261261262, 0.6261261261261262, 1] 1
angular/angular.js 11803 11722 [0.8819458000145786, 228.19023839760123, 258.73499073733245, 0.43674254263957674, 230.70165086599746, 528.2326046638071, 0.5210851793652086, 0.4924987296997811, 0.6, 3, 0.2760416666666667, 0.3271604938271605, 1] 1
angular/angular.js 6986 6983 [0.580173883401979, 232.76919310630726, 401.2059138915616, 0.6624346687214792, 1212.8114232267678, 1830.8392970548086, 0.7888347451253721, 0.776411710545765, 0.3333333333333333, 1, 0.6833333333333333, 1.0, 1] 1
angular/angular.js 6215 6098 [0.7480982095662446, 226.1965727081422, 302.36213616831594, 0.6239529520310713, 1198.0748582536569, 1920.136533297459, 0.18496246653167042, 0.1911977347424382, 0.6666666666666666, 2, 0.47560975609756095, 0.5735294117647058, 0] 1
angular/angular.js 4544 4410 [0.6911813392429109, 136.1388779913781, 196.96549987952298, 0.6763176591610647, 113.04249862903539, 167.1440884291835, 0.0, 0.0, 1.0, 1, 1.0, 1.0, 0] 1
angular/angular.js 4916 4860 [-0.00826218119121682, -2.240735759197291, 271.2038997134708, 0.0, 0.0, 0.0, 0.0, 0.0, 1.0, 1, 1.0, 1.0, 0] 1
angular/angular.js 4968 4963 [0.44506675102259097, 80.01532409038458, 179.7827492315262, 0.0, 0.0, 0.0, 0.0, 0.0, 1.0, 1, 0.0, 0.0, 0] 1
angular/angular.js 6876 6065 [0.8712785979706368, 213.29710169580449, 244.80929772935025, 0.17354225611689217, 293.43980771878773, 1690.883905076909, 0.8755606362045021, 0.8755606362045021, 1.0, 2, 0.0, 0.0, -1] 1
angular/angular.js 2399 2357 [0.5341601235421861, 131.537874214053, 246.25176687054702, 0.11390564966207421, 148.65438787170285, 1305.0659762067844, 0.0, 0.0, 0.1, 1, 0.34782608695652173, 1.0, 0] 1
angular/angular.js 4658 4615 [0.6091140526270569, 61.19912398191633, 100.47235606857161, 0.0, 0.0, 0.0, 0.0, 0.0, 1.0, 1, 1.0, 1.0, 0] 1
angular/angular.js 6807 6801 [0.8222752207849534, 184.46177020646445, 224.33093633829208, 0.625035759723887, 2570.9764420776405, 4113.326961026011, 0.861341092737841, 0.861341092737841, 1.0, 1, 1.0, 1.0, 1] 1
angular/angular.js 4630 4512 [0.0018641700705922008, 0.18066483948072543, 96.91435472050716, 0.6797774989706907, 148.42247737747434, 218.33979147914357, 1.0, 1.0, 1.0, 1, 1.0, 1.0, 0] 1
angular/angular.js 11973 11097 [0.8080919508838802, 270.4615900422163, 334.6916025415041, 0.25357685772101324, 1120.7623109420151, 4419.8130736957255, 0.15033785540865985, 1.0, 0.5, 1, 0.0, 0.0, 0] 1
angular/angular.js 13942 13941 [0.7043916237148313, 340.8240791926774, 483.8559513175841, 0.9155799701561235, 641.1895062184526, 700.3096694100001, 0.0, 0.0, 0.5, 1, 0.25, 1.0, 1] 1
angular/angular.js 3198 2773 [0.633535726385899, 190.1735051272815, 300.1780281787031, 0.4058667590821189, 947.2906717181377, 2333.994224756092, 0.07725239376246762, 0.25720408488036134, 0.5, 1, 0.6698113207547169, 1.0, 0] 1
angular/angular.js 11028 9964 [0.828971811040955, 606.0290292441251, 731.0610821411689, 0.7477168491146096, 1855.1404130398068, 2481.0734374068547, 0.16210942416865282, 1.0, 0.5, 2, 0.3783783783783784, 0.6666666666666666, 0] 1
angular/angular.js 8034 8032 [0.771618653046867, 220.44811761299812, 285.69568237175366, 0.047502753563066186, 117.24017152154867, 2468.071063836265, 0.2963355490230974, 0.2963355490230974, 1.0, 2, 1.0, 1.0, -1] 1
angular/angular.js 4924 4854 [0.014515170856350264, 4.0263946525269585, 277.39216385217026, 0.0, 0.0, 0.0, 0.0, 0.0, 1.0, 1, 1.0, 1.0, 0] 1
angular/angular.js 4300 3898 [0.379200182330202, 121.61292542197617, 320.7090373075755, 0.3751315687606259, 700.7985197231578, 1868.1406154072367, 0.5364946159587846, 0.5364946159587846, 1.0, 1, 0.56, 0.56, 0] 1
angular/angular.js 1514 1045 [0.277614188068021, 81.48427186410917, 293.5162371605586, 0.28242948391421013, 4237.581982907371, 15004.035429227939, 0.2141954796301069, 0.2141954796301069, 1.0, 2, 0.0, 0.0, -1] 1
angular/angular.js 11790 11443 [0.43845978560388044, 165.8477772704903, 378.250828732382, 0.026742882238568296, 64.08185708976035, 2396.2210399798337, 0.023447605948107086, 0.033627167742327456, 0.4, 2, 0.0, 0.0, -1] 1
angular/angular.js 4833 4337 [0.442545536571462, 240.82083874224438, 544.1718847916948, 0.5472313641324958, 4049.0067317978405, 7399.076509835232, 0.3201824491501035, 0.00044666223735783625, 0.25, 1, 0.0, 0.0, 0] 1
angular/angular.js 8108 7902 [0.6589327200285634, 414.43834999601324, 628.9539696526956, 0.13794667124728782, 150.0643598740726, 1087.843284054765, 0.21975074634764358, 0.21975074634764358, 1.0, 2, 1.0, 1.0, 0] 1
angular/angular.js 2357 2199 [0.2226820540940721, 74.20101488426515, 333.2150638996661, 0.31658518011778647, 62.47887310149178, 197.35248844638377, 0.0, 0.0, 1.0, 1, 1.0, 1.0, 0] 1
angular/angular.js 4308 3848 [0.4744478194914923, 158.32954521754715, 333.71329514643554, 0.3565550919776488, 770.4678415775463, 2160.8661856548224, 0.16766621176369154, 0.16766621176369154, 1.0, 2, 0.7020408163265306, 0.7020408163265306, -1] 1
angular/angular.js 3958 3898 [0.3465753784546636, 123.29488383949807, 355.75199943300817, 0.5447273406872681, 580.1771469802663, 1065.0780741944623, 0.5364946159587846, 0.5364946159587846, 1.0, 1, 0.56, 0.56, 0] 1
angular/angular.js 8205 7968 [0.8219221699898883, 267.7430955675191, 325.75237089761555, 0.351025330310854, 489.93260437213326, 1395.7186620642692, 0.2356125078047729, 0.44277333670642194, 0.5, 1, 0.0, 0.0, -1] 1
angular/angular.js 4642 4615 [0.6581498410725609, 45.03909959662916, 68.4328959545606, 0.0, 0.0, 0.0, 0.0, 0.0, 1.0, 1, 1.0, 1.0, 0] 1
angular/angular.js 10335 10330 [0.2742712395458279, 83.933683987, 306.024372537156, 0.14803822418625368, 80.33815021141105, 542.6851791354504, 0.0, 0.0, 1.0, 1, 0.4423076923076923, 0.4423076923076923, -1] 1
angular/angular.js 4665 4615 [0.6569737585439078, 58.548773903077524, 89.1188927132232, 0.0, 0.0, 0.0, 0.0, 0.0, 1.0, 1, 1.0, 1.0, 0] 1
angular/angular.js 5019 4067 [0.7919208011635752, 502.0499689996462, 633.9648715654146, 0.061915309807503066, 417.8266908750309, 6748.358236017379, 0.3361672288368707, 0.0, 0.0, 0, 0.0, 0.0, -1] 1
angular/angular.js 4292 3898 [0.7454441061246918, 383.80568315819943, 514.8684924929831, 0.0, 0.0, 0.0, 0.5364946159587846, 0.5364946159587846, 1.0, 1, 0.56, 0.56, 0] 1
angular/angular.js 7846 5063 [0.7344391030929628, 224.8551984166829, 306.1590776821989, 0.3770393405233815, 4567.214536569793, 12113.36337006606, 0.40862786933868395, 0.40862786933868395, 1.0, 2, 0.25, 0.25, 0] 1
angular/angular.js 10711 10327 [0.5856374757144469, 256.6850950366013, 438.3003234611292, 0.04309336608082764, 21.737060545261023, 504.417791464471, 0.11786465323218039, 1.0000000000000002, 0.5, 1, 0.2916666666666667, 1.0, 0] 1
angular/angular.js 12110 9791 [0.015288081577051752, 3.80735291286029, 249.04059372467864, 0.0, 0.0, 0.0, 0.0, 0.0, 1.0, 1, 0.42424242424242425, 0.42424242424242425, 0] 1
angular/angular.js 3785 3761 [0.2324868643858336, 28.87478582948447, 124.19964416382714, 0.0, 0.0, 0.0, 0.0, 0.0, 1.0, 1, 1.0, 1.0, 0] 1
angular/angular.js 3010 2522 [0.12343857364590755, 48.354012611873955, 391.72530258313685, 0.14566918639725848, 752.4690865059181, 5165.602315192718, 0.39284968360628403, 0.35239605489558523, 0.5, 2, 0.38461538461538464, 0.5241935483870968, -1] 1
angular/angular.js 6885 6046 [0.5831387076486809, 220.18781193311244, 377.59080137373985, 0.0, 0.0, 0.0, 0.0, 0.0, 1.0, 1, 1.0, 1.0, 0] 1
angular/angular.js 10585 5072 [0.7722300483784388, 596.9002149708806, 772.9564735589827, 0.8323409613155608, 3064.6046544785277, 3681.910174929696, 0.8277060214771843, 0.8277060214771843, 1.0, 2, 0.7652173913043478, 0.7652173913043478, -1] 1
angular/angular.js 10485 10476 [0.9254655290850142, 203.92199074887498, 220.34531199718245, 0.0, 0.0, 0.0, 1.0, 1.0, 1.0, 1, 1.0, 1.0, 0] 1
angular/angular.js 9763 9321 [0.37694217580992806, 67.4957318943678, 179.06123598225926, 0.15982895308567785, 1175.1414306174752, 7352.494075260127, 0.0, 0.0, 0.25, 1, 0.0, 0.0, -1] 1
angular/angular.js 4532 4410 [0.837405838246112, 176.20300502458255, 210.41530519255446, 0.0, 0.0, 0.0, 0.0, 0.0, 1.0, 1, 1.0, 1.0, -1] 1
angular/angular.js 1616 1544 [0.016843500297447533, 5.297092192285813, 314.48879975907, 0.0, 0.0, 0.0, 0.035177187087465464, 0.13096739505005373, 0.05263157894736842, 1, 0.03951890034364261, 0.7931034482758621, 0] 1
angular/angular.js 3452 2981 [0.6465814708107597, 286.96795582172285, 443.8233521630132, 0.24831027064928923, 383.10278382918676, 1542.8390570693591, 0.4369903735473256, 0.4369903735473256, 1.0, 2, 0.08620689655172414, 0.08620689655172414, 0] 1
angular/angular.js 4356 3898 [0.8020320373033419, 433.7094910903518, 540.7632998659324, 0.35983051284351786, 625.9317697457788, 1739.5183215548548, 0.5364946159587846, 0.5364946159587846, 1.0, 1, 1.0, 1.0, 0] 1
angular/angular.js 11593 11579 [0.6907829574791263, 405.79187775415994, 587.4375928946132, 0.03967749499612713, 26.99069295305059, 680.2519401914137, 0.7268288264409457, 0.7268288264409457, 1.0, 2, 1.0, 1.0, 0] 1
angular/angular.js 13014 9791 [0.5861478264092426, 83.51057755558108, 142.47357713013992, 0.03238907278528405, 8.1118823010696, 250.45120478889498, 0.0, 0.0, 1.0, 1, 0.42424242424242425, 0.42424242424242425, 0] 1
angular/angular.js 10477 10443 [0.7070147133258379, 253.7603720680829, 358.91809220543587, 0.0695055354309897, 362.0307643099087, 5208.660893913406, 0.35741303077188014, 0.2728002878084034, 0.5, 1, 0.603448275862069, 1.0, -1] 1
angular/angular.js 14488 14085 [0.5251855378284884, 287.04739681280904, 546.5637877228658, 0.29804555937305205, 463.85056736480715, 1556.307593847501, 0.5240200142275824, 1.0, 0.5, 1, 0.5609756097560976, 1.0, 1] 1
angular/angular.js 7947 7868 [0.2497842916149485, 134.3134085830414, 537.717595108384, 0.0, 0.0, 0.0, 0.0, 0.0, 0.07142857142857142, 1, 0.18932038834951456, 1.0, 0] 1
angular/angular.js 4193 3927 [0.1764240184081185, 78.52307366735731, 445.0815392137328, 0.03271850128831078, 125.74930722056423, 3843.3700282442405, 0.09463737754820029, 0.09463737754820029, 1.0, 2, 0.0440251572327044, 0.0440251572327044, -1] 1
angular/angular.js 15535 15524 [0.43476840598167943, 119.29608840761595, 274.38996662660657, 0.10938909377277238, 12.264686300739234, 112.11982728567031, 0.0, 0.0, 0, 0, 0.0, 0.0, 0] 1
angular/angular.js 15110 15106 [0.2755113095909596, 110.88633825846804, 402.47472389825475, 0.7515107439137699, 2257.2450946043637, 3003.6098790137394, 0.006815575663600069, 0.006815575663600069, 0.6666666666666666, 2, 0.9620253164556962, 0.9620253164556962, -1] 1
angular/angular.js 11938 11937 [0.5638947893239665, 127.06440076981487, 225.33352528784292, 0.6940089854945654, 372.95689359883653, 537.3949061092626, 1.0, 1.0, 1.0, 1, 1.0, 1.0, 0] 1
angular/angular.js 7999 5903 [0.73494671960157, 368.6577504862762, 501.611532719179, 0.4437958919262679, 2364.1579749447037, 5327.129020242225, 0.3895824974547498, 0.5871519872337185, 0.25, 2, 0.3930635838150289, 0.8947368421052632, -1] 1
angular/angular.js 7582 5674 [0.7547376647786269, 199.62527852265478, 264.49624530293863, 0.5241300761366637, 1441.2089352855521, 2749.7161504423298, 0.3688045845092199, 0.5811869883295098, 0.5, 1, 0.09595959595959595, 0.3114754098360656, 0] 1
angular/angular.js 4646 4512 [0.6394540352516128, 75.49669539597156, 118.06430366220937, 0.28491402243885133, 72.60225478096363, 254.82162709820867, 1.0, 1.0, 1.0, 1, 1.0, 1.0, 0] 1
angular/angular.js 11017 9854 [0.9130490872717943, 232.08888850383303, 254.19103062390482, 0.4932485560081636, 2103.0242071934845, 4263.6195921446915, 0.6455538842965277, 0.0, 0.0, 0, 0.0, 0.0, 1] 1
angular/angular.js 8516 8512 [0.729225568603077, 294.6635880171631, 404.0774222736432, 0.3641806876823958, 109.73590370632375, 301.32268793458127, 0.144437332590774, 0.144437332590774, 1.0, 2, 0.8409090909090909, 0.8409090909090909, 1] 1
angular/angular.js 11359 10985 [0.7874407566512187, 332.6606068864949, 422.4579488382265, 0.6532258863245465, 4298.479667063453, 6580.3878215074465, 0.026437268843060982, 0.026437268843060982, 1.0, 2, 0.7741935483870968, 0.7741935483870968, 0] 1
angular/angular.js 2273 1084 [0.976257603705233, 173.45816406753926, 177.67663310299037, 0.679852548669283, 1106.7498846883873, 1627.9263597006388, 0.9900266267117787, 0.9900266267117787, 1.0, 4, 1.0, 1.0, 0] 1
mozilla-b2g/gaia 1171 1170 [0.24545939080196363, 143.56071804963852, 584.8654540394551, 0.5372861262683748, 933.4471097133388, 1737.3370799585496, 0.0, 0.0, 1.0, 1, 0.4375, 0.4375, -1] 1
mozilla-b2g/gaia 6795 6603 [0.44697473789501985, 209.76625749982833, 469.30226636006387, -0.015485183786172058, -5.338989729309936, 344.78052072443217, 0.0, 0.0, 1.0, 1, 1.0, 1.0, 1] 1
mozilla-b2g/gaia 13332 13292 [0.009431257260339028, 4.525595375723707, 479.8506976111289, 0.0, 0.0, 0.0, 0.0, 0.0, 0.04, 1, 0.061068702290076333, 1.0, -1] 1
mozilla-b2g/gaia 9488 9457 [0.23280837961276254, 192.75623708319407, 827.9609067500558, 0.15043638412042484, 314.03148417801185, 2087.4703019093345, 0.0, 0.0, 0.5, 1, 0.6666666666666666, 1.0, -1] 1
mozilla-b2g/gaia 9428 9349 [0.8378064852111462, 317.1701871889108, 378.57213185569543, 0.28737895859425794, 124.60663793782659, 433.59694303073564, 0.9999999999999998, 0.9999999999999998, 1.0, 1, 1.0, 1.0, 1] 1
mozilla-b2g/gaia 22947 22749 [0.5341314745182456, 185.83359861682274, 347.91733399428193, 0.0, 0.0, 0.0, 0.35149535116323827, 0.37506597997405366, 0.07142857142857142, 1, 0.09606986899563319, 1.0, 1] 1
mozilla-b2g/gaia 18033 18000 [0.5353034392616519, 101.27943133459897, 189.20003853196695, 0.7777598326482539, 947.2752566107109, 1217.9534309264352, 1.0000000000000002, 1.0000000000000002, 1.0, 1, 1.0, 1.0, 1] 1
mozilla-b2g/gaia 2459 2420 [0.03521894818842048, 10.949029666409595, 310.8846297121812, -0.048551691409127774, -40.22410908935191, 828.480078075915, 0.0, 0.0, 0.0, 0, 0.0, 0.0, 0] 1
mozilla-b2g/gaia 5772 5638 [-0.004890900373780947, -1.8647568357214495, 381.27066454225996, 0.0, 0.0, 0.0, 0.045201661253066565, 0.0, 0.2857142857142857, 2, 0.0036867718625571448, 0.0038098140810728437, -1] 1
mozilla-b2g/gaia 12565 12520 [0.10940676531420318, 59.35595035188389, 542.5254113072504, 0.22202273239844733, 162.0614202327091, 729.9316537635875, 0.7323869129920457, 0.7323869129920457, 1.0, 1, 1.0, 1.0, 0] 1
mozilla-b2g/gaia 10547 8726 [0.14186725233702746, 131.3577861367715, 925.9204218934958, 0.0, 0.0, 0.0, 0.0, 0.0, 1.0, 1, 1.0, 1.0, 1] 1
mozilla-b2g/gaia 8383 8363 [0.08946741028696435, 53.082623649642194, 593.3179856148857, 0.0, 0.0, 0.0, 0.3448824992618499, 0.36854269272016854, 0.3333333333333333, 1, 0.0, 0.0, 1] 1
mozilla-b2g/gaia 9768 9467 [-0.014881284229448634, -3.6220296329707935, 243.39496357465873, 0.0, 0.0, 0.0, 0.031051049227869568, 0.26753831213446755, 0.16666666666666666, 1, 0.08108108108108109, 0.4186046511627907, 0] 1
mozilla-b2g/gaia 17425 17408 [0.0028205730841855767, 1.7213991933028885, 610.3012196189669, 0.0, 0.0, 0.0, 0.0, 0.0, 0.5, 1, 0.6086956521739131, 1.0, -1] 1
mozilla-b2g/gaia 21450 21295 [0.06102405635640823, 18.319312720075352, 300.1982138499977, 0.0, 0.0, 0.0, 0.9985504505448473, 0.9985504505448473, 0.6666666666666666, 2, 0.8985507246376812, 1.0, -1] 1
mozilla-b2g/gaia 1010 1004 [-0.020500699606317774, -10.142593807777516, 494.7437893608195, 0.0, 0.0, 0.0, 0.7197317652802399, 0.0, 0.02564102564102564, 1, 0.03064066852367688, 1.0, 0] 1
mozilla-b2g/gaia 21295 20806 [0.23805292619406798, 95.4646556574855, 401.02281952064646, 0.0, 0.0, 0.0, 0.9341258237917754, 0.9341258237917754, 0.5, 2, 0.7261904761904762, 1.0, -1] 1
mozilla-b2g/gaia 6471 6466 [0.005850342139281507, 2.730587289679703, 466.73976062792326, -0.012870536886635161, -4.759990898420807, 369.8362345213127, 0.5746163862243034, 0.5746163862243034, 0.5, 1, 0.6666666666666666, 1.0, -1] 1
mozilla-b2g/gaia 10228 10180 [0.45526784087783906, 248.3805624654375, 545.5701900369564, 0.32013733239677206, 274.42589611070315, 857.2130405915452, 0.7536950231597306, 0.7948378556877476, 0.5, 1, 0.2777777777777778, 0.37037037037037035, 1] 1
mozilla-b2g/gaia 15218 15022 [0.20497632151753384, 102.9117124151282, 502.066344313458, 0.0, 0.0, 0.0, 0.0, 0.0, 1.0, 1, 1.0, 1.0, -1] 1
mozilla-b2g/gaia 11048 11032 [0.026328139624990907, 25.52374248908852, 969.4472474181637, -0.004009310616595381, -3.209368102824128, 800.4787879342342, 0.7395987203276061, 0.7395987203276061, 1.0, 2, 0.38235294117647056, 0.38235294117647056, -1] 1
mozilla-b2g/gaia 3627 3600 [0.5347968044985822, 78.06440475829811, 145.97021541946228, 0.1431657379512518, 497.6203882184342, 3475.8343395531892, 0.03648482447130025, 0.043572806839519376, 0.3333333333333333, 1, 0.5, 0.6521739130434783, 0] 1
mozilla-b2g/gaia 16480 16475 [0.30036009229180044, 199.3794164009615, 663.8012889117906, 0.0, 0.0, 0.0, 0.0, 0.0, 1.0, 1, 1.0, 1.0, 1] 1
mozilla-b2g/gaia 14246 14107 [0.03194430162103811, 14.210694521861887, 444.8585131221934, 0.9999971047190198, 231.38042350211617, 231.3810934153951, 0.0, 0.0, 1.0, 1, 1.0, 1.0, -1] 1
mozilla-b2g/gaia 28433 28349 [0.16349211327925287, 75.80031838494011, 463.6328741770516, 0.0005141032030929262, 0.38848658417751825, 755.6587506950385, 0.0, 0.0, 0.3333333333333333, 1, 0.38095238095238093, 1.0, 1] 1
mozilla-b2g/gaia 7010 6996 [-0.0019866608606912118, -1.2020277244609805, 605.0492805514693, 0.026325738537455557, 7.668546709100026, 291.29464680314373, 0.07212968098122761, 0.07144463363689485, 0.375, 3, 0.21621621621621623, 0.22297297297297297, -1] 1
mozilla-b2g/gaia 21899 21887 [0.824528320244178, 228.18366597114934, 276.744485748621, 0.0, 0.0, 0.0, 0.9809970915753793, 0.9809970915753793, 1.0, 1, 1.0, 1.0, 1] 1
mozilla-b2g/gaia 27959 27781 [0.7061960949956859, 334.7229389417039, 473.9801611955227, 0.0, 0.0, 0.0, 0.9526042985496336, 0.2713511335064565, 0.16666666666666666, 10, 0.06131178707224334, 0.20259128386336867, 1] 1
mozilla-b2g/gaia 12134 11062 [0.36534093187526717, 215.51312735144705, 589.8959261017773, 0.3506341265316315, 233.49077873082976, 665.9100214815115, 0.6719010303883535, 0.6719010303883535, 1.0, 1, 1.0, 1.0, 1] 1
mozilla-b2g/gaia 17136 16651 [0.355787442613629, 368.79884112737994, 1036.570707549903, 0.0, 0.0, 0.0, 0.6411473300481917, 0.6087143363958931, 0.4, 2, 0.3273809523809524, 0.46218487394957986, 1] 1
mozilla-b2g/gaia 13480 12010 [0.48292319751189755, 181.08280175061665, 374.97225787368683, 0.0, 0.0, 0.0, 0.0974437874203915, 0.3421706188313409, 0.2857142857142857, 2, 0.2014388489208633, 0.7567567567567568, 1] 1
mozilla-b2g/gaia 10373 10253 [0.009153904045404634, 3.0757425722051006, 336.0033660992065, 0.1137881318646237, 70.33857562854799, 618.1538836777053, 0.0, 0.0, 0, 0, 0.0, 0.0, -1] 1
mozilla-b2g/gaia 27829 27430 [0.674800709460642, 339.3996226409883, 502.96275312494157, 0.0, 0.0, 0.0, 0.6181130929198306, 0.6181130929198306, 1.0, 1, 0.8, 0.8, -1] 1
mozilla-b2g/gaia 13342 12014 [0.6613459736296909, 277.4466066756748, 419.5181005683814, 0.006635652210239553, 1.8283587446756175, 275.5356499628259, 0.16021628696286896, 0.03331759370801365, 0.2727272727272727, 3, 0.39006024096385544, 0.5926773455377574, 1] 1
mozilla-b2g/gaia 23790 23101 [0.36621952533421, 124.5241595313687, 340.02599784303857, 0.0, 0.0, 0.0, 0.0, 0.0, 0.3333333333333333, 1, 0.46153846153846156, 1.0, 1] 1
mozilla-b2g/gaia 24321 24292 [0.7168868064002861, 477.1963830470844, 665.6509490574075, 0.0, 0.0, 0.0, 0.5246887583088798, 0.5459548485608577, 0.5, 1, 0.6575342465753424, 0.8275862068965517, 1] 1
mozilla-b2g/gaia 10980 10738 [0.9217066432678738, 465.06268781007213, 504.56692615473736, 0.17304048531303837, 1107.7899993725284, 6401.912230935346, 0.336307676981427, 0.8859332627157877, 0.8235294117647058, 28, 0.904613789528253, 0.9189046866771985, 1] 1
mozilla-b2g/gaia 7669 7587 [1.0, 754.6254474069683, 754.6254474069683, 0.2911076831943093, 258.01878756036734, 886.334516248904, 0.24308929324174497, 0.24308929324174497, 1.0, 2, 0.7758620689655172, 0.7758620689655172, 1] 1
kubernetes/kubernetes 661 657 [0.03776621586200103, 10.184809084112864, 269.6804234061597, 0.5894999587289357, 1882.6869828639944, 3193.701636423172, 0.47314951611743855, 0.4826469995580918, 0.5, 1, 0.6944444444444444, 0.8620689655172413, 0] 1
kubernetes/kubernetes 2716 2694 [0.5672976325124546, 191.33540105393303, 337.2751622574988, 0.379535161736911, 435.99617167853694, 1148.7635814379803, 0.0, 0.0, 1.0, 1, 1.0, 1.0, -1] 1
kubernetes/kubernetes 17024 14548 [0.5766640574757154, 222.91741375838606, 386.5637382260011, 0.6199909919316178, 532.3485003410831, 858.6390887430808, 0.9985709495347302, 0.0, 0.0, 0, 0.0, 0.0, 1] 1
kubernetes/kubernetes 45263 43027 [0.6626087249752571, 294.6567463982461, 444.6919204229451, 0.7086115377846364, 10364.713710160788, 14626.79219500779, 0.6637439770839408, 0.02221545220700419, 0.1111111111111111, 1, 0.24667931688804554, 0.9774436090225563, -1] 1
kubernetes/kubernetes 41036 41006 [0.5029135008796903, 90.59427510699759, 180.1388806395755, 0.1689004017781392, 578.4867201073581, 3425.016838427863, 0.0, 0.0, 1.0, 1, 0.4117647058823529, 0.4117647058823529, -1] 1
kubernetes/kubernetes 56 52 [0.14801298217805656, 16.10701355043, 108.82162708574845, 0.0, 0.0, 0.0, 1.0, 1.0, 1.0, 1, 1.0, 1.0, 0] 1
kubernetes/kubernetes 35745 32790 [0.533810550373067, 174.66501846595497, 327.20413327141233, 0.6033884319655408, 2484.9113227736952, 4118.261456685678, 0.8969707413558902, 0.9218030117825982, 0.5, 1, 0.6578947368421053, 1.0, -1] 1
kubernetes/kubernetes 8639 7439 [0.05683028162657963, 20.78872589302552, 365.8036754000986, 0.19008822330550262, 148.72683324442406, 782.4095078493942, 0.058724215635278354, 0.0, 0.0, 0, 0.0, 0.0, 1] 1
kubernetes/kubernetes 61 52 [0.08643914368356231, 8.881403516229165, 102.74747224176974, 0.0, 0.0, 0.0, 1.0, 1.0, 1.0, 1, 1.0, 1.0, 0] 1
kubernetes/kubernetes 19759 15998 [0.5151780003296603, 183.88461209768894, 356.9341314652837, 0.049740047705990005, 61.73426540752743, 1241.13804177339, 0.0, 0.0, 0.16666666666666666, 1, 0.3564356435643564, 0.7058823529411765, -1] 1
kubernetes/kubernetes 30993 28284 [0.6649485198379658, 108.70595929580952, 163.48026358837362, 0.6802687315576803, 1315.441302070191, 1933.7083141512203, 0.0, 0.0, 0.26666666666666666, 4, 0.40941176470588236, 1.0, -1] 1
kubernetes/kubernetes 10895 10784 [0.6702919388522239, 159.1486951274725, 237.43190974367255, 0.12777726216047441, 164.30162693021762, 1285.8440081762947, 0.6284705555537587, 0.6323503202277417, 0.125, 1, 0.8985507246376812, 1.0, 1] 1
kubernetes/kubernetes 10232 9264 [0.6420590022466417, 176.40342665285993, 274.7464423605979, 0.0, 0.0, 0.0, 0.3782375402096822, 0.3884510413248422, 0.1, 1, 0.6666666666666666, 1.0, 0] 1
kubernetes/kubernetes 31372 31361 [0.00624559974679569, 2.1258161398549205, 340.3702167987265, 0.9873866564605553, 1393.869565409721, 1411.67551362935, 0.9735491559080226, 1.0000000000000002, 0.5, 1, 0.6666666666666666, 1.0, -1] 1
kubernetes/kubernetes 21531 21357 [0.6953428822440234, 202.9026065721426, 291.80223419751064, 0.44888665917279125, 2549.7156867589015, 5680.0879122973265, 0.0, 0.0, 1.0, 1, 1.0, 1.0, -1] 1
kubernetes/kubernetes 33276 32120 [0.04015824161848822, 29.099206621203095, 724.6135649476813, 0.9482902686846152, 15241.086445657498, 16072.174258203231, 0.4765883702894058, 0.4765883702894058, 1.0, 1, 0.0, 0.0, -1] 1
kubernetes/kubernetes 54 52 [0.04329361319944999, 3.415114976285198, 78.88265090169429, 0.0, 0.0, 0.0, 1.0, 1.0, 1.0, 1, 1.0, 1.0, 0] 1
kubernetes/kubernetes 30772 30771 [0.007106268243177362, 4.306072389333529, 605.9541016436771, 0.9600981459696284, 1622.216919321971, 1689.6365503171048, 0.0, 0.0, 0.5, 1, 0.24175824175824176, 0.4888888888888889, -1] 1
kubernetes/kubernetes 28037 28026 [0.029530379268576434, 9.523868175875146, 322.51086548047107, 0.0, 0.0, 0.0, 0.0, 0.0, 1.0, 1, 0.6666666666666666, 0.6666666666666666, 0] 1
kubernetes/kubernetes 3916 3915 [0.7679943327540774, 61.68212880276843, 80.3158645475577, 0.07531028465302118, 17.336132323332457, 230.196080166283, 0.0, 0.0, 0.5, 1, 0.32558139534883723, 0.3888888888888889, 0] 1
kubernetes/kubernetes 44344 43215 [0.009473177312283053, 1.5911975121461965, 167.96872471531043, 0.00911720978912648, 4.933177140053225, 541.0840875831017, 0.0, 0.0, 0.038461538461538464, 1, 0.0, 0.0, 0] 1
kubernetes/kubernetes 40322 39503 [0.09156362778156356, 23.395552639787105, 255.51142092797056, 0.3369892476425889, 734.9923011390662, 2181.0556457830953, 0.4535865129956856, 0.5346564755128375, 0.5, 1, 0.5882352941176471, 1.0, 0] 1
kubernetes/kubernetes 45455 40210 [0.0006900756457696249, 0.08602888823239165, 124.66588084911427, 0.17743536042812766, 757.5290002859387, 4269.323760822663, 0.0, 0.0, 1.0, 1, 0.6666666666666666, 0.6666666666666666, -1] 1
kubernetes/kubernetes 36168 36163 [0.017640490975831227, 7.176849837587014, 406.8395742170571, 0.9859087364543541, 87592.06948536166, 88843.9936138217, 0.0, 0.07376569258045594, 0.05555555555555555, 2, 0.0, 0.0, -1] 1
kubernetes/kubernetes 46923 46913 [0.06984003633383015, 10.618998707562612, 152.04743962051498, 0.9894595265889959, 14272.230515956875, 14424.269141314062, 0.0, 0.0, 0.16666666666666666, 1, 0.0, 0.0, -1] 1
kubernetes/kubernetes 1211 1210 [0.05568028921319333, 12.467718551505127, 223.9161959767789, 0.06785016601172086, 167.04589335072012, 2461.9820874404872, 0.6122214204992406, 0.6122214204992406, 1.0, 1, 1.0, 1.0, 0] 1
kubernetes/kubernetes 13322 13144 [0.305470776749187, 48.62193616264384, 159.1704996467334, 0.3166493316654676, 6916.132902310082, 21841.6153475947, 0.14979785948463234, 0.32383365673328696, 0.08695652173913043, 2, 0.18739448508722567, 0.8430379746835444, -1] 1
kubernetes/kubernetes 21786 21601 [0.03921379145595397, 10.352894113036868, 264.01155635933674, 0.23429852497462683, 561.7835858141932, 2397.7256616320187, 0.0, 0.0, 0.993805918788713, 1444, 0.9608030592734226, 0.9925925925925926, -1] 1
kubernetes/kubernetes 4065 4056 [0.8684408570976244, 90.8987913184788, 104.6689484673342, 0.0, 0.0, 0.0, 0.0, 0.0, 0, 0, 0.0, 0.0, 0] 1
kubernetes/kubernetes 47455 47074 [-0.04323869509688084, -12.835295203718719, 296.8474227762862, 0.2457650683627108, 401.9114568531913, 1635.348178366963, 0.0, 0.0, 1.0, 1, 1.0, 1.0, -1] 1
kubernetes/kubernetes 24783 24549 [-0.03475291065368699, -10.119095729823965, 291.1726108544066, 0.6678395579406039, 4670.832948138493, 6993.944717114085, 0.0, 0.0, 1.0, 1, 0.4838709677419355, 0.4838709677419355, 0] 1
kubernetes/kubernetes 7503 7456 [0.3957643866389276, 181.31647041597208, 458.142461871878, 0.4008138642380356, 1075.7302322985654, 2683.8648267408985, 0.0, 0.0, 0.5, 1, 0.1518987341772152, 0.375, -1] 1
kubernetes/kubernetes 47322 46193 [0.020580513442485522, 5.948363422379056, 289.0289126654883, 0.040524682087301166, 1157.9704571384898, 28574.448891268465, 0.0, 0.0, 0.09090909090909091, 1, 0.05426356589147287, 0.5185185185185185, -1] 1
kubernetes/kubernetes 28996 28978 [0.11238054754426993, 31.311982149507212, 278.6245736805342, 0.2841887297888362, 509.0060252373215, 1791.084486761786, 0.3072457044574818, 0.3072457044574818, 1.0, 1, 1.0, 1.0, 0] 1
kubernetes/kubernetes 42529 42138 [0.057146052060628096, 22.699020267919376, 397.2106462199217, 0.2796486598297436, 1045.788598618849, 3739.6517446411103, 0.0, 0.0, 0.0, 0, 0.0, 0.0, -1] 1
kubernetes/kubernetes 37269 275 [-0.010410043787782663, -4.401923178307835, 422.85347382246164, 0.0, 0.0, 0.0, 0.0085600362811536, 0.0, 0.0, 0, 0.0, 0.0, -1] 1
kubernetes/kubernetes 45273 44727 [0.031281807246302015, 4.934607282823324, 157.74687325351604, 0.11677691027480053, 379.7683974720856, 3252.084650796215, 0.9392308700318023, 0.9392308700318023, 1.0, 1, 0.0, 0.0, 0] 1
kubernetes/kubernetes 34502 32109 [0.03883109222425823, 11.023550517474604, 283.884636924739, 0.38098101788796135, 2359.271955972145, 6192.623372815803, 0.0005435347215520451, 0.004383920619840814, 0.01282051282051282, 1, 0.014730498828255775, 1.0, -1] 1
kubernetes/kubernetes 20810 19559 [0.19654954819666018, 49.43974640330901, 251.53833655135873, 0.14358433287931008, 46.378486912099376, 323.00520524814397, 0.0, 0.0, 0.2, 1, 0.0, 0.0, -1] 1
kubernetes/kubernetes 41210 41106 [0.0837493712530078, 26.06046734818799, 311.17209548306965, 0.091864432858302, 59.14210151955522, 643.7976013064823, 0.0, 0.0, 0.2222222222222222, 2, 0.18857142857142858, 0.825, -1] 1
kubernetes/kubernetes 26066 26059 [0.1612388236587322, 37.42432054443774, 232.10489691767825, 0.20815529416282405, 69.09554172422818, 331.9422741666133, 0.0, 0.0, 0.0, 0, 0.0, 0.0, -1] 1
kubernetes/kubernetes 5741 5735 [0.19453931240257474, 17.245398502242654, 88.64737049422412, 0.0, 0.0, 0.0, 0.0, 0.0, 0.5, 1, 0.0, 0.0, 0] 1
kubernetes/kubernetes 38751 38370 [-0.042654157694421886, -15.969862812347776, 374.40342690054433, 0.13061298404776148, 159.4811641646496, 1221.0207532379159, 1.0, 1.0, 1.0, 1, 1.0, 1.0, 0] 1
kubernetes/kubernetes 10883 10819 [0.0256332959162664, 6.673875280103415, 260.35962374500195, 0.024367919429132235, 23.187878381537395, 951.5739925590823, 1.0000000000000002, 1.0000000000000002, 0.5, 1, 0.32222222222222224, 0.3493975903614458, 0] 1
kubernetes/kubernetes 38296 38285 [0.48490787956967507, 170.33854308844283, 351.28021272743075, 0.20081473905028058, 210.19504554130228, 1046.7112450778477, 0.0, 0.005916182478016882, 0.1111111111111111, 2, 0.0, 0.0, 0] 1
kubernetes/kubernetes 25591 24509 [-0.009788076446545986, -4.7400422047621245, 484.26697836374063, 0.054923840664095926, 167.78182310173864, 3054.808641803863, 0.08860107312143319, 0.18652033579483496, 0.045454545454545456, 1, 0.008793356130923302, 1.0, 0] 1
kubernetes/kubernetes 9966 9854 [-0.011823610222982044, -3.2212331541472987, 272.4407430047088, 0.21066722685081044, 163.86728713754985, 777.8489781592692, 0.07932897415178035, 0.07932897415178035, 1.0, 1, 0.44660194174757284, 0.44660194174757284, -1] 1
kubernetes/kubernetes 44496 39342 [0.11062851027272376, 32.793835827019855, 296.4320476356031, 0.56123053617394, 3708.6817860097062, 6608.125443944641, 0.9877770252065348, 0.0, 0.0, 0, 0.0, 0.0, 1] 1
kubernetes/kubernetes 18449 13838 [0.02185450254287227, 3.931195387181609, 179.8803417954598, 0.07444762814922762, 40.140405404453944, 539.1764170645428, 0.0, 0.0, 0.0, 0, 0.0, 0.0, -1] 1
kubernetes/kubernetes 46927 46784 [0.007301435795802937, 1.7456775476788693, 239.0868859906064, 0.17392130592784533, 323.51475249629357, 1860.121454185205, 0.0, 0.0, 0.0, 0, 0.0, 0.0, -1] 1
kubernetes/kubernetes 12111 11679 [0.050416430722223446, 18.127740062445504, 359.56016327936595, -0.011493522480259881, -3.7287812531613818, 324.42458433135374, 0.4926475525223013, 0.0, 0.0, 0, 0.0, 0.0, 0] 1
kubernetes/kubernetes 42883 42630 [-0.014687842809014683, -2.8268741363488052, 192.46353416948386, 0.007812853809304028, 23.949738286569563, 3065.4276748463844, 0.0, 0.0, 0.2, 1, 0.21875, 0.4, -1] 1
kubernetes/kubernetes 451 356 [-0.007578552912386834, -0.8968069120046942, 118.33484866733596, 0.2836573232835257, 552.1097519207743, 1946.3969607050149, 0.006513394424969972, 0.0, 0.0, 0, 0.0, 0.0, 0] 1
kubernetes/kubernetes 5775 5714 [-0.009676776255801456, -2.5247385777861657, 260.9069912381745, 0.19388550771488594, 249.0030678593585, 1284.2789066293933, 0.020982264193856313, 0.0, 0.1111111111111111, 2, 0.05566037735849057, 0.32065217391304346, -1] 1
kubernetes/kubernetes 38789 33757 [-0.029887019193107003, -5.219816818658445, 174.65163671666252, 0.11967603489641897, 190.82720311668075, 1594.531463896209, 0.166020947007695, 0.19918911363028927, 0.047619047619047616, 1, 0.01950585175552666, 0.3191489361702128, 0] 1
kubernetes/kubernetes 11113 11085 [-0.003230383552494076, -0.5588680525419972, 173.00362122959456, -0.0044066180805676786, -1.8071366793788528, 410.09605242350614, 0.01058312410753063, 0.12464420038995844, 0.00423728813559322, 1, 0.016079158936301793, 0.5416666666666666, 0] 1
kubernetes/kubernetes 29226 29204 [0.028520714801609816, 9.037917957842835, 316.8896018459082, 0.011411084280537371, 7.675079159401541, 672.5985866647289, 0.19245122483125193, 0.28016997918501096, 0.75, 3, 0.3218390804597701, 0.4692737430167598, -1] 1
kubernetes/kubernetes 33683 33675 [0.9359631996139846, 86.50506040293244, 92.42357011323668, 0.87621061183021, 1382.7131691723935, 1578.0602865379726, 0.0, 0.0, 0.9714285714285714, 34, 0.6111111111111112, 1.0, -1] 1
kubernetes/kubernetes 40550 39903 [-0.008352467705698441, -3.5174553488588134, 421.12768020151003, 0.0971820640818274, 28.657961093657367, 294.8894054105224, 0.05860298806990631, 0.0, 0.07692307692307693, 1, 0.0, 0.0, -1] 1
kubernetes/kubernetes 11450 11364 [0.0665042695019221, 18.708646154954614, 281.3149636116806, 0.15199918117878788, 296.5744339753479, 1951.1581027959912, 0.0, 0.0, 0.05, 1, 0.0, 0.0, 0] 1
kubernetes/kubernetes 40901 40193 [-0.0044302218502709125, -1.1001897523675044, 248.3373947289404, 0.0868863888619157, 143.45533745314364, 1651.0680134391384, 0.0, 0.0, 1.0, 1, 0.0, 0.0, -1] 1
kubernetes/kubernetes 36673 36425 [0.003986841625290101, 0.6162360004520911, 154.56746426621626, 0.412787479853212, 9109.677564274172, 22068.686694454955, 0.041582169082563326, 0.03679720814107218, 0.005257623554153523, 5, 0.004682859971065255, 0.5574018126888217, -1] 1
kubernetes/kubernetes 39883 38317 [0.402496876764334, 146.75842345460399, 364.62003043201884, 0.3364473078256284, 463.2348519854265, 1376.8422014703967, 0.12772433563779587, 0.8293538521600363, 0.23529411764705882, 4, 0.12920592193808883, 0.6114649681528662, -1] 1
kubernetes/kubernetes 11322 11317 [0.043823139274038365, 11.139356959504477, 254.188931784347, 0.0, 0.0, 0.0, 0.08953616196599197, 0.059275218870927925, 0.2, 1, 0.0, 0.0, 0] 1
kubernetes/kubernetes 15401 15224 [0.0012660279407992819, 0.374295830752163, 295.64579002565984, 0.03982992110281617, 254.75405102087376, 6396.047091412928, 0.0, 0.0, 0.03333333333333333, 1, 0.044171779141104296, 0.6101694915254238, 0] 1
kubernetes/kubernetes 46953 46909 [0.1529071430575985, 34.227236743595775, 223.84328200221972, 0.3764124944214411, 338.9801924142062, 900.5551022827507, 0.39070405051826523, 0.63163093384596, 0.5, 1, 0.0979020979020979, 0.358974358974359, 1] 1
kubernetes/kubernetes 41480 41478 [0.00043870540610147033, 0.0865009198694616, 197.1731341041518, 0.0, 0.0, 0.0, 0.0, 0.0, 0.0, 0, 0.0, 0.0, 0] 1
kubernetes/kubernetes 33964 30787 [0.36009123357854156, 72.72120012752107, 201.9521536384735, 0.2880001964805875, 4957.901106447322, 17214.92265294863, 0.09598522702974355, 0.13380783677463493, 0.038461538461538464, 1, 0.2113587347232207, 0.551594746716698, -1] 1
kubernetes/kubernetes 42113 42049 [0.12872469072131848, 49.52593778110633, 384.7431095276595, 0.11933453231113676, 318.8297043080109, 2671.730454993005, 0.0, 0.0, 0.08333333333333333, 1, 0.4012738853503185, 0.9692307692307692, -1] 1
kubernetes/kubernetes 15339 15004 [0.3317117013237034, 94.06588769487135, 283.5772368580885, -0.012589809881071138, -10.985216928502494, 872.5482777161583, 0.26493133602607866, 0.0, 0.0, 0, 0.0, 0.0, -1] 1
kubernetes/kubernetes 30147 30137 [0.14489177862020675, 63.51536730264107, 438.36419089815183, 0.21799515984393342, 159.1475311633943, 730.0507556100366, 0.26563405802172046, 0.5060460944759657, 0.5, 1, 0.44623655913978494, 1.0, 1] 1
kubernetes/kubernetes 14472 14448 [-0.0011632879996534213, -0.34944187883228806, 300.3915444295801, -0.03844629982331517, -7.162349545205127, 186.29489907014744, 0.7018671254459541, 0.7018671254459541, 1.0, 1, 0.0, 0.0, -1] 1
kubernetes/kubernetes 7142 6847 [0.22868783399834386, 70.29618486342117, 307.3892634967641, 0.02378771991664154, 32.42310461679434, 1363.0185965873766, 0.9005657994080252, 0.9005657994080252, 1.0, 1, 0.5526315789473685, 0.5526315789473685, 0] 1
kubernetes/kubernetes 6949 6938 [0.0007963461377700128, 0.17090923806072925, 214.6167727256415, 0.061466089462890006, 25.19676527044324, 409.9295317242481, 0.0, 0.0, 0.0, 0, 0.0, 0.0, -1] 1
kubernetes/kubernetes 32311 32268 [0.6831485979720647, 311.3297917120616, 455.727776703704, 0.8185719776846897, 2331.590237930922, 2848.363126875863, 1.0, 1.0, 1.0, 1, 1.0, 1.0, 1] 1
kubernetes/kubernetes 7021 6886 [0.16784053857663384, 49.92737559300057, 297.46910976578147, 0.37018850127931857, 8349.52827589708, 22554.80180243931, 0.08544170182486634, 0.0, 0.5, 1, 0.1724137931034483, 0.46875, 0] 1
kubernetes/kubernetes 25888 24861 [0.3431003755159051, 81.81903307880101, 238.46966927906533, 0.11625046365166193, 266.2195247901495, 2290.0512946585877, 0.47868984573074813, 0.10286551975259903, 0.2727272727272727, 3, 0.0, 0.0, -1] 1
kubernetes/kubernetes 45804 45768 [0.0716998259256486, 36.780104358368455, 512.97341218804, -0.006720849859298901, -16.062736040697132, 2389.985846577556, 0.0, 0.0, 0.0, 0, 0.0, 0.0, -1] 1
kubernetes/kubernetes 18073 17769 [0.2112486455310772, 162.32247491699636, 768.3953405188427, 0.0, 0.0, 0.0, 0.0, 0.0, 1.0, 1, 0.0, 0.0, 0] 1
kubernetes/kubernetes 37347 37332 [0.24285969088300255, 146.53022391088004, 603.3534152090758, 0.5576095855488745, 5032.284816120129, 9024.745891279246, 0.9559636659108397, 0.9559636659108397, 1.0, 1, 1.0, 1.0, 1] 1
kubernetes/kubernetes 25996 25634 [0.2434536874316237, 112.13448822863164, 460.59884905265886, 0.16500432398281042, 569.1153150996884, 3449.0933410870907, 0.13018716178388337, 0.8259933143136413, 0.03260869565217391, 3, 0.01838785546290357, 0.9608938547486033, -1] 1
kubernetes/kubernetes 6614 6239 [0.5035720054311702, 143.87328826646413, 285.70549338475723, 0.1684007458644303, 154.62787988696874, 918.2137471733688, 0.20569627132930232, 0.01254306659864758, 0.16666666666666666, 2, 0.2037037037037037, 0.5238095238095238, -1] 1
kubernetes/kubernetes 25688 25326 [0.21177288075153616, 76.0047165412874, 358.8973067352302, 0.13507595340884226, 660.9885585959349, 4893.458398144949, 0.008446130520390656, 0.002607619887822295, 0.375, 3, 0.31359649122807015, 0.6124197002141327, 0] 1
kubernetes/kubernetes 22501 21535 [0.28495299454716183, 149.34525659996308, 524.1048855699789, -0.014297189357924357, -2.5324777011504835, 177.13115758285966, 0.481540837003597, 0.530522945227393, 0.2727272727272727, 3, 0.39111747851002865, 0.6, -1] 1
kubernetes/kubernetes 44288 40234 [0.05784840993990858, 15.00659923249027, 259.41247560786434, 0.5984290329189743, 3306.936043318213, 5526.028754300032, 0.14284753918856843, 0.2818088113454773, 0.09090909090909091, 2, 0.01790830945558739, 0.2777777777777778, -1] 1
kubernetes/kubernetes 45065 45034 [0.18279197157630034, 60.5339411410704, 331.1630189173957, 0.060921338731877286, 281.7290868726151, 4624.473012855829, 0.09153101608472454, 0.022938787367395724, 0.42857142857142855, 3, 0.22285714285714286, 0.5977011494252874, -1] 1
kubernetes/kubernetes 24881 24201 [0.26565223273908023, 79.77280961878297, 300.2903788771641, 0.40313033030358636, 1799.7419774094067, 4464.417192459993, 0.19258126526632172, 0.2132914260319189, 0.75, 3, 0.36792452830188677, 0.3939393939393939, 0] 1
kubernetes/kubernetes 44313 44312 [0.2816182893447928, 115.41165421611949, 409.8159053683403, 0.19945286297833084, 279.1591421144266, 1399.6246428648922, 0.41196398881909463, 0.0, 0.0, 0, 0.0, 0.0, 1] 1
kubernetes/kubernetes 13758 13738 [0.18508931303997728, 59.44191035545132, 321.1525796879073, 0.2356647934944624, 550.9848375673587, 2338.002335424386, 0.5217340150306055, 0.5217340150306055, 1.0, 2, 0.8627450980392157, 0.8627450980392157, 1] 1
kubernetes/kubernetes 7679 7615 [0.1993729528158025, 43.89267389487673, 220.153602958514, 0.0, 0.0, 0.0, 0.0925797647449076, 0.23908570683959046, 0.06153846153846154, 4, 0.02459349593495935, 0.2261682242990654, 0] 1
kubernetes/kubernetes 29150 25524 [0.2657485125743452, 90.31005650281304, 339.83278261077044, 0.13575510010234942, 2618.95287511871, 19291.745747630925, 0.28413060071515966, 0.0, 0.1111111111111111, 1, 0.0, 0.0, -1] 1
kubernetes/kubernetes 33101 33099 [0.2993446864716049, 83.38412618779248, 278.5555580446292, 0.914102996353236, 1702.6332434565736, 1862.6273518948476, 0.0, 0.0, 0.0, 0, 0.0, 0.0, 1] 1
kubernetes/kubernetes 13628 13616 [0.0990636200776873, 46.31847706784691, 467.56293613662825, 0.023149901628215643, 32.98742834378138, 1424.9489640843885, 0.42565726631738, 0.0, 0.0, 0, 0.0, 0.0, 1] 1
kubernetes/kubernetes 35320 33616 [0.423163544282407, 156.30059264170654, 369.3621408402707, 0.45427703393727914, 2800.69097500264, 6165.160828687905, 0.25219607181136, 0.29923249880913905, 0.09090909090909091, 1, 0.08791208791208792, 0.16216216216216217, -1] 1
kubernetes/kubernetes 30884 30802 [0.2806896675147892, 96.75003126285785, 344.68682840903006, 0.426162459683609, 3432.830065870235, 8055.214596843731, 0.0, 0.0, 0.0, 0, 0.0, 0.0, -1] 1
kubernetes/kubernetes 10440 7053 [0.5744509483068281, 180.48693524739906, 314.19033388207873, -0.0007016200443677609, -2.083041184831758, 2968.9020454209144, 0.1614232987649416, 0.20828950966994483, 0.10975609756097561, 9, 0.0981012658227848, 0.421195652173913, 0] 1
kubernetes/kubernetes 23043 22845 [0.2458563452948545, 101.12619667694747, 411.3222969928526, 0.7644193611064056, 825.1523362626959, 1079.4498128205264, 0.0, 0.0, 0.5, 1, 0.1357142857142857, 1.0, 0] 1
kubernetes/kubernetes 35609 35556 [0.21803209751559388, 74.02235724903468, 339.50211043463696, 0.4585662421434741, 1427.3304386975651, 3112.59379239475, 0.0, 0.0, 0.0017761989342806395, 1, 0.0004160426027625229, 1.0, -1] 1
kubernetes/kubernetes 3200 3199 [0.4789557428056229, 143.4486989281765, 299.5030356831801, 0.004015000817585161, 0.8748177254441227, 217.8873094153653, 0.6202241051837868, 0.9850047693864119, 0.2727272727272727, 3, 0.36363636363636365, 0.7741935483870968, 0] 1
kubernetes/kubernetes 40421 40400 [0.25539807867978254, 52.14022395653543, 204.152765071928, 0.3818836256238456, 269.1350762237871, 704.756784960674, 0.0, 0.0, 0.14285714285714285, 1, 0.3673469387755102, 0.72, 1] 1
kubernetes/kubernetes 21130 20665 [0.20964293658834746, 40.340230405907135, 192.42351334316007, 0.4959320993624193, 596.3493149540361, 1202.4817827293602, 0.0, 0.0, 0.13333333333333333, 2, 0.004673677182440327, 1.0, 1] 1
kubernetes/kubernetes 44839 44583 [0.27578982121697015, 62.17351107705169, 225.43801944067533, 0.08070031638568494, 1390.740580604666, 17233.396879858617, 0.0, 0.0, 0.07692307692307693, 1, 0.16666666666666666, 0.5909090909090909, -1] 1
kubernetes/kubernetes 10609 10453 [0.39096374532637623, 119.27336673659954, 305.07526122922275, -0.01996442604556808, -3.628292541107741, 181.7378838152569, 0.0, 0.0, 0.5, 3, 0.7571428571428571, 1.0, -1] 1
kubernetes/kubernetes 15043 14871 [0.5162739338894246, 65.67679093855176, 127.21306776765995, 0.033462171060047216, 21.4619581530548, 641.379727410446, 0.23130249917859905, 0.270475247008592, 0.25, 1, 0.1515748031496063, 0.5579710144927537, 0] 1
kubernetes/kubernetes 6976 5012 [0.3370164217167214, 78.05414536669197, 231.6033888470285, 0.3042645767450501, 537.6591802814564, 1767.0778045647187, 0.5262461444603449, 0.9999999999999999, 0.043478260869565216, 1, 0.012237093690248566, 1.0, -1] 1
kubernetes/kubernetes 14675 14564 [0.48299503962725643, 79.011130667693, 163.5858014787658, 0.0, 0.0, 0.0, 0.46828434216298137, 0.0, 0.0, 0, 0.0, 0.0, 0] 1
kubernetes/kubernetes 46478 46383 [0.38495491346771893, 96.15855178014054, 249.79172473454892, 0.24419966348118496, 738.3352278181061, 3023.4899479089295, 0.0, 0.0, 0.5, 1, 0.48214285714285715, 0.54, -1] 1
kubernetes/kubernetes 44838 44583 [0.339522865203215, 65.16762790992777, 191.93884886345703, 0.09307645956782554, 596.3784456488778, 6407.4036380196885, 0.0, 0.0, 0.07692307692307693, 1, 0.07048458149779736, 1.0, -1] 1
kubernetes/kubernetes 44727 44463 [0.45075130180825407, 136.17375181061286, 302.10395680352366, 0.23117953925482718, 575.0670545007139, 2487.534391470616, 0.3367162868676051, 0.0, 0.0, 0, 0.0, 0.0, 0] 1
kubernetes/kubernetes 34246 34083 [0.18520850102778466, 77.74931465632704, 419.793444819594, 0.6560263361141542, 3019.212962191894, 4602.274018563982, 0.010224125971276702, 0.049709203066666874, 0.03571428571428571, 1, 0.020086648286727057, 0.4857142857142857, 1] 1
kubernetes/kubernetes 25512 22737 [0.6727469786279647, 147.8430067641024, 219.7601943387708, 0.35064838478860305, 1779.788059434261, 5075.705854191371, 0.06460196989777134, 0.012531312587870352, 0.2, 2, 0.1407766990291262, 0.5471698113207547, 0] 1
kubernetes/kubernetes 26097 25973 [0.05050461745506004, 14.026176413959313, 277.7206742817143, 0.03258770837815318, 8.352506209101987, 256.3084863832129, 0.5352988803465936, 0.5352988803465936, 1.0, 1, 0.6296296296296297, 0.6296296296296297, 0] 1
kubernetes/kubernetes 29995 29447 [0.3099429763842999, 44.68810639400504, 144.18170372925638, 0.13818733029105945, 138.41435352514583, 1001.6428657649598, 0.9431170171060511, 0.9431170171060511, 1.0, 2, 0.9030226700251889, 0.9030226700251889, -1] 1
kubernetes/kubernetes 5466 5022 [0.3910324901225831, 296.2135422695137, 757.5164462079737, 0.05345618077996124, 104.00890791129696, 1945.6853518851851, 0.14614682180460842, 0.0030001322813055075, 0.3333333333333333, 1, 0.17034700315457413, 0.48214285714285715, -1] 1
kubernetes/kubernetes 16283 14493 [0.27000088624208257, 93.54178840650917, 346.4499309925956, 0.41453687265860384, 1449.5566418169283, 3496.8099038338764, 0.5415324216058269, 0.5415324216058269, 1.0, 1, 0.5081967213114754, 0.5081967213114754, 0] 1
kubernetes/kubernetes 41761 41756 [0.21870330532501608, 80.2368970565077, 366.87555744650155, 0.038675618328101076, 26.103375709135303, 674.9310505572192, 0.0, 0.0, 1.0, 1, 0.52, 0.52, 0] 1
kubernetes/kubernetes 5784 5775 [0.2286206723064227, 125.08669623998294, 547.1364202460569, 0.009477744989749055, 4.777318079545597, 504.05640631950445, 0.0, 0.0, 0.3, 3, 0.24080882352941177, 0.4564459930313589, -1] 1
kubernetes/kubernetes 31287 31282 [0.3405923800564442, 103.56964088196253, 304.0867821669956, 0.7884371086995922, 1808.4715592850494, 2293.7423154369912, 0.0, 0.0, 0.25, 1, 0.0, 0.0, -1] 1
kubernetes/kubernetes 24556 24537 [0.1580582016700859, 26.329307924804368, 166.57982721935176, 0.42181278714150555, 86.91404926531864, 206.04887266293704, 0.9341380275631589, 0.9341380275631589, 1.0, 1, 0.5407725321888412, 0.5407725321888412, 1] 1
kubernetes/kubernetes 14229 14213 [0.0418871983416052, 6.372622012092675, 152.1376999273536, 0.002020488932848998, 0.6575382440823038, 325.43521193909214, 0.6457043860627995, 0.9999999999999999, 0.5, 2, 0.49230769230769234, 1.0, 0] 1
kubernetes/kubernetes 21532 21357 [0.3195025614093808, 156.4609540718845, 489.70172064257724, 0.07382921235739129, 95.06550060963268, 1287.6407261321046, 0.0, 0.0, 1.0, 1, 1.0, 1.0, -1] 1
kubernetes/kubernetes 2412 2397 [0.49359945270020605, 43.92270766241743, 88.98451451301436, 0.0, 0.0, 0.0, 0.9938818938550822, 0.9942919875988377, 0.8888888888888888, 8, 0.9646464646464646, 0.9820051413881749, 0] 1
kubernetes/kubernetes 4393 4390 [0.48799185842351434, 104.39766842377671, 213.9332175767017, 0.28178460449599724, 424.6420215375507, 1506.9738188751287, 0.0, 0.0, 1.0, 1, 1.0, 1.0, 0] 1
kubernetes/kubernetes 8931 8743 [0.2584938021192611, 100.40003416553233, 388.4040288099861, 0.10809096394797037, 248.16744040892038, 2295.912917645696, 0.0, 0.0, 0.0, 0, 0.0, 0.0, 1] 1
kubernetes/kubernetes 39342 39293 [0.4597342129317482, 77.76309272773969, 169.14793491622157, 0.03029553884137355, 86.03388940905565, 2839.8204058863676, 0.15542734878347403, 1.0000000000000002, 0.001349527665317139, 1, 0.028390367553865654, 1.0, -1] 1
kubernetes/kubernetes 10746 10512 [0.4736524105243634, 171.55374020568823, 362.19332234743047, 0.35441785999717357, 569.7076980307485, 1607.4463573457947, 0.6977528713514617, 0.6977528713514617, 1.0, 1, 0.0, 0.0, 0] 1
kubernetes/kubernetes 5763 5233 [0.3017234882255117, 95.48514164107667, 316.4657223162883, 0.13947882523998992, 701.2483950328946, 5027.63336174013, 0.1827394004797131, 0.003492537020463647, 0.057692307692307696, 3, 0.05, 0.3672566371681416, 1] 1
kubernetes/kubernetes 41546 41427 [0.4811506696945302, 123.12927774144909, 255.90586379027718, 0.12785790517397017, 10819.082653261406, 84618.01903089524, 0.7264846858645164, 0.9610965575286153, 0.5632754342431762, 227, 0.36272155883514207, 0.8156795930120945, -1] 1
kubernetes/kubernetes 17264 17195 [0.3357865374601496, 129.53722732529107, 385.7725455734337, 0.07081525798325973, 332.69609094043557, 4698.084853677759, 0.04402311167956194, 0.06619887255643696, 0.1111111111111111, 1, 0.3441762854144806, 0.7471526195899773, -1] 1
kubernetes/kubernetes 9838 9730 [0.19432429152927524, 73.93652583441782, 380.4800997989444, 0.21657564402538845, 123.88552746910948, 572.0196655843109, 0.0, 0.0, 1.0, 1, 0.6956521739130435, 0.6956521739130435, 0] 1
kubernetes/kubernetes 38546 1932 [0.07322925972370672, 8.65018263259022, 118.12467673751274, 0.0, 0.0, 0.0, 0.0, 0.0, 0.0, 0, 0.0, 0.0, 0] 1
kubernetes/kubernetes 28966 25342 [0.5110167493509125, 128.91214077227326, 252.26597941460034, 0.3817566093601994, 1210.3499434679954, 3170.4754123221796, 0.30038946052241444, 0.6011326215908034, 0.5, 2, 0.5530085959885387, 0.7338403041825095, 0] 1
kubernetes/kubernetes 32064 32049 [0.5035614982123235, 157.74000778200474, 313.24874586717243, 0.7836180003966469, 1730.9932497388018, 2208.9758643403015, 0.0, 0.0, 1.0, 1, 1.0, 1.0, -1] 1
kubernetes/kubernetes 40379 40378 [0.5399697769323594, 172.4490062043485, 319.3678860769846, 0.0, 0.0, 0.0, 0.0, 0.0, 1.0, 1, 0.0, 0.0, 0] 1
kubernetes/kubernetes 36597 36294 [0.38755599833109944, 150.88398220278725, 389.32175699131625, 0.8769707138845546, 1982.6293800605679, 2260.770341210691, 0.04593543947292645, 0.05914022099310159, 0.5, 1, 0.2222222222222222, 0.25, -1] 1
kubernetes/kubernetes 11475 11474 [0.1603797839841397, 47.308638879202995, 294.97881655634006, 0.04029686148421641, 13.395199154634788, 332.4129637212927, 0.0, 0.0, 1.0, 1, 1.0, 1.0, 0] 1
kubernetes/kubernetes 36434 32811 [0.6567317925420029, 189.00893114194227, 287.80231639212707, 0.9261268872227083, 1396.7310220044724, 1508.142179300099, 0.8709235884012873, 0.8235598735443338, 0.75, 3, 0.4748858447488584, 0.5473684210526316, 1] 1
kubernetes/kubernetes 41942 37571 [0.6299338508545217, 250.77866520622598, 398.10317363646703, 0.3806305182513497, 3587.3147070162504, 9424.663906343327, 0.5740825134018385, 0.0, 0.0, 0, 0.0, 0.0, -1] 1
kubernetes/kubernetes 11219 10234 [0.5434999393921649, 266.44566435742274, 490.24046746979974, 0.24207784229908216, 129.79397323048323, 536.1662678326646, 0.1964447235727096, 0.0, 0.0, 0, 0.0, 0.0, 1] 1
kubernetes/kubernetes 35835 35817 [0.6806278662504094, 261.406806614146, 384.06715266337915, 0.7310634614097591, 1859.7746951936529, 2543.9305797164634, 0.0, 0.0, 1.0, 1, 1.0, 1.0, -1] 1
kubernetes/kubernetes 45920 45918 [0.41414700833773266, 62.936087436178205, 151.96557301907265, 0.17177688044405304, 1413.4889131509035, 8228.633035464109, 0.48317983787235014, 0.6621267134769819, 0.29545454545454547, 13, 0.36569808646350105, 0.6209386281588448, -1] 1
kubernetes/kubernetes 16495 16152 [0.5659360034551195, 143.61858910897018, 253.77178379208664, 0.35480747523910755, 162.116964386234, 456.9153011136028, 0.8850596391442536, 0.8269568048857914, 0.6666666666666666, 6, 0.6855791962174941, 0.8215297450424929, 1] 1
kubernetes/kubernetes 31741 31682 [0.6125559549782813, 132.29251458391295, 215.96804913700248, 0.38622659444462226, 2146.823340756041, 5558.455506781152, 0.0, 0.0, 1.0, 3, 1.0, 1.0, -1] 1
kubernetes/kubernetes 16227 15791 [0.3929975037924529, 94.03512604632144, 239.2766496959294, 0.11654388877981499, 169.28199423193934, 1452.51712470108, 0.14547700345291256, 0.23086279908543808, 0.3333333333333333, 1, 0.20182291666666666, 0.6828193832599119, 0] 1
kubernetes/kubernetes 20141 19706 [0.6817334048631896, 187.95393576310937, 275.7000528686547, 0.21942633386757482, 103.50865442066014, 471.72393849103025, 0.0, 0.0, 1.0, 1, 0, 0, 0] 1
kubernetes/kubernetes 35732 34152 [0.5287503512598657, 96.27268015362552, 182.07586987740882, 0.4871391141696005, 1515.3536927095618, 3110.7206311952646, 0.267888879575656, 0.08867423146882723, 0.5, 2, 0.0, 0.0, -1] 1
kubernetes/kubernetes 19932 19807 [0.45149627207979826, 119.62366182963221, 264.94938989992306, 0.0, 0.0, 0.0, 0.64912810353259, 0.889001594693743, 0.2037037037037037, 11, 0.2551570340085486, 0.960811756473058, 0] 1
kubernetes/kubernetes 8309 8303 [0.435629602909774, 44.39046780707242, 101.89956676627968, 0.22796554467979258, 447.74419513298784, 1964.0871420367632, 0.6110600720361242, 0.6110600720361242, 1.0, 2, 1.0, 1.0, -1] 1
kubernetes/kubernetes 38591 38452 [0.5158716723818304, 180.64169998928006, 350.1678996158861, 0.34077388356327437, 566.6874159026382, 1662.942623352228, 0.1881502623002183, 0.1881502623002183, 1.0, 1, 0.28735632183908044, 0.28735632183908044, 0] 1
kubernetes/kubernetes 22163 22131 [0.4422587931503388, 153.42464697586374, 346.91146756625255, 0.031078654265220676, 35.69583762871341, 1148.5644559796692, 0.0, 0.0, 0.0, 0, 0.0, 0.0, 0] 1
kubernetes/kubernetes 46695 46346 [0.29074702427135174, 57.28308574102913, 197.02036808317362, 0.9842410165690219, 14133.978683475807, 14360.282131652693, 0.5464595924963942, 0.5533631008720343, 0.5, 1, 0.0, 0.0, 0] 1
kubernetes/kubernetes 34811 34144 [0.30312961316950626, 141.9855825339225, 468.39891704848367, 0.583892937111919, 2124.1237960657036, 3637.8651993499916, 0.1581736822199082, 0.26162787067398297, 0.1, 2, 0.03915530136383634, 0.06931464174454828, -1] 1
kubernetes/kubernetes 14098 14083 [0.2821336192911938, 45.18892484265546, 160.16852212148237, 0.19591213476546399, 97.55877815631032, 497.972105061806, 0.0, 0.0, 1.0, 1, 1.0, 1.0, 0] 1
kubernetes/kubernetes 17169 17167 [0.4079200672325278, 67.19156260002109, 164.71747285165966, 0.07917374339655042, 228.9991240312908, 2892.3619650560595, 1.0, 1.0, 1.0, 1, 1.0, 1.0, -1] 1
kubernetes/kubernetes 13894 12717 [0.38416120204799004, 76.39626959996723, 198.86513576252213, 0.007818970032831333, 8.82873052104476, 1129.1423913857593, 0.6941118485028703, 0.5059984242137691, 0.3333333333333333, 2, 0.5551839464882943, 0.8383838383838383, -1] 1
kubernetes/kubernetes 5307 5302 [0.6414829929884426, 71.88745688132215, 112.06447819672333, 0.007805649897262966, 2.555394370632599, 327.37752836296727, 0.0, 0.0, 1.0, 1, 1.0, 1.0, 0] 1
kubernetes/kubernetes 46666 45575 [0.6973596108468579, 426.1166556009781, 611.0429238703853, 0.5676335180492269, 2320.069792664501, 4087.2670814750895, 0.01755523406632568, 0.0, 0.0, 0, 0.0, 0.0, 1] 1
kubernetes/kubernetes 43145 42152 [0.6941353702468733, 151.00836871513354, 217.54887474099831, 0.1878211160203661, 457.9954433502082, 2438.466201534795, 0.0, 0.0, 1.0, 1, 0.7142857142857143, 0.7142857142857143, 0] 1
kubernetes/kubernetes 5298 5293 [0.6865899627761194, 96.80863992699592, 140.99920647771384, 0.3512749174135417, 172.99984209582996, 492.491303875717, 0.0, 0.0, 1.0, 1, 1.0, 1.0, 0] 1
kubernetes/kubernetes 42202 41745 [0.6087925491276472, 393.31773507352545, 646.0620052546955, 0.5465821693551633, 1159.465559661989, 2121.3014706094086, 0.907009835553497, 0.9075077067411768, 0.78125, 25, 0.8539098807839968, 0.8780386453355495, -1] 1
kubernetes/kubernetes 28994 28604 [0.3953734535107815, 194.4180832838482, 491.732769505595, 0.0039606874491823416, 1.096405372320646, 276.8219876948361, 0.3456460655985891, 0.0, 0.13333333333333333, 2, 0.04972972972972973, 0.38016528925619836, -1] 1
kubernetes/kubernetes 44500 42007 [0.31820491025387865, 71.81055337273136, 225.67393229550598, 0.7292525180771716, 21556.226586655383, 29559.344743152797, 0.0, 0.0, 0.14285714285714285, 7, 0.0790273556231003, 0.8904109589041096, -1] 1
kubernetes/kubernetes 44934 44908 [0.6758791347235491, 222.23262149133464, 328.8052701645142, 0.12221486492273373, 134.8035057878071, 1103.0041711622569, 0.656269618669278, 0.9434381300307474, 0.3333333333333333, 1, 0.06463878326996197, 0.7083333333333334, 0] 1
kubernetes/kubernetes 4698 4494 [0.4993634649003497, 180.83274675812123, 362.12650597938165, 0.0411228056691607, 9.568517208286524, 232.68152677292298, 0.6319838833173012, 0.6350774552689963, 0.3333333333333333, 1, 0.6183745583038869, 0.8177570093457944, 1] 1
kubernetes/kubernetes 46307 45649 [0.6861558559192693, 261.2133388989044, 380.6909707838125, 0.06763773592452746, 148.62574300868994, 2197.379036674612, 0.837639612740255, 0.837639612740255, 1.0, 2, 0.9608938547486033, 0.9608938547486033, 0] 1
kubernetes/kubernetes 41959 41663 [0.6233967571721386, 94.89553699839391, 152.22334076433188, 0.6492626818502841, 11332.004196768645, 17453.650908249387, 0.29481965015404077, 0.30827091807664897, 0.1, 1, 0.12474437627811862, 0.2089041095890411, -1] 1
kubernetes/kubernetes 28414 24299 [0.5936947390215008, 193.1757627355695, 325.3789364109113, 0.7449391133094334, 1506.0439527285532, 2021.7007347592064, 0.48918960583102467, 0.5099075170016446, 0.3333333333333333, 2, 0.19198312236286919, 0.35, 1] 1
kubernetes/kubernetes 30848 29741 [0.7587198173436072, 124.22141097971682, 163.72501171069285, 0.8182048231370807, 1621.706500007418, 1982.0299931618956, 0.9330140397137753, 0.9580769322141218, 0.6666666666666666, 4, 0.9098011363636364, 0.9808575803981623, -1] 1
kubernetes/kubernetes 273 169 [0.6634598013524359, 101.86312569456419, 153.53322912242814, 0.0, 0.0, 0.0, 0.29562644700731977, 0.40819264163206104, 0.3333333333333333, 1, 0.3829787234042553, 0.75, 0] 1
kubernetes/kubernetes 22110 20384 [0.47438141999804256, 179.0322967065802, 377.4015784752256, 0.33863402894665, 312.75524356348933, 923.578898837607, 0.9989332291793789, 0.9999846741454427, 0.8571428571428571, 24, 0.8716981132075472, 0.99, -1] 1
kubernetes/kubernetes 30654 30476 [0.7179743564739816, 329.5326038671779, 458.97545071878864, 0.8061766059703037, 2151.9245737342585, 2669.2967245610284, 0.013532991971489263, 0.013532991971489263, 1.0, 1, 0.0, 0.0, -1] 1
kubernetes/kubernetes 15902 15840 [0.7831070951837905, 287.04310916688763, 366.54387494665764, 0.23779809138153804, 294.72187611415694, 1239.378644302434, 0.0, 0.0, 1.0, 1, 0.0, 0.0, 0] 1
kubernetes/kubernetes 45463 45263 [0.6626087249752571, 294.6567463982461, 444.6919204229451, 0.26136225064122126, 1125.4209298720473, 4305.981170237709, 0.6098094572132833, 0.009270170684116404, 0.11764705882352941, 2, 0.18915929203539822, 0.8860103626943006, -1] 1
kubernetes/kubernetes 9575 7227 [0.8764471185336469, 506.8619444604769, 578.3143486266347, 0.7332040538422265, 6111.312680418941, 8335.077593193444, 0.10069181457227343, 0.6263940585118, 0.8571428571428571, 6, 0.8418803418803419, 1.0, -1] 1
kubernetes/kubernetes 85 82 [0.3561126907896042, 82.83700930588613, 232.61459489751027, 0.0, 0.0, 0.0, 0.8297322900232348, 0.8297322900232348, 1.0, 1, 1.0, 1.0, 0] 1
kubernetes/kubernetes 46869 46863 [0.5921280643251786, 107.29701736445905, 181.20576245062895, 0.2719759106479221, 101.33772172835508, 372.5981521192098, 0.0, 0.0, 0.5, 1, 0.6666666666666666, 1.0, -1] 1
kubernetes/kubernetes 18377 18341 [0.3501801155707123, 145.67177847152425, 415.9910057546045, 0.0, 0.0, 0.0, 0.0, 0.0, 0.5, 1, 0.0, 0.0, 0] 1
kubernetes/kubernetes 34972 29489 [0.42752810557181725, 129.03411874932252, 301.8143534136542, 0.7625800997904012, 1713.6687675809715, 2247.1983835560113, 0.2880357505526606, 0.35190979500206687, 0.5, 1, 0.8378378378378378, 0.9029126213592233, -1] 1
kubernetes/kubernetes 37137 35550 [0.8048044008337959, 571.4797093803136, 710.0852192013953, 0.579944378919629, 1807.7137920207317, 3117.0468371265165, 0.16510151323000113, 0.0, 0.0, 0, 0.0, 0.0, 1] 1
kubernetes/kubernetes 3274 3270 [0.44588337925865384, 72.11346744257878, 161.73167872388052, 0.10325685848015904, 223.7956631971511, 2167.368506956405, 0.17659260799950596, 0.4460544624851774, 0.38461538461538464, 5, 0.2074235807860262, 0.38934426229508196, 0] 1
kubernetes/kubernetes 28294 28251 [0.5377063336157313, 147.08961085702228, 273.5500805206044, 0.12930887862891788, 777.7194030665347, 6014.431578966691, 0.0, 0.0, 0.5, 1, 0.6078431372549019, 1.0, 1] 1
kubernetes/kubernetes 44909 44462 [0.5786146298123238, 153.04356627030887, 264.49999427071043, 0.1877918622528294, 991.9266482928894, 5282.053420171269, 0.0, 0.0, 0.5, 1, 0.23333333333333334, 1.0, -1] 1
kubernetes/kubernetes 40380 40379 [0.42160354737711525, 138.06845280748234, 327.4840870444174, 0.0, 0.0, 0.0, 0.0, 0.0, 1.0, 1, 0.6666666666666666, 0.6666666666666666, 0] 1
kubernetes/kubernetes 12980 12895 [0.7177998958812792, 353.1815814036992, 492.0334809607075, 0.07397987184477633, 23.977407934147163, 324.1071839710167, 0.08217585951247988, 0.05716836086642034, 0.5, 1, 0.0, 0.0, 1] 1
kubernetes/kubernetes 28606 28206 [0.6553685056635945, 210.96579276926877, 321.9040752586287, 0.04777992532579548, 79.3222603393451, 1660.1587339970267, 0.28230461234400417, 1.0, 0.25, 1, 0.20212765957446807, 0.7307692307692307, -1] 1
kubernetes/kubernetes 43902 43871 [0.6489854629717967, 273.5489954906218, 421.5025005922352, 0.5328694090549363, 8820.710497626898, 16553.23114395093, 0.6901610322367692, 0.6901610322367692, 1.0, 5, 0.7850799289520426, 0.7850799289520426, -1] 1
kubernetes/kubernetes 13800 13680 [0.6379092680819214, 270.9176016508859, 424.69613659241304, 0.46565058875112947, 1488.687452895971, 3197.0054131975157, 0.3433255871838634, 0.3433255871838634, 1.0, 2, 0.14225941422594143, 0.14225941422594143, -1] 1
kubernetes/kubernetes 3577 3555 [0.5355668131146754, 151.73291272927415, 283.31276138423675, 0.01787492674826772, 5.022056961646993, 280.95538697151227, 0.0, 0.0, 0.0, 0, 0.0, 0.0, 0] 1
kubernetes/kubernetes 13165 13154 [0.40683990061471215, 120.3030147007117, 295.70112105263183, 0.3354297732464513, 172.96446132105672, 515.6502943880716, 1.0, 1.0, 1.0, 1, 1.0, 1.0, 0] 1
kubernetes/kubernetes 41342 41308 [0.6362693899228101, 108.20250974020047, 170.05770111513175, 0.1287235685773338, 93.56022625182116, 726.8305818884487, 0.24124547055834278, 0.24124547055834278, 1.0, 1, 0.5714285714285714, 0.5714285714285714, -1] 1
kubernetes/kubernetes 47684 47223 [0.4175360205303123, 80.43546578339698, 192.64317766221924, 0.0406003616934796, 77.94183478986115, 1919.732523032635, 0.0, 0.0, 1.0, 1, 1.0, 1.0, 1] 1
kubernetes/kubernetes 19406 19324 [0.8278091523969232, 323.6058679130135, 390.91844657190853, -0.011098581127517363, -3.9986243178187215, 360.28247862284826, 0.0, 0.0, 1.0, 5, 0.9090909090909091, 0.9090909090909091, 0] 1
kubernetes/kubernetes 11284 10824 [0.5762623743561973, 204.98526447492105, 355.71516308683425, 0.4016065946824926, 590.1622738321015, 1469.5034435345358, 0.0, 0.0, 1.0, 1, 1.0, 1.0, 0] 1
kubernetes/kubernetes 38587 38571 [0.8940072009501195, 315.0421658756044, 352.393320256021, 0.2728848861589951, 119.13612504270431, 436.58015187140194, 1.0, 1.0, 1.0, 1, 1.0, 1.0, -1] 1
kubernetes/kubernetes 20057 19510 [0.8054714883027411, 298.87526807616064, 371.0562973568925, 0.005822085130580086, 3.1887789562759057, 547.7039384956898, 0.11577251873915087, 0.11577251873915087, 0.9444444444444444, 17, 0.9618722797729644, 0.9620681754537818, 0] 1
kubernetes/kubernetes 44966 44943 [0.4422034323498935, 153.55049268243064, 347.2394862845248, 0.32185140570833676, 3024.904251703094, 9398.44971329495, 1.0, 1.0, 1.0, 1, 1.0, 1.0, -1] 1
kubernetes/kubernetes 36195 36186 [0.7573496968112154, 282.7470755446007, 373.3375437200196, 0.7753037079434095, 2282.209212657438, 2943.632526550511, 0.9612309913720921, 0.9916437855703151, 0.5, 2, 0.9776649746192894, 1.0, -1] 1
kubernetes/kubernetes 34424 32408 [0.7714379067352032, 272.549701675355, 353.3008934300501, 0.6212202634887956, 2097.7299102673114, 3376.7892542435497, 0.713430790099711, 0.30842709073307834, 0.125, 1, 0.21245421245421245, 0.7837837837837838, -1] 1
kubernetes/kubernetes 30928 30880 [0.5203768746534289, 179.46982180517185, 344.8843147088325, 0.5096267731315924, 3716.0185421483634, 7291.647021042275, 0.9503580360098927, 0.9503580360098927, 0.75, 3, 0.9578947368421052, 1.0, -1] 1
kubernetes/kubernetes 2669 2652 [0.7332228532727207, 244.11077225097176, 332.9284830135747, 0.26741724991188287, 300.7188369568624, 1124.530437194881, 1.0, 1.0, 1.0, 1, 1.0, 1.0, -1] 1
kubernetes/kubernetes 29854 29185 [0.615094903663456, 92.10802170300292, 149.7460329364053, 0.4672129152555945, 886.0852882973477, 1896.5342338890696, 0.0, 0.0, 0.25, 1, 0.4358974358974359, 1.0, 0] 1
kubernetes/kubernetes 21365 21361 [0.5508078027476748, 100.22518506894286, 181.96035816663266, 0.0, 0.0, 0.0, 0.2164451210361417, 0.4038614355515884, 0.5, 2, 0.631578947368421, 0.72, 1] 1
kubernetes/kubernetes 35839 35760 [0.7986395622418779, 152.22053962513795, 190.59979848460858, 0.5965913307191641, 3506.478138929559, 5877.521107627656, 0.5557074907322876, 0.5919915446030609, 0.4166666666666667, 10, 0.3231292517006803, 0.3941908713692946, 1] 1
kubernetes/kubernetes 43666 42717 [0.9162756899083861, 326.60359741045215, 356.44686529128325, 0.2610793892070908, 1393.11494525076, 5335.982091430922, 0.9560027273784633, 0.9703822364035135, 0.8529411764705882, 29, 0.7771509167842031, 0.8872785829307569, -1] 1
kubernetes/kubernetes 25995 23473 [0.7385409384410146, 162.08959457995195, 219.47272810916442, 0.11689524868317851, 141.416558480706, 1209.7716551678473, 0.6902013234505039, 0.6906704963709609, 0.3333333333333333, 1, 0.5148514851485149, 0.8813559322033898, -1] 1
kubernetes/kubernetes 6964 6952 [0.7474701139228748, 143.9781149441984, 192.62056403642958, 0.1991338310695785, 158.42996962887798, 795.5954484374965, 0.27818153927806377, 0.07688461702897063, 0.25, 1, 0.0, 0.0, 0] 1
kubernetes/kubernetes 28053 28052 [0.8908134958907298, 182.78538586944958, 205.1892867728518, 0.33803605927999886, 144.58552806052523, 427.72220327170334, 0.9999999999999999, 0.9999999999999999, 1.0, 5, 1.0, 1.0, 1] 1
kubernetes/kubernetes 46823 46739 [0.9492526822859363, 606.6940188374285, 639.1280532138423, 0.24064737418644294, 862.8036333373268, 3585.344058933569, 0.0, 0.0, 1.0, 8, 0.8586497890295358, 0.8586497890295358, -1] 1
kubernetes/kubernetes 37140 36826 [0.8717823526415067, 294.37852227107635, 337.6743305013084, 0.8484818864231283, 2672.942834898065, 3150.2650529950133, 0.036600275064320724, 1.0000000000000002, 0.2, 1, 0.041791044776119404, 1.0, 1] 1
kubernetes/kubernetes 19884 19725 [0.9999999999999998, 258.0654953850157, 258.06549538501577, 0.9611136325592898, 1965.6200464246056, 2045.1484401386317, 1.0000000000000002, 1.0000000000000002, 1.0, 1, 1.0, 1.0, 0] 1
kubernetes/kubernetes 44969 43936 [1.0, 196.1351419559202, 196.1351419559202, 0.4617732315832125, 3416.6925546159773, 7399.070194912938, 0.952185923368997, 0.952185923368997, 1.0, 2, 0.8656429942418427, 0.8656429942418427, 1] 1
kubernetes/kubernetes 43719 42815 [1.0, 319.91481344309494, 319.91481344309494, 0.60548251205999, 6602.929112981144, 10905.235050499588, 1.0000000000000002, 1.0000000000000002, 0.625, 5, 0.962852897473997, 1.0, -1] 1
kubernetes/kubernetes 39634 39632 [0.9938645809426895, 250.572947570205, 252.11980824644573, 0.8753711824338553, 1242.3157392324774, 1419.1873849198241, 0.72818916542202, 0.72818916542202, 1.0, 3, 0.8837209302325582, 0.8837209302325582, 1] 1
