dotnet/corefx 3267 3264 [0.15131372214278638, 0.21088873561952118, 0.0, 0.0, 0.0, 0, 0.0, 0.0, 0, 0] 1
dotnet/corefx 6337 6335 [0.0556386110252071, 0.0, 0.0, 0.0, 0.06666666666666667, 1, 0.017094017094017096, 1.0, 0, 0] 1
dotnet/corefx 6202 6181 [0.02352179150223733, 0.05365349661617645, 0.0, 0.0, 0.5, 3, 0.3333333333333333, 0.47058823529411764, 0, 0] 1
dotnet/corefx 20697 20599 [-0.017236782158641616, 0.08052439703871965, 0.779207186222088, 0.7719441018602432, 0.84375, 54, 0.7562068965517241, 0.8405519356075124, 0, 0] 1
dotnet/corefx 17428 17419 [0.004920993754969594, 0.28411100884115364, 0.2877590844738703, 0.8029255152014779, 0.1, 1, 0.16363636363636364, 1.0, -1, 0] 1
dotnet/corefx 10460 10450 [0.0053456218368208505, 0.04917398905551364, 0.0, 0.0, 0.0, 0, 0.0, 0.0, 0, 0] 1
dotnet/corefx 15044 14939 [-0.01150917477012243, 0.008762337937460693, 0.0, 0.0, 0.0038819875776397515, 5, 0.010895170789163721, 0.6342857142857142, -1, 0] 1
dotnet/corefx 34 32 [0.020655469013732664, 0.6043492945293014, 0.11292862027782259, 0.1878908073834229, 0.14285714285714285, 1, 0.23563218390804597, 1.0, 0, 0] 1
dotnet/corefx 419 406 [-0.0056186221259382566, 0.08369943074836358, 0.0, 0.0, 0.0, 0, 0.0, 0.0, 0, 0] 1
dotnet/corefx 7925 7886 [0.005471201253198029, 0.08948144373267548, 0.0, 0.0, 0.1, 1, 0.0019743336623889436, 1.0, 0, 0] 1
dotnet/corefx 16069 9537 [0.028651161275999367, 0.07270942214083764, 0.06489941245430546, 0.0, 0.0, 0, 0.0, 0.0, 0, 0] 1
dotnet/corefx 6089 6058 [0.061469206552810504, 0.17607687811886477, 0.0, 0.0, 0, 0, 0.0, 0.0, 0, 0] 1
dotnet/corefx 7627 7610 [0.25277294440445974, -0.009218814020774941, 0.0, 0.0, 0.7, 7, 0.900990099009901, 1.0, 0, 0] 1
dotnet/corefx 17151 17137 [0.11281290680867927, 0.3821840006103017, 0.4306175330235427, 0.46823257442770916, 0.25, 1, 0.0, 0.0, 1, 0] 1
dotnet/corefx 2694 2675 [0.2659950791568276, 0.5008819903270357, 0.0, 0.0, 0.0, 0, 0.0, 0.0, 0, 0] 1
dotnet/corefx 4160 4157 [-0.002693293388478758, 0.13031524688140642, 0.5675295754897275, 0.9164985615831226, 0.25, 1, 0.39933993399339934, 0.952755905511811, 0, 0] 1
dotnet/corefx 7562 6293 [0.04759867380989558, 0.06407450780262879, 0.14367641405579792, 0.0, 0.09090909090909091, 1, 0.0, 0.0, 0, 0] 1
dotnet/corefx 16826 16814 [0.12048252359128327, 0.11002624845598996, 1.0000000000000002, 1.0000000000000002, 1.0, 1, 1.0, 1.0, 0, 0] 1
dotnet/corefx 8741 8740 [0.5135234331881153, 0.0, 0.0, 0.0, 1.0, 3, 1.0, 1.0, 0, 1] 1
dotnet/corefx 14641 14631 [0.3182189950244538, 0.04045629639142434, 0.9007275773937267, 0.9007275773937267, 1.0, 2, 0.8921161825726142, 0.8921161825726142, 1, 0] 1
dotnet/corefx 441 438 [0.5361659254155634, 0.0, 0.06194532070681855, 0.8492201731026441, 0.21052631578947367, 4, 0.08687258687258688, 0.34615384615384615, 0, 0] 1
dotnet/corefx 6585 6194 [0.37804452696699853, 0.16516700150210137, 0.5906414396082312, 0.5906414396082312, 0.9, 9, 0.9316455696202531, 0.942381562099872, 0, 0] 1
dotnet/corefx 19477 19463 [0.28720809797531693, 0.2497482635379701, 0.7822059286897675, 0.0, 0.0, 0, 0.0, 0.0, 1, 0] 1
dotnet/corefx 12873 12863 [0.669486750063521, 0.5758017314989365, 0.44859857211816895, 0.3754643982914894, 0.04878048780487805, 2, 0.021377672209026127, 0.084375, 0, 0] 1
dotnet/corefx 9560 9557 [0.37359192233656335, 0.3542431700077575, 0.0, 0.0, 0.005780346820809248, 1, 0.0010570824524312897, 1.0, -1, 0] 1
dotnet/corefx 3686 3046 [0.7364845767462841, 0.4510524866184283, 0.6484117968075858, 0.8190151142557939, 0.4, 2, 0.11578947368421053, 0.5116279069767442, 0, 1] 1
dotnet/corefx 5345 5327 [0.30435301341549426, 0.013611671214304894, 0.0, 0.0, 1.0, 2, 1.0, 1.0, 0, 0] 1
dotnet/corefx 10718 10715 [0.7400335413454093, 0.0, 0.0, 0.0, 0.007352941176470588, 2, 0.0066857688634192934, 0.8, 0, 0] 1
dotnet/corefx 9113 9112 [0.962854942272984, 0.06891457939017186, 0.0, 0.0, 1.0, 333, 0.999341816586222, 0.999341816586222, 1, 0] 1
dotnet/corefx 9312 9310 [0.8605188083573494, 0.0, 0.0, 0.0, 1.0, 29, 1.0, 1.0, 0, 0] 1
nodejs/node 12878 12875 [0.4057800524592898, 0.8037555456922758, 0.3869803750442081, 0.3869803750442081, 0.8307692307692308, 54, 0.6554913294797687, 0.6856106408706167, -1, 0] 1
nodejs/node 1424 493 [0.008171877463199974, 0.19162144516440166, 0.008337962003918615, 0.0, 0.0, 0, 0.0, 0.0, 0, 0] 1
nodejs/node 2350 1785 [0.2423094667525535, 0.2963286313904735, 0.020180279752198244, 0.0, 0.16666666666666666, 2, 0.4132762312633833, 0.7121771217712177, -1, 0] 1
nodejs/node 3701 2253 [0.03915064978912533, 0.04645166736360768, 0.0, 0.0, 0.0, 0, 0.0, 0.0, 0, 0] 1
nodejs/node 12490 12105 [-0.0002625979600424308, 0.045335818111856926, 0.05487100790988283, 0.45743643558351205, 0.0625, 1, 0.03345070422535211, 0.9047619047619048, -1, 0] 1
nodejs/node 7185 7160 [0.05297926567984343, 0.3361726416008092, 0.1947652093705461, 0.0, 0.0, 0, 0.0, 0.0, -1, 0] 1
nodejs/node 2727 2726 [0.03983654651275828, 0.14859906730519368, 0.17420912187719623, 0.0, 0.0, 0, 0.0, 0.0, 1, 0] 1
nodejs/node 2727 2725 [-0.015972231940790317, 0.05729234564369917, 0.17999316749423908, 0.0, 0.0, 0, 0.0, 0.0, 1, 0] 1
nodejs/node 11848 11762 [-0.011526291554359072, 0.7946701708493233, 0.0, 0.0, 0.5, 1, 0.0, 0.0, 0, 0] 1
nodejs/node 8491 8334 [0.029924433642567052, 0.2990463465568036, 0.16025364977417747, 0.11240318403334906, 0.05555555555555555, 1, 0.0, 0.0, 0, 0] 1
nodejs/node 10339 10239 [0.04219349278857794, 0.4068145015450966, 0.0, 0.0, 1.0, 1, 0.0, 0.0, 1, 0] 1
nodejs/node 12231 12230 [0.2241123066253967, 0.33876394580339697, 0.0, 0.0, 0.1111111111111111, 1, 0.038348082595870206, 0.1625, 0, 0] 1
nodejs/node 2556 2312 [0.13906231287100934, 0.11713089800019312, 0.018504506648555526, 0.0, 0.0, 0, 0.0, 0.0, -1, 0] 1
nodejs/node 4814 4813 [0.38320497390312364, 0.42210809753946926, 0.0, 0.0, 0.9333333333333333, 14, 0.8746177370030581, 0.934640522875817, 0, 0] 1
nodejs/node 4265 4254 [0.273882431249517, 0.4081462096624379, 0.23463589181465933, 1.0, 0.3333333333333333, 1, 0.3953488372093023, 1.0, 0, 0] 1
nodejs/node 12469 12387 [0.06532277678587309, 0.18161806196573227, 0.3895901666879402, 0.3895901666879402, 1.0, 1, 1.0, 1.0, 0, 0] 1
nodejs/node 7617 7028 [0.32876030432486103, 0.3218973611890534, 0.0, 0.0, 0.5, 1, 0.6111111111111112, 1.0, 1, 0] 1
nodejs/node 11828 8491 [0.38075907684298055, 0.39626999056602114, 0.5517774849089233, 0.8136105122885279, 0.004235907461713913, 13, 0.0007203113504573152, 0.5685763888888888, 1, 0] 1
nodejs/node 11099 10343 [0.24820397369408767, 0.42415775047439425, 0.6648795109396108, 0.0, 0.0, 0, 0.0, 0.0, 0, 0] 1
nodejs/node 11074 10320 [0.2835243166291583, 0.25952669792192795, 0.0, 0.0, 0.0, 0, 0.0, 0.0, 0, 0] 1
nodejs/node 6987 6947 [0.04344188701915788, 0.223162789869185, 0.012016165361512692, 0.012016165361512692, 1.0, 1, 0.24444444444444444, 0.24444444444444444, 0, 0] 1
nodejs/node 3068 3059 [0.02671447165935543, 0.2716372441461321, 0.3209337008688141, 0.38273400297241317, 0.5, 1, 0.36666666666666664, 0.4536082474226804, 1, 0] 1
nodejs/node 10579 10282 [0.16985691260916685, 0.43933527650142734, 0.02385726284220157, 0.0, 0.3333333333333333, 1, 0.0, 0.0, -1, 1] 1
nodejs/node 5786 5782 [0.16638538616539236, 0.22508391946741735, 0.27146028241489834, 0.21633045912633497, 0.3333333333333333, 1, 0.2526690391459075, 0.27626459143968873, 1, 0] 1
nodejs/node 6986 6947 [0.2882394659013815, 0.13286899114561043, 0.04397014077574858, 0.04397014077574858, 1.0, 1, 0.022818026240730177, 0.022818026240730177, 0, 1] 1
nodejs/node 2262 1936 [0.7378871273719025, 0.13166378784945965, 0.03184935865995643, 0.0, 0.5, 1, 0.0, 0.0, 0, 1] 1
nodejs/node 7616 7311 [0.41643823680150266, 0.1516250227686576, 0.9590754931715378, 1.0, 0.037037037037037035, 1, 0.053231939163498096, 0.6666666666666666, 0, 0] 1
nodejs/node 11397 11375 [-0.007136663376842801, 0.4363479717752329, 0.0, 0.0, 0.14285714285714285, 1, 0.2631578947368421, 1.0, 0, 0] 1
nodejs/node 11610 8551 [0.339632391961231, 0.23572588289984053, 0.1736511852181163, 0.0, 0.000992063492063492, 1, 0.0, 0.0, 0, 0] 1
nodejs/node 8016 8010 [0.7039588145018877, 0.5053285907585848, 0.0, 0.0, 1.0, 1, 0.0, 0.0, -1, 1] 1
nodejs/node 6937 6206 [0.3832921438679165, 0.393888456999695, 0.391625486905047, 0.391625486905047, 0.5, 1, 0.9696969696969697, 1.0, 0, 0] 1
nodejs/node