angular/angular.js 8206 8177 [0.002371946446171754, 0.26457954184699106, 0.0, 0.0, 1.0, 1, 1.0, 1.0, 0] 1
angular/angular.js 14635 12682 [0.1256118454865601, 0.12814277750952496, 0.19481304948515557, 0.8693551239854103, 0.5, 1, 0.0, 0.0, 0] 1
angular/angular.js 1602 1564 [0.010939988148384882, -0.0064274099859891265, 0.6051363990385419, 0.9532759325380756, 0.14285714285714285, 1, 0.15119760479041916, 1.0, -1] 1
angular/angular.js 3025 2522 [0.0003827407473247445, 0.41605978180737185, 0.2687634713657198, 0.40345704990672543, 0.5, 2, 0.45, 0.5853658536585366, 0] 1
angular/angular.js 3197 3082 [0.00481880489623494, 0.004521370162734049, 0.16249018591660264, 0.14795394273653822, 0.5, 1, 0.0, 0.0, -1] 1
angular/angular.js 5976 5536 [0.2705156251555486, 0.13083681235029704, 0.14332921372410204, 0.14332921372410204, 0.6, 3, 0.7970479704797048, 0.935064935064935, 0] 1
angular/angular.js 4021 3897 [0.06838330177121812, 0.5427484523550791, 0.4100699418540114, 1.0, 0.5, 1, 0.5384615384615384, 1.0, -1] 1
angular/angular.js 9481 9478 [-0.006293590329514914, 0.026257254523005587, 0.0, 0.0, 0.0, 0, 0.0, 0.0, 0] 1
angular/angular.js 8206 8130 [0.012347099280111013, 0.15027940360665432, 0.0, 0.0, 1.0, 1, 1.0, 1.0, 0] 1
angular/angular.js 2362 2307 [0.2219890832378569, 0.0, 0.0, 0.0, 1.0, 1, 1.0, 1.0, 0] 1
angular/angular.js 12362 12307 [-0.026966549004319003, 0.0, 0.732865437047618, 0.9980686984753783, 0.38446969696969696, 203, 0.8290861410409897, 0.9385608260729268, 0] 1
angular/angular.js 3082 2835 [0.0026457319874870103, -0.009049156552419826, 0.3628698604454268, 0.5436239497352547, 0.5, 1, 0.43859649122807015, 0.7575757575757576, 0] 1
angular/angular.js 7960 7776 [-0.0021434520273784993, 0.27510551704749386, 0.016910321422231245, 0.0, 0.1, 1, 0.0, 0.0, 0] 1
angular/angular.js 3699 3697 [0.4236291333232308, 0.0, 0.010993787305605683, 0.0, 0.0, 0, 0.0, 0.0, 0] 1
angular/angular.js 12933 12166 [0.16517623947791218, 0.1712268859255632, 0.49528758030716175, 0.40174159889639716, 0.3333333333333333, 1, 0.41358024691358025, 1.0, 0] 1
angular/angular.js 9905 8005 [0.2082053044172869, 0.11711966242476639, 0.038187685394949884, 0.03071840163615663, 0.2727272727272727, 3, 0.044472681067344345, 0.12110726643598616, 0] 1
angular/angular.js 9013 4858 [0.40664547719152044, 0.594860023676944, 0.11015824032403987, 0.9405864840698454, 0.13963039014373715, 68, 0.025738140576283246, 0.9084194977843427, 1] 1
angular/angular.js 5080 3376 [0.5861240780161316, 0.1662911541434364, 0.8555999779534478, 0.8555999779534478, 1.0, 2, 0.4166666666666667, 0.4166666666666667, 0] 1
angular/angular.js 9917 9265 [0.029446834018376954, 0.017066977465650227, 0.0011380364359504843, 0.024013362748242218, 0.4, 2, 0.06462585034013606, 0.5277777777777778, -1] 1
angular/angular.js 2439 2060 [0.1312328287523524, 0.25663247123531635, 0.04167878526148484, 0.11124531121689729, 0.5, 1, 0.0, 0.0, 0] 1
angular/angular.js 2260 2216 [0.2897414391989737, 0.0, 0.7877073993560263, 0.8148265431498681, 0.5714285714285714, 4, 0.9190620272314675, 0.9296097934200459, 0] 1
angular/angular.js 10592 7762 [0.30984042036161685, 0.09403808258000707, 0.08516043670554616, 0.08505885451335309, 0.6666666666666666, 2, 0.7761609907120743, 0.7805105853051059, 0] 1
angular/angular.js 2488 2396 [0.20707665607094317, 0.5555218916406442, 0.8024958260110633, 1.0, 0.5, 1, 0.6097560975609756, 1.0, 0] 1
angular/angular.js 4612 4479 [0.08539879852124548, 0.1847243485386927, 0.016473775681419618, 0.0, 0.0, 0, 0.0, 0.0, 1] 1
angular/angular.js 5174 5110 [0.5596128408084454, 0.048653758961985254, 0.7857431712249355, 0.7857431712249355, 1.0, 1, 1.0, 1.0, 0] 1
angular/angular.js 12524 12477 [0.4473901838630336, 0.0, 0.26670637416758425, 0.30473677265003707, 0.45454545454545453, 5, 0.7923604309500489, 0.8939226519337017, 0] 1
angular/angular.js 4369 4351 [0.3031442634917164, 0.0, 0.0, 0.0, 1.0, 1, 1.0, 1.0, 0] 1
angular/angular.js 15542 15538 [0.07096760981584851, 0.14737802594045576, 0.16548336091268542, 0.8066607898825183, 0.5, 1, 0.4166666666666667, 1.0, 1] 1
angular/angular.js 2265 2252 [0.6888510641659426, 0.0, 0.0, 0.0, 0, 0, 0.0, 0.0, 0] 1
angular/angular.js 6716 6692 [0.6700008434322235, 0.0, 0.0, 0.0, 1.0, 1, 0.0, 0.0, 0] 1
angular/angular.js 14967 6412 [0.27405931451261367, 0.4035740385028548, 0.4653197237060517, 0.4655752585905666, 0.6666666666666666, 2, 0.0, 0.0, 0] 1
angular/angular.js 10619 10618 [0.506479180893757, -0.003230404624251635, 0.5655762017978637, 0.5655762017978637, 1.0, 2, 1.0, 1.0, 0] 1
angular/angular.js 12072 4282 [0.6330918980701118, 0.10506835254909105, 0.3043249866633178, 0.33200519211714097, 0.2, 1, 0.0, 0.0, -1] 1
angular/angular.js 4171 4083 [0.5026110714047092, 0.16788502713016012, 0.041356573125324314, 0.0, 0.5, 1, 0.29333333333333333, 0.5641025641025641, 1] 1
angular/angular.js 15919 15917 [0.773996978842203, 0.5062530590562676, 0.0, 0.0, 1.0, 1, 0.0, 0.0, 1] 1
angular/angular.js 8716 8628 [0.35284011762655204, 0.29106742150876275, 0.7968904317044629, 0.8066338851880896, 0.3333333333333333, 2, 0.3690205011389522, 0.4065244667503137, 1] 1
angular/angular.js 3393 1745 [0.5168029160916147, 0.40451423997068686, 0.13979978798191417, 0.08088902974253401, 0.3333333333333333, 1, 0.38372093023255816, 0.5380434782608695, 0] 1
angular/angular.js 7079 6474 [0.1406088457069016, 0.24023276010664266, 0.846989709490653, 0.846989709490653, 1.0, 1, 1.0, 1.0, 1] 1
angular/angular.js 4086 3135 [0.3083270903090958, 0.09066059237346595, 0.20521679667455026, 0.024587288859269134, 0.3333333333333333, 1, 0.0, 0.0, 0] 1
angular/angular.js 8626 8606 [0.7044519361548883, 0.6013360257214203, 0.0, 0.0, 1.0, 1, 1.0, 1.0, 0] 1
angular/angular.js 7906 7903 [0.4896146791293501, 0.764233738408075, 0.35881982812593055, 0.44609149770387674, 0.5, 2, 0.4816753926701571, 0.92, 1] 1
angular/angular.js 5108 5101 [0.32557949319878743, 0.6932371681246928, 0.4430382319239151, 0.49010527292121786, 0.5, 1, 0.0, 0.0, 1] 1
angular/angular.js 9827 5746 [0.520639988938874, 0.5163916433592356, 0.0, 0.0, 0.5, 1, 0.0, 0.0, 0] 1
angular/angular.js 8492 8233 [0.4851601491452937, 0.02977495926692682, 0.0, 0.0, 1.0, 2, 0.0, 0.0, 0] 1
angular/angular.js 7479 7262 [0.5842073362097845, 0.11923167212478115, 0.0, 0.0, 0.5, 1, 0.35714285714285715, 1.0, 0] 1
angular/angular.js 8206 8133 [0.5317580798965866, 0.48321908752335013, 0.0, 0.0, 0.0, 0, 0.0, 0.0, 0] 1
angular/angular.js 9356 8837 [0.7327366074604378, 0.0, 0.0, 0.0, 0.18181818181818182, 4, 0.2546972860125261, 0.9457364341085271, 0] 1
angular/angular.js 4530 4410 [0.5306024066288998, 0.34242661280219266, 0.0, 0.0, 1.0, 1, 1.0, 1.0, 0] 1
angular/angular.js 1851 1701 [0.5088425537931256, 0.3587890217285201, 0.5766718830191238, 0.5766718830191238, 1.0, 2, 0.5333333333333333, 0.5333333333333333, 0] 1
angular/angular.js 13497 13495 [0.5423993421707821, 0.3953477251694353, 0.0, 0.0, 1.0, 1, 1.0, 1.0, -1] 1
angular/angular.js 4940 4529 [0.6489125685640853, 0.40232090930179226, 0.4845833380792661, 0.42855861461230466, 0.5, 1, 0.6527777777777778, 1.0, 1] 1
angular/angular.js 5084 4872 [0.5625664709092991, 0.02637027662569788, 0.9620403153904977, 0.9620403153904977, 1.0, 2, 0.6261261261261262, 0.6261261261261262, 1] 1
angular/angular.js 11803 11722 [0.8663145083268772, 0.4131283194171313, 0.3076335773933396, 0.2978809099238032, 0.6, 3, 0.2760416666666667, 0.3271604938271605, 1] 1
angular/angular.js 6986 6983 [0.607691221122866, 0.638914588265778, 0.7773182911616283, 0.7630079601595663, 0.3333333333333333, 1, 0.6833333333333333, 1.0, 1] 1
angular/angular.js 6215 6098 [0.7693508695613325, 0.5329710283092699, 0.0841417545802726, 0.08643471455509553, 0.6666666666666666, 2, 0.47560975609756095, 0.5735294117647058, 0] 1
angular/angular.js 4544 4410 [0.7413702564070476, 0.34242661280219266, 0.0, 0.0, 1.0, 1, 1.0, 1.0, 1] 1
angular/angular.js 4916 4860 [-0.0016551878389482694, 0.0, 0.0, 0.0, 1.0, 1, 1.0, 1.0, 0] 1
angular/angular.js 4968 4963 [0.29080869216073124, 0.0, 0.0, 0.0, 1.0, 1, 0.0, 0.0, 0] 1
angular/angular.js 6876 6065 [0.9071270858731213, 0.143774690667414, 0.873196633891685, 0.873196633891685, 1.0, 2, 0.0, 0.0, -1] 1
angular/angular.js 2399 2357 [0.6134262633856242, 0.16979166234225038, 0.0, 0.0, 0.1, 1, 0.34782608695652173, 1.0, 0] 1
angular/angular.js 4658 4615 [0.5804899378372743, 0.0, 0.0, 0.0, 1.0, 1, 1.0, 1.0, 0] 1
angular/angular.js 6807 6801 [0.8678525116565675, 0.5945086238920257, 0.909536768256445, 0.909536768256445, 1.0, 1, 1.0, 1.0, 1] 1
angular/angular.js 4630 4512 [0.001474107686999265, 0.609452155140396, 1.0, 1.0, 1.0, 1, 1.0, 1.0, 0] 1
angular/angular.js 11973 11097 [0.8112572844158923, 0.23285989722454656, 0.14202039821972814, 1.0, 0.5, 1, 0.0, 0.0, 0] 1
angular/angular.js 13942 13941 [0.6682496963442696, 0.9430480090973296, 0.0, 0.0, 0.5, 1, 0.25, 1.0, 1] 1
angular/angular.js 3198 2773 [0.7514353618441973, 0.29412061345662216, 0.07010761414830402, 0.15329693496680932, 0.5, 1, 0.6698113207547169, 1.0, 0] 1
angular/angular.js 11028 9964 [0.8042633019282076, 0.7275673226677983, 0.16574089684259583, 1.0, 0.5, 2, 0.3783783783783784, 0.6666666666666666, 0] 1
angular/angular.js 8034 8032 [0.6506833324134733, 0.03117543624608001, 0.1423011174465446, 0.1423011174465446, 1.0, 2, 1.0, 1.0, 1] 1
angular/angular.js 4924 4854 [-0.0036556187189879415, 0.0, 0.0, 0.0, 1.0, 1, 1.0, 1.0, 0] 1
angular/angular.js 4300 3898 [0.3398600110246549, 0.40770172959011725, 0.47920916031627264, 0.47920916031627264, 1.0, 1, 0.56, 0.56, 0] 1
angular/angular.js 1514 1045 [0.22285696996117121, 0.2972465183094398, 0.19623594819872606, 0.19623594819872606, 1.0, 2, 0.0, 0.0, 0] 1
angular/angular.js 11790 11443 [0.41413869480823967, 0.025982859492436547, 0.022558511224732288, 0.03292439435036687, 0.4, 2, 0.0, 0.0, 0] 1
angular/angular.js 4833 4337 [0.3294666330185937, 0.48487943678064904, 0.31542638764323266, 0.0003987342469606669, 0.25, 1, 0.0, 0.0, 0] 1
angular/angular.js 8108 7902 [0.5779371980159579, 0.05651375072891816, 0.1679259636719843, 0.1679259636719843, 1.0, 2, 1.0, 1.0, 0] 1
angular/angular.js 2357 2199 [0.4793790181273708, 0.4684295238101251, 0.0, 0.0, 1.0, 1, 1.0, 1.0, 0] 1
angular/angular.js 4308 3848 [0.512364993970288, 0.40751872045629006, 0.03501974243642006, 0.03501974243642006, 1.0, 2, 0.7020408163265306, 0.7020408163265306, -1] 1
angular/angular.js 3958 3898 [0.34402324009290064, 0.556433772654524, 0.47920916031627264, 0.47920916031627264, 1.0, 1, 0.56, 0.56, 0] 1
angular/angular.js 8205 7968 [0.876012855709719, 0.3347010119548069, 0.22818284145450743, 0.4364126780539375, 0.5, 1, 0.0, 0.0, 0] 1
angular/angular.js 4642 4615 [0.6504364191162151, 0.0, 0.0, 0.0, 1.0, 1, 1.0, 1.0, 0] 1
angular/angular.js 10335 10330 [0.21690100874915055, 0.13963490604637593, 0.0, 0.0, 1.0, 1, 0.4423076923076923, 0.4423076923076923, 0] 1
angular/angular.js 4665 4615 [0.6292122292597352, 0.0, 0.0, 0.0, 1.0, 1, 1.0, 1.0, 0] 1
angular/angular.js 5019 4067 [0.6669609768308874, 0.10686471849604112, 0.12513620062766206, 0.0, 0.0, 0, 0.0, 0.0, 0] 1
angular/angular.js 4292 3898 [0.6555763468199314, 0.0, 0.47920916031627264, 0.47920916031627264, 1.0, 1, 0.56, 0.56, 0] 1
angular/angular.js 7846 5063 [0.738046028100343, 0.45912124708385915, 0.3072993742933293, 0.3072993742933293, 1.0, 2, 0.25, 0.25, 0] 1
angular/angular.js 10711 10327 [0.6264465646259035, 0.02956626145197331, 0.12610734483973146, 1.0, 0.5, 1, 0.2916666666666667, 1.0, 0] 1
angular/angular.js 12110 9791 [-0.018143800584829357, 0.0, 0.0, 0.0, 1.0, 1, 0.42424242424242425, 0.42424242424242425, 0] 1
angular/angular.js 3785 3761 [0.1826386312400963, 0.0, 0.0, 0.0, 1.0, 1, 1.0, 1.0, 0] 1
angular/angular.js 3010 2522 [0.09727524591743297, 0.2063738358503526, 0.35133869332706014, 0.3189350313200275, 0.5, 2, 0.38461538461538464, 0.5241935483870968, 0] 1
angular/angular.js 6885 6046 [0.4731252096644634, 0.0, 0.0, 0.0, 1.0, 1, 1.0, 1.0, 0] 1
angular/angular.js 10585 5072 [0.7547443116611743, 0.8327420354891579, 0.7580242026521027, 0.7580242026521027, 1.0, 2, 0.7652173913043478, 0.7652173913043478, 0] 1
angular/angular.js 10485 10476 [0.9468352087136923, 0.0, 1.0, 1.0, 1.0, 1, 1.0, 1.0, 0] 1
angular/angular.js 9763 9321 [0.3151079015622419, 0.2598621280790238, 0.0, 0.0, 0.25, 1, 0.0, 0.0, 0] 1
angular/angular.js 4532 4410 [0.5131151487855263, 0.0, 0.0, 0.0, 1.0, 1, 1.0, 1.0, 0] 1
angular/angular.js 1616 1544 [-0.021127079944655437, 0.0, 0.03397096889606045, 0.13145948169353316, 0.05263157894736842, 1, 0.03951890034364261, 0.7931034482758621, 0] 1
angular/angular.js 3452 2981 [0.6546023732028239, 0.2578066246549147, 0.7172298308097482, 0.7172298308097482, 1.0, 2, 0.08620689655172414, 0.08620689655172414, 0] 1
angular/angular.js 4356 3898 [0.7190853011599789, 0.35715011115739076, 0.47920916031627264, 0.47920916031627264, 1.0, 1, 1.0, 1.0, 0] 1
angular/angular.js 11593 11579 [0.688912418319632, 0.03221471277996507, 0.7196218535009993, 0.7196218535009993, 1.0, 2, 1.0, 1.0, 0] 1
angular/angular.js 13014 9791 [0.5070942336981344, -0.009893862630402562, 0.0, 0.0, 1.0, 1, 0.42424242424242425, 0.42424242424242425, 0] 1
angular/angular.js 10477 10443 [0.6676123714960684, 0.1304749917644122, 0.34725698415560713, 0.252624679623858, 0.5, 1, 0.603448275862069, 1.0, 0] 1
angular/angular.js 14488 14085 [0.4035517609103902, 0.2778924871343405, 0.4871886826091988, 1.0, 0.5, 1, 0.5609756097560976, 1.0, 1] 1
angular/angular.js 7947 7868 [0.29617785984087697, 0.0, 0.0, 0.0, 0.07142857142857142, 1, 0.18932038834951456, 1.0, 0] 1
angular/angular.js 4193 3927 [0.16220055494122212, 0.018357286714809323, 0.2316517198233797, 0.2316517198233797, 1.0, 2, 0.0440251572327044, 0.0440251572327044, -1] 1
angular/angular.js 15535 15524 [0.7730186882295604, 0.08495913255605225, 0.0, 0.0, 0, 0, 0.0, 0.0, 0] 1
angular/angular.js 15110 15106 [0.24537426209051336, 0.7684054959849872, 0.006605000652180648, 0.006605000652180648, 0.6666666666666666, 2, 0.9620253164556962, 0.9620253164556962, 0] 1
angular/angular.js 11938 11937 [0.6112679389377504, 0.800329698159307, 1.0, 1.0, 1.0, 1, 1.0, 1.0, 0] 1
angular/angular.js 7999 5903 [0.6352563499005348, 0.4776246727894176, 0.332431831080651, 0.4699142722666735, 0.25, 2, 0.3930635838150289, 0.8947368421052632, 0] 1
angular/angular.js 7582 5674 [0.7493217793370529, 0.5735491852476817, 0.3653030797568189, 0.5720965516712401, 0.5, 1, 0.09595959595959595, 0.3114754098360656, 0] 1
angular/angular.js 4646 4512 [0.6490439286803056, 0.3899856446737739, 1.0, 1.0, 1.0, 1, 1.0, 1.0, 0] 1
angular/angular.js 11017 9854 [0.8814055941186331, 0.5023336665700892, 0.5557619205942211, 0.0, 0.0, 0, 0.0, 0.0, 1] 1
angular/angular.js 8516 8512 [0.7359279082842253, 0.2799557190674736, 0.049222020231341375, 0.049222020231341375, 1.0, 2, 0.8409090909090909, 0.8409090909090909, 1] 1
angular/angular.js 11359 10985 [0.7985958419435799, 0.47212727911952374, 0.02406888166393186, 0.02406888166393186, 1.0, 2, 0.7741935483870968, 0.7741935483870968, 0] 1
angular/angular.js 2273 1084 [0.9809518760551905, 0.6797582049984072, 0.9878321786235291, 0.9878321786235291, 1.0, 4, 1.0, 1.0, 0] 1
mozilla-b2g/gaia 1171 1170 [0.29838868847627054, 0.5965729556929077, 0.0, 0.0, 1.0, 1, 0.4375, 0.4375, 0] 1
mozilla-b2g/gaia 6795 6603 [0.4773112516684636, -0.011612461606900357, 0.0, 0.0, 1.0, 1, 1.0, 1.0, 1] 1
mozilla-b2g/gaia 13332 13292 [-0.0006794455436184433, 0.0, 0.0, 0.0, 0.04, 1, 0.061068702290076333, 1.0, 0] 1
mozilla-b2g/gaia 9488 9457 [0.08198665170296607, 0.1849116982502846, 0.0, 0.0, 0.5, 1, 0.6666666666666666, 1.0, 0] 1
mozilla-b2g/gaia 9428 9349 [0.8538021436025477, 0.16224256264764486, 1.0000000000000002, 1.0000000000000002, 1.0, 1, 1.0, 1.0, 1] 1
mozilla-b2g/gaia 22947 22749 [0.605571538753001, 0.0, 0.2206522207822691, 0.36567074308151415, 0.07142857142857142, 1, 0.09606986899563319, 1.0, 1] 1
mozilla-b2g/gaia 18033 18000 [0.5192439604026897, 0.712302788440204, 1.0, 1.0, 1.0, 1, 1.0, 1.0, 1] 1
mozilla-b2g/gaia 2459 2420 [0.016904548749696515, 0.02015111575740007, 0.0, 0.0, 0.0, 0, 0.0, 0.0, 0] 1
mozilla-b2g/gaia 5772 5638 [0.007495693097964196, 0.0, 0.02209487407560877, 0.0, 0.2857142857142857, 2, 0.0036867718625571448, 0.0038098140810728437, 0] 1
mozilla-b2g/gaia 12565 12520 [0.21722763036282766, 0.25668929673462604, 0.6789322161448355, 0.6789322161448355, 1.0, 1, 1.0, 1.0, 0] 1
mozilla-b2g/gaia 10547 8726 [0.281901976525818, 0.0, 0.0, 0.0, 1.0, 1, 1.0, 1.0, 1] 1
mozilla-b2g/gaia 8383 8363 [0.26605333926211455, 0.0, 0.23640792517582285, 0.2257901329190856, 0.3333333333333333, 1, 0.0, 0.0, 1] 1
mozilla-b2g/gaia 9768 9467 [-0.004439805784582754, 0.0, 0.029669397771505204, 0.1126479763079803, 0.16666666666666666, 1, 0.08108108108108109, 0.4186046511627907, 0] 1
mozilla-b2g/gaia 17425 17408 [0.004421115044359209, 0.0, 0.0, 0.0, 0.5, 1, 0.6086956521739131, 1.0, 0] 1
mozilla-b2g/gaia 21450 21295 [0.03532328974054558, 0.0, 0.9988540150521305, 0.9988540150521305, 0.6666666666666666, 2, 0.8985507246376812, 1.0, 0] 1
mozilla-b2g/gaia 1010 1004 [-0.004810396300977387, 0.0, 0.7177041872981019, 0.0, 0.02564102564102564, 1, 0.03064066852367688, 1.0, 0] 1
mozilla-b2g/gaia 21295 20806 [0.30172957556531127, 0.0, 0.8000192813241991, 0.8000192813241991, 0.5, 2, 0.7261904761904762, 1.0, 0] 1
mozilla-b2g/gaia 6471 6466 [-0.013693131841714813, 0.006393047727275239, 0.5524932287637085, 0.5524932287637085, 0.5, 1, 0.6666666666666666, 1.0, 0] 1
mozilla-b2g/gaia 10228 10180 [0.37183241758291913, 0.25856996541761423, 0.44399371168674595, 0.4802140693935261, 0.5, 1, 0.2777777777777778, 0.37037037037037035, 1] 1
mozilla-b2g/gaia 15218 15022 [0.19373055027182043, 0.0, 0.0, 0.0, 1.0, 1, 1.0, 1.0, 0] 1
mozilla-b2g/gaia 11048 11032 [0.09201844471715612, -0.0017950757390028512, 0.6480202119052858, 0.6480202119052858, 1.0, 2, 0.38235294117647056, 0.38235294117647056, 0] 1
mozilla-b2g/gaia 3627 3600 [0.5266478381572826, 0.17713305667528098, 0.038900881094620476, 0.04613370736598396, 0.3333333333333333, 1, 0.5, 0.6521739130434783, 0] 1
mozilla-b2g/gaia 16480 16475 [0.28830639261979757, 0.0, 0.0, 0.0, 1.0, 1, 1.0, 1.0, 1] 1
mozilla-b2g/gaia 14246 14107 [0.003333599960364922, 0.9873780732417402, 0.0, 0.0, 1.0, 1, 1.0, 1.0, 0] 1
mozilla-b2g/gaia 28433 28349 [0.1522042645291195, 0.0026693398062013454, 0.0, 0.0, 0.3333333333333333, 1, 0.38095238095238093, 1.0, 1] 1
mozilla-b2g/gaia 7010 6996 [0.002292034573374898, 0.03438754067299766, 0.05334382415796567, 0.05297055622838226, 0.375, 3, 0.21621621621621623, 0.22297297297297297, 0] 1
mozilla-b2g/gaia 21899 21887 [0.7978028220621497, 0.0, 0.9908598401966289, 0.9908598401966289, 1.0, 1, 1.0, 1.0, 1] 1
mozilla-b2g/gaia 27959 27781 [0.64392002880481, 0.0, 0.9435318411598222, 0.2919816160082324, 0.16666666666666666, 10, 0.06131178707224334, 0.20259128386336867, 1] 1
mozilla-b2g/gaia 12134 11062 [0.2955906137082787, 0.3142968637579547, 0.6344054559268182, 0.6344054559268182, 1.0, 1, 1.0, 1.0, 1] 1
mozilla-b2g/gaia 17136 16651 [0.324941960136367, 0.0, 0.4328058345884703, 0.4134248766613701, 0.4, 2, 0.3273809523809524, 0.46218487394957986, 1] 1
mozilla-b2g/gaia 13480 12010 [0.4423144773529862, 0.0, 0.1437335173845593, 0.2369150747065072, 0.2857142857142857, 2, 0.2014388489208633, 0.7567567567567568, 1] 1
mozilla-b2g/gaia 10373 10253 [0.03651721697653072, 0.1077773516531489, 0.0, 0.0, 0, 0, 0.0, 0.0, 0] 1
mozilla-b2g/gaia 27829 27430 [0.6940528728640288, 0.0, 0.6251653345229194, 0.6251653345229194, 1.0, 1, 0.8, 0.8, 0] 1
mozilla-b2g/gaia 13342 12014 [0.7645049043633932, -0.004972111868278211, 0.2117860226418974, 0.15235167827441112, 0.2727272727272727, 3, 0.39006024096385544, 0.5926773455377574, 1] 1
mozilla-b2g/gaia 23790 23101 [0.43393384547882247, 0.0, 0.0, 0.0, 0.3333333333333333, 1, 0.46153846153846156, 1.0, 1] 1
mozilla-b2g/gaia 24321 24292 [0.7176218096164889, 0.0, 0.49412149558867546, 0.5123483651757291, 0.5, 1, 0.6575342465753424, 0.8275862068965517, 1] 1
mozilla-b2g/gaia 10980 10738 [0.9030707927543703, 0.3094282913498855, 0.19673676092053247, 0.861269290847663, 0.8235294117647058, 28, 0.904613789528253, 0.9189046866771985, 1] 1
mozilla-b2g/gaia 7669 7587 [1.0, 0.22422581371912106, 0.3291173274019261, 0.3291173274019261, 1.0, 2, 0.7758620689655172, 0.7758620689655172, 1] 1
kubernetes/kubernetes 661 657 [-0.012019996400685495, 0.5679170855821685, 0.45900249533076976, 0.46671881702024387, 0.5, 1, 0.6944444444444444, 0.8620689655172413, 0] 1
kubernetes/kubernetes 2716 2694 [0.5066067385173987, 0.4482873835227273, 0.0, 0.0, 1.0, 1, 1.0, 1.0, 0] 1
kubernetes/kubernetes 17024 14548 [0.533948729947334, 0.3602317796814841, 0.9925372491359614, 0.0, 0.0, 0, 0.0, 0.0, 1] 1
kubernetes/kubernetes 45263 43027 [0.7410452347000386, 0.7366149893316611, 0.5795014432260523, 0.015366033090540113, 0.1111111111111111, 1, 0.24667931688804554, 0.9774436090225563, -1] 1
kubernetes/kubernetes 41036 41006 [0.5971362288914047, 0.1521561811930152, 0.0, 0.0, 1.0, 1, 0.4117647058823529, 0.4117647058823529, 0] 1
kubernetes/kubernetes 56 52 [-0.0002729721459874295, 0.0, 1.0, 1.0, 1.0, 1, 1.0, 1.0, 0] 1
kubernetes/kubernetes 35745 32790 [0.47051128180650725, 0.599051147959145, 0.847262211242848, 0.8933386052303743, 0.5, 1, 0.6578947368421053, 1.0, 1] 1
kubernetes/kubernetes 8639 7439 [0.042872767379470586, 0.12244313245230483, 0.0495092554314779, 0.0, 0.0, 0, 0.0, 0.0, 1] 1
kubernetes/kubernetes 61 52 [0.0018130009843430799, 0.0, 1.0, 1.0, 1.0, 1, 1.0, 1.0, 0] 1
kubernetes/kubernetes 19759 15998 [0.6732976031767931, 0.12804667648281656, 0.0, 0.0, 0.16666666666666666, 1, 0.3564356435643564, 0.7058823529411765, 1] 1
kubernetes/kubernetes 30993 28284 [0.7185013798355471, 0.6405702253339416, 0.0, 0.0, 0.26666666666666666, 4, 0.40941176470588236, 1.0, 1] 1
kubernetes/kubernetes 10895 10784 [0.634544101900836, 0.022642303451499136, 0.5829468831635843, 0.5866153238187822, 0.125, 1, 0.8985507246376812, 1.0, 1] 1
kubernetes/kubernetes 10232 9264 [0.7555459383332397, 0.0, 0.3574796969210073, 0.365899043440035, 0.1, 1, 0.6666666666666666, 1.0, 0] 1
kubernetes/kubernetes 31372 31361 [0.017056933943613673, 0.982646229917195, 0.8347786087387279, 1.0, 0.5, 1, 0.6666666666666666, 1.0, 1] 1
kubernetes/kubernetes 21531 21357 [0.6468318309909821, 0.5244850446611462, 0.0, 0.0, 1.0, 1, 1.0, 1.0, 0] 1
kubernetes/kubernetes 33276 32120 [0.026331467261952804, 0.9438761563789193, 0.4819671075717189, 0.4819671075717189, 1.0, 1, 0.0, 0.0, 1] 1
kubernetes/kubernetes 54 52 [0.00039669349316022006, 0.0, 1.0, 1.0, 1.0, 1, 1.0, 1.0, 0] 1
kubernetes/kubernetes 30772 30771 [0.01039299211928359, 0.9570381457073368, 0.0, 0.0, 0.5, 1, 0.24175824175824176, 0.4888888888888889, 1] 1
kubernetes/kubernetes 28037 28026 [-0.008402656971360908, 0.0, 0.7664782749410735, 0.7664782749410735, 1.0, 1, 0.6666666666666666, 0.6666666666666666, 0] 1
kubernetes/kubernetes 3916 3915 [0.662379453132703, -0.02747808635743853, 0.0, 0.0, 0.5, 1, 0.32558139534883723, 0.3888888888888889, 0] 1
kubernetes/kubernetes 44344 43215 [-0.0011761466505848836, 0.00023287701789892641, 0.0, 0.0, 0.038461538461538464, 1, 0.0, 0.0, 0] 1
kubernetes/kubernetes 40322 39503 [0.012551527149829617, 0.323097587838246, 0.45719391791126185, 0.5306314409859647, 0.5, 1, 0.5882352941176471, 1.0, 0] 1
kubernetes/kubernetes 45455 40210 [0.0018482938250060329, 0.18267527160570118, 0.0, 0.0, 1.0, 1, 0.6666666666666666, 0.6666666666666666, 0] 1
kubernetes/kubernetes 36168 36163 [0.008848677751281054, 0.9713169833893319, 0.0, 0.06680619277907547, 0.05555555555555555, 2, 0.0, 0.0, 1] 1
kubernetes/kubernetes 46923 46913 [-0.004932673805251192, 0.9829398171544308, 0.0, 0.0, 0.16666666666666666, 1, 0.0, 0.0, -1] 1
kubernetes/kubernetes 1211 1210 [0.024199585879331856, 0.0547554955956922, 0.5490859902194665, 0.5490859902194665, 1.0, 1, 1.0, 1.0, 0] 1
kubernetes/kubernetes 13322 13144 [0.08868858610857026, 0.34168109898503235, 0.13060246927947194, 0.26170117088504014, 0.08695652173913043, 2, 0.18739448508722567, 0.8430379746835444, 0] 1
kubernetes/kubernetes 21786 21601 [0.05145640853140314, 0.2859816767662257, 0.0, 0.0, 0.993805918788713, 1444, 0.9608030592734226, 0.9925925925925926, 0] 1
kubernetes/kubernetes 4065 4056 [0.7895712544921917, 0.0, 0.0, 0.0, 0, 0, 0.0, 0.0, 0] 1
kubernetes/kubernetes 47455 47074 [0.01267091313914265, 0.25491068413973156, 0.0, 0.0, 1.0, 1, 1.0, 1.0, 0] 1
kubernetes/kubernetes 24783 24549 [-0.0025120947590622517, 0.5231962720371494, 0.0, 0.0, 1.0, 1, 0.4838709677419355, 0.4838709677419355, 0] 1
kubernetes/kubernetes 7503 7456 [0.2856541445912577, 0.40675638500084854, 0.0, 0.0, 0.5, 1, 0.1518987341772152, 0.375, -1] 1
kubernetes/kubernetes 47322 46193 [-0.004757423514746197, 0.04187526660277378, 0.0, 0.0, 0.09090909090909091, 1, 0.05426356589147287, 0.5185185185185185, 0] 1
kubernetes/kubernetes 28996 28978 [0.11567770999639368, 0.328321982671048, 0.19631750881886448, 0.19631750881886448, 1.0, 1, 1.0, 1.0, 0] 1
kubernetes/kubernetes 42529 42138 [0.03752262395982604, 0.37061008475367974, 0.0, 0.0, 0.0, 0, 0.0, 0.0, 0] 1
kubernetes/kubernetes 37269 275 [-0.002576280915999418, 0.0, 0.007431658441050037, 0.0, 0.0, 0, 0.0, 0.0, 0] 1
kubernetes/kubernetes 45273 44727 [0.004807744820049949, 0.10643570736002002, 0.9666254353393249, 0.9666254353393249, 1.0, 1, 0.0, 0.0, 0] 1
kubernetes/kubernetes 34502 32109 [-0.015390275972357717, 0.35038395300048386, 0.0005927400419851765, 0.004809224280031863, 0.01282051282051282, 1, 0.014730498828255775, 1.0, 1] 1
kubernetes/kubernetes 20810 19559 [0.18838862320346492, 0.15518076701211014, 0.0, 0.0, 0.2, 1, 0.0, 0.0, -1] 1
kubernetes/kubernetes 41210 41106 [0.0015657437195112996, 0.12003869802437037, 0.0, 0.0, 0.2222222222222222, 2, 0.18857142857142858, 0.825, 0] 1
kubernetes/kubernetes 26066 26059 [0.40606916148996214, 0.03553704826256128, 0.0, 0.0, 0.0, 0, 0.0, 0.0, -1] 1
kubernetes/kubernetes 5741 5735 [0.1240341271522848, 0.0, 0.0, 0.0, 0.5, 1, 0.0, 0.0, 0] 1
kubernetes/kubernetes 38751 38370 [0.0046524698891572, 0.18199605195101426, 1.0, 1.0, 1.0, 1, 1.0, 1.0, 0] 1
kubernetes/kubernetes 10883 10819 [0.0009369268401172343, 0.007726538618702186, 1.0, 1.0, 0.5, 1, 0.32222222222222224, 0.3493975903614458, 0] 1
kubernetes/kubernetes 38296 38285 [0.12327057379962475, 0.12582945141125632, 0.0, 0.003913562127925767, 0.1111111111111111, 2, 0.0, 0.0, 0] 1
kubernetes/kubernetes 25591 24509 [-0.007306736662996114, 0.06054012061107512, 0.08537450474749524, 0.09673373998145804, 0.045454545454545456, 1, 0.008793356130923302, 1.0, 0] 1
kubernetes/kubernetes 9966 9854 [0.002127607747070307, 0.18065699234101185, 0.06443531849862907, 0.06443531849862907, 1.0, 1, 0.44660194174757284, 0.44660194174757284, 0] 1
kubernetes/kubernetes 44496 39342 [0.3345910491868773, 0.590940460376139, 0.9841154614606866, 0.0, 0.0, 0, 0.0, 0.0, 1] 1
kubernetes/kubernetes 18449 13838 [0.006532220579560549, 0.0566277887344392, 0.0, 0.0, 0.0, 0, 0.0, 0.0, -1] 1
kubernetes/kubernetes 46927 46784 [-0.001592807501092873, 0.19422545556093057, 0.0, 0.0, 0.0, 0, 0.0, 0.0, -1] 1
kubernetes/kubernetes 12111 11679 [0.022885780307777173, 0.025922384815850345, 0.4228794187481465, 0.0, 0.0, 0, 0.0, 0.0, 0] 1
kubernetes/kubernetes 42883 42630 [0.0068621715859223335, 0.022556621961552822, 0.0, 0.0, 0.2, 1, 0.21875, 0.4, 0] 1
kubernetes/kubernetes 451 356 [0.0007866256319937066, 0.28870385059912385, 0.006412479747405669, 0.0, 0.0, 0, 0.0, 0.0, 0] 1
kubernetes/kubernetes 5775 5714 [-0.0014042377947613906, 0.1501871293043993, 0.018613004449440862, 0.0, 0.1111111111111111, 2, 0.05566037735849057, 0.32065217391304346, -1] 1
kubernetes/kubernetes 38789 33757 [0.004057199266280168, 0.09805970712167171, 0.17883760046872726, 0.20570518318698514, 0.047619047619047616, 1, 0.01950585175552666, 0.3191489361702128, 0] 1
kubernetes/kubernetes 11113 11085 [-0.004144647106202965, 0.024686544130110025, 0.00799328239880054, 0.08982447734552393, 0.00423728813559322, 1, 0.016079158936301793, 0.5416666666666666, 0] 1
kubernetes/kubernetes 29226 29204 [0.04505299214552964, -0.01145599214251903, 0.11414148729974063, 0.17205761644833864, 0.75, 3, 0.3218390804597701, 0.4692737430167598, -1] 1
kubernetes/kubernetes 33683 33675 [0.9062072481555973, 0.8608164299061636, 0.0, 0.0, 0.9714285714285714, 34, 0.6111111111111112, 1.0, 1] 1
kubernetes/kubernetes 40550 39903 [-0.004624029048294735, 0.07742861881592324, 0.06257319644869003, 0.0, 0.07692307692307693, 1, 0.0, 0.0, -1] 1
kubernetes/kubernetes 11450 11364 [-0.001646840854153581, 0.14858765600639054, 0.0, 0.0, 0.05, 1, 0.0, 0.0, 0] 1
kubernetes/kubernetes 40901 40193 [-0.015759519887685505, 0.06434152837870348, 0.0, 0.0, 1.0, 1, 0.0, 0.0, -1] 1
kubernetes/kubernetes 36673 36425 [0.004685559161103842, 0.37676949266922494, 0.03845149471384917, 0.037172187687061396, 0.005257623554153523, 5, 0.004682859971065255, 0.5574018126888217, 1] 1
kubernetes/kubernetes 39883 38317 [0.1630018575267249, 0.2759551715649644, 0.10720290947261332, 0.8150338505209882, 0.23529411764705882, 4, 0.12920592193808883, 0.6114649681528662, 0] 1
kubernetes/kubernetes 11322 11317 [-0.02653326130591082, 0.0, 0.08013093310347671, 0.04964078605210525, 0.2, 1, 0.0, 0.0, 0] 1
kubernetes/kubernetes 15401 15224 [0.017284894848006008, 0.02734693448220168, 0.0, 0.0, 0.03333333333333333, 1, 0.044171779141104296, 0.6101694915254238, 0] 1
kubernetes/kubernetes 46953 46909 [0.05250872236636843, 0.31445768238045596, 0.38561553202846055, 0.5003424974279915, 0.5, 1, 0.0979020979020979, 0.358974358974359, 1] 1
kubernetes/kubernetes 41480 41478 [0.0022787973679008356, 0.0, 0.0, 0.0, 0.0, 0, 0.0, 0.0, 0] 1
kubernetes/kubernetes 33964 30787 [0.3260158104361923, 0.27670289042955853, 0.0740082034913115, 0.10769633398410548, 0.038461538461538464, 1, 0.2113587347232207, 0.551594746716698, 1] 1
kubernetes/kubernetes 42113 42049 [0.05787433196335142, 0.11363439113594875, 0.0, 0.0, 0.08333333333333333, 1, 0.4012738853503185, 0.9692307692307692, 0] 1
kubernetes/kubernetes 15339 15004 [0.28717407128401773, -0.026475275854031494, 0.2327611138945037, 0.0, 0.0, 0, 0.0, 0.0, 0] 1
kubernetes/kubernetes 30147 30137 [0.11078190289553083, 0.18896975919532705, 0.22287449224003314, 0.49565463385471903, 0.5, 1, 0.44623655913978494, 1.0, 1] 1
kubernetes/kubernetes 14472 14448 [-0.004904609670403947, -0.006612250477423753, 0.6238461078551242, 0.6238461078551242, 1.0, 1, 0.0, 0.0, 0] 1
kubernetes/kubernetes 7142 6847 [0.21740809997978935, 0.013284318697038071, 0.9178520874187426, 0.9178520874187426, 1.0, 1, 0.5526315789473685, 0.5526315789473685, 0] 1
kubernetes/kubernetes 6949 6938 [0.0006171616450660571, 0.04553724596114527, 0.0, 0.0, 0.0, 0, 0.0, 0.0, -1] 1
kubernetes/kubernetes 32311 32268 [0.5727141438966088, 0.7838895677443553, 1.0000000000000002, 1.0000000000000002, 1.0, 1, 1.0, 1.0, 1] 1
kubernetes/kubernetes 7021 6886 [0.09161074996004155, 0.541506334878094, 0.07276131867279749, 0.0, 0.5, 1, 0.1724137931034483, 0.46875, 0] 1
kubernetes/kubernetes 25888 24861 [0.3166500799779034, 0.11354565803545445, 0.4463767251428529, 0.08184066732360083, 0.2727272727272727, 3, 0.0, 0.0, -1] 1
kubernetes/kubernetes 45804 45768 [0.07086885343048131, 0.046088933888138686, 0.0, 0.0, 0.0, 0, 0.0, 0.0, 0] 1
kubernetes/kubernetes 18073 17769 [0.15320015670818, 0.0, 0.0, 0.0, 1.0, 1, 0.0, 0.0, 0] 1
kubernetes/kubernetes 37347 37332 [0.2054415355379373, 0.5476494846929643, 0.9577485950114497, 0.9577485950114497, 1.0, 1, 1.0, 1.0, 1] 1
kubernetes/kubernetes 25996 25634 [0.18162430884640174, 0.16220789051441067, 0.09059136925238898, 0.7335271783494347, 0.03260869565217391, 3, 0.01838785546290357, 0.9608938547486033, -1] 1
kubernetes/kubernetes 6614 6239 [0.511101823353468, 0.17368651101128918, 0.1980511056388351, 0.011810240057595435, 0.16666666666666666, 2, 0.2037037037037037, 0.5238095238095238, 0] 1
kubernetes/kubernetes 25688 25326 [0.24675328778955252, 0.16924269590708904, 0.005171857334267075, 0.001849052141732881, 0.375, 3, 0.31359649122807015, 0.6124197002141327, 0] 1
kubernetes/kubernetes 22501 21535 [0.1495796201226589, -0.0018693737379117897, 0.2769926377346993, 0.2243195469555155, 0.2727272727272727, 3, 0.39111747851002865, 0.6, -1] 1
kubernetes/kubernetes 44288 40234 [0.01717350265564939, 0.6123027653645912, 0.13382673623917643, 0.22082644985043565, 0.09090909090909091, 2, 0.01790830945558739, 0.2777777777777778, -1] 1
kubernetes/kubernetes 45065 45034 [0.24999961972865573, 0.026423996722733874, 0.06675718250036229, 0.01654137855845274, 0.42857142857142855, 3, 0.22285714285714286, 0.5977011494252874, 0] 1
kubernetes/kubernetes 24881 24201 [0.2694000275412507, 0.45293179745270234, 0.17020769086925544, 0.18340139082908882, 0.75, 3, 0.36792452830188677, 0.3939393939393939, 0] 1
kubernetes/kubernetes 44313 44312 [0.2519856289397142, 0.17961771454151776, 0.302187883685097, 0.0, 0.0, 0, 0.0, 0.0, 1] 1
kubernetes/kubernetes 13758 13738 [0.11980001802194562, 0.24315578565135748, 0.4209739039846834, 0.4209739039846834, 1.0, 2, 0.8627450980392157, 0.8627450980392157, 1] 1
kubernetes/kubernetes 7679 7615 [0.16283507242094208, 0.0, 0.0851351809626632, 0.21390923712787005, 0.06153846153846154, 4, 0.02459349593495935, 0.2261682242990654, 0] 1
kubernetes/kubernetes 29150 25524 [0.23604360477488795, 0.11957443657481681, 0.25420550982911616, 0.0, 0.1111111111111111, 1, 0.0, 0.0, 1] 1
kubernetes/kubernetes 33101 33099 [0.2680014342371886, 0.9140136372531529, 0.0, 0.0, 0.0, 0, 0.0, 0.0, 1] 1
kubernetes/kubernetes 13628 13616 [0.25835979164765605, 0.05181614614291225, 0.32657443653258267, 0.0, 0.0, 0, 0.0, 0.0, 1] 1
kubernetes/kubernetes 35320 33616 [0.3911412943990602, 0.4209847218340566, 0.2445487871549446, 0.28670123485727345, 0.09090909090909091, 1, 0.08791208791208792, 0.16216216216216217, 1] 1
kubernetes/kubernetes 30884 30802 [0.1871766166234451, 0.4638271782328633, 0.0, 0.0, 0.0, 0, 0.0, 0.0, 1] 1
kubernetes/kubernetes 10440 7053 [0.6107823254356399, 0.015583497850965354, 0.14023901534224287, 0.14015495412023782, 0.10975609756097561, 9, 0.0981012658227848, 0.421195652173913, 0] 1
kubernetes/kubernetes 23043 22845 [0.2219226529893935, 0.7508022425639727, 0.0, 0.0, 0.5, 1, 0.1357142857142857, 1.0, 0] 1
kubernetes/kubernetes 35609 35556 [0.24036561125548236, 0.6207730271860749, 0.0, 0.0, 0.0017761989342806395, 1, 0.0004160426027625229, 1.0, 1] 1
kubernetes/kubernetes 3200 3199 [0.4819766100615567, -0.003166639112014062, 0.6487127077199465, 0.98763115669297, 0.2727272727272727, 3, 0.36363636363636365, 0.7741935483870968, 0] 1
kubernetes/kubernetes 40421 40400 [0.36333920458292585, 0.18110786418261138, 0.0, 0.0, 0.14285714285714285, 1, 0.3673469387755102, 0.72, 1] 1
kubernetes/kubernetes 21130 20665 [0.1972328188292547, 0.39168609013305994, 0.0, 0.0, 0.13333333333333333, 2, 0.004673677182440327, 1.0, 1] 1
kubernetes/kubernetes 44839 44583 [0.2622156059217806, 0.1441918790013473, 0.0, 0.0, 0.07692307692307693, 1, 0.16666666666666666, 0.5909090909090909, 0] 1
kubernetes/kubernetes 10609 10453 [0.3270167846198214, -0.006090164288081453, 0.0, 0.0, 0.5, 3, 0.7571428571428571, 1.0, -1] 1
kubernetes/kubernetes 15043 14871 [0.47129462592525917, 0.02965160570436327, 0.25351318327953287, 0.28501272768430846, 0.25, 1, 0.1515748031496063, 0.5579710144927537, 0] 1
kubernetes/kubernetes 6976 5012 [0.5012546276774383, 0.3110614581345152, 0.49735509135963013, 1.0, 0.043478260869565216, 1, 0.012237093690248566, 1.0, 0] 1
kubernetes/kubernetes 14675 14564 [0.36857870687922867, 0.0, 0.4188969589900393, 0.0, 0.0, 0, 0.0, 0.0, 0] 1
kubernetes/kubernetes 46478 46383 [0.3560906906949455, 0.24653005904228498, 0.0, 0.0, 0.5, 1, 0.48214285714285715, 0.54, -1] 1
kubernetes/kubernetes 44838 44583 [0.3082772805712501, 0.2017198655699156, 0.0, 0.0, 0.07692307692307693, 1, 0.07048458149779736, 1.0, 0] 1
kubernetes/kubernetes 44727 44463 [0.3500389451954346, 0.21323687130987004, 0.2198378130229824, 0.0, 0.0, 0, 0.0, 0.0, 0] 1
kubernetes/kubernetes 34246 34083 [0.477719260569377, 0.7360130873089076, 0.00853123252297214, 0.026077202048497033, 0.03571428571428571, 1, 0.020086648286727057, 0.4857142857142857, 1] 1
kubernetes/kubernetes 25512 22737 [0.6431504074064898, 0.3666171303003095, 0.02499470259870649, 0.0034412169139202715, 0.2, 2, 0.1407766990291262, 0.5471698113207547, 0] 1
kubernetes/kubernetes 26097 25973 [0.024376920827245657, -0.019199867660118487, 0.45766316105473703, 0.45766316105473703, 1.0, 1, 0.6296296296296297, 0.6296296296296297, 0] 1
kubernetes/kubernetes 29995 29447 [0.21534397975167094, 0.07993302439739079, 0.9328797172431929, 0.9328797172431929, 1.0, 2, 0.9030226700251889, 0.9030226700251889, 0] 1
kubernetes/kubernetes 5466 5022 [0.2891261504294337, 0.05838346476742026, 0.09524386491924795, 0.0012709454856510598, 0.3333333333333333, 1, 0.17034700315457413, 0.48214285714285715, -1] 1
kubernetes/kubernetes 16283 14493 [0.21682923762175293, 0.4614874622051697, 0.5215888165310599, 0.5215888165310599, 1.0, 1, 0.5081967213114754, 0.5081967213114754, 0] 1
kubernetes/kubernetes 41761 41756 [0.23290849874652506, 0.021449185830774493, 0.0, 0.0, 1.0, 1, 0.52, 0.52, 0] 1
kubernetes/kubernetes 5784 5775 [0.1635526201424256, 0.004252136527150334, 0.0, 0.0, 0.3, 3, 0.24080882352941177, 0.4564459930313589, -1] 1
kubernetes/kubernetes 31287 31282 [0.25813531642107534, 0.7293463270746963, 0.0, 0.0, 0.25, 1, 0.0, 0.0, 1] 1
kubernetes/kubernetes 24556 24537 [0.09123200827347425, 0.7781861087307363, 0.705753071777711, 0.705753071777711, 1.0, 1, 0.5407725321888412, 0.5407725321888412, 1] 1
kubernetes/kubernetes 14229 14213 [0.018776088224693056, 0.004144173879000311, 0.6165196042160563, 1.0000000000000002, 0.5, 2, 0.49230769230769234, 1.0, 0] 1
kubernetes/kubernetes 21532 21357 [0.20715671087565532, 0.08789105622473195, 0.0, 0.0, 1.0, 1, 1.0, 1.0, 0] 1
kubernetes/kubernetes 2412 2397 [0.4871132659541613, 0.0, 0.9919423367335153, 0.9927096803636112, 0.8888888888888888, 8, 0.9646464646464646, 0.9820051413881749, 0] 1
kubernetes/kubernetes 4393 4390 [0.40932121722615, 0.23188123238915417, 0.0, 0.0, 1.0, 1, 1.0, 1.0, 0] 1
kubernetes/kubernetes 8931 8743 [0.4092498471610112, 0.08910037590544784, 0.0, 0.0, 0.0, 0, 0.0, 0.0, 1] 1
kubernetes/kubernetes 39342 39293 [0.3611557540319344, 0.05026262487335021, 0.17717593449352356, 1.0, 0.001349527665317139, 1, 0.028390367553865654, 1.0, -1] 1
kubernetes/kubernetes 10746 10512 [0.389877035037278, 0.36386509744800005, 0.5586631006798868, 0.5586631006798868, 1.0, 1, 0.0, 0.0, 0] 1
kubernetes/kubernetes 5763 5233 [0.29906094401028804, 0.14676502673662548, 0.1396712942155124, 0.003094783449418128, 0.057692307692307696, 3, 0.05, 0.3672566371681416, 1] 1
kubernetes/kubernetes 41546 41427 [0.4653799596213333, 0.13232507534094556, 0.699379037295922, 0.9604674498212062, 0.5632754342431762, 227, 0.36272155883514207, 0.8156795930120945, 1] 1
kubernetes/kubernetes 17264 17195 [0.2658215578295714, 0.09394432456264416, 0.03570332488002219, 0.05291497469924561, 0.1111111111111111, 1, 0.3441762854144806, 0.7471526195899773, -1] 1
kubernetes/kubernetes 9838 9730 [0.38266733546603465, 0.13600319002891398, 0.0, 0.0, 1.0, 1, 0.6956521739130435, 0.6956521739130435, 0] 1
kubernetes/kubernetes 38546 1932 [0.03606863405172603, 0.0, 0.0, 0.0, 0.0, 0, 0.0, 0.0, 0] 1
kubernetes/kubernetes 28966 25342 [0.50041832579694, 0.3968211998290776, 0.2044340242609166, 0.2892389267295594, 0.5, 2, 0.5530085959885387, 0.7338403041825095, 0] 1
kubernetes/kubernetes 32064 32049 [0.598718528348369, 0.7835542094530176, 0.0, 0.0, 1.0, 1, 1.0, 1.0, 1] 1
kubernetes/kubernetes 40379 40378 [0.6448006511974426, 0.0, 0.0, 0.0, 1.0, 1, 0.0, 0.0, 0] 1
kubernetes/kubernetes 36597 36294 [0.4149683260042422, 0.8878712808061516, 0.03869532969706243, 0.05022629694119472, 0.5, 1, 0.2222222222222222, 0.25, 1] 1
kubernetes/kubernetes 11475 11474 [0.17257211799200542, 0.012791325052393249, 0.0, 0.0, 1.0, 1, 1.0, 1.0, 0] 1
kubernetes/kubernetes 36434 32811 [0.7372174292668089, 0.9285392963025412, 0.8261644546384648, 0.7633612319640142, 0.75, 3, 0.4748858447488584, 0.5473684210526316, 1] 1
kubernetes/kubernetes 41942 37571 [0.5222559357954729, 0.4703852248339925, 0.5702727689400273, 0.0, 0.0, 0, 0.0, 0.0, -1] 1
kubernetes/kubernetes 11219 10234 [0.5638460956462837, 0.2895042846099899, 0.19777201951852968, 0.0, 0.0, 0, 0.0, 0.0, 1] 1
kubernetes/kubernetes 35835 35817 [0.5753046333574154, 0.7728485572119291, 0.0, 0.0, 1.0, 1, 1.0, 1.0, 1] 1
kubernetes/kubernetes 45920 45918 [0.38602449511171183, 0.150884542023486, 0.3095409057391975, 0.43618739309468557, 0.29545454545454547, 13, 0.36569808646350105, 0.6209386281588448, -1] 1
kubernetes/kubernetes 16495 16152 [0.44100096152454177, 0.26646862659275977, 0.7932213000657264, 0.7251198637733326, 0.6666666666666666, 6, 0.6855791962174941, 0.8215297450424929, 1] 1
kubernetes/kubernetes 31741 31682 [0.4705759018239885, 0.45231564616393555, 0.0, 0.0, 1.0, 3, 1.0, 1.0, 1] 1
kubernetes/kubernetes 16227 15791 [0.34053353127834757, 0.14564504524389182, 0.13351139955510447, 0.18046043898868733, 0.3333333333333333, 1, 0.20182291666666666, 0.6828193832599119, 0] 1
kubernetes/kubernetes 20141 19706 [0.328807849938075, 0.15312178455974754, 0.0, 0.0, 1.0, 1, 0, 0, 0] 1
kubernetes/kubernetes 35732 34152 [0.44655620779211125, 0.4968579309903978, 0.225593663703396, 0.08425228073815144, 0.5, 2, 0.0, 0.0, 1] 1
kubernetes/kubernetes 19932 19807 [0.6767426871426178, 0.0, 0.596864876091603, 0.8434364466845293, 0.2037037037037037, 11, 0.2551570340085486, 0.960811756473058, 0] 1
kubernetes/kubernetes 8309 8303 [0.39966094553260273, 0.2604567102653998, 0.4372806593110405, 0.4372806593110405, 1.0, 2, 1.0, 1.0, 0] 1
kubernetes/kubernetes 38591 38452 [0.509334152766677, 0.3588051892268993, 0.12649538206339872, 0.12649538206339872, 1.0, 1, 0.28735632183908044, 0.28735632183908044, 0] 1
kubernetes/kubernetes 22163 22131 [0.381599927216432, 0.032727572254626885, 0.0, 0.0, 0.0, 0, 0.0, 0.0, 0] 1
kubernetes/kubernetes 46695 46346 [0.219150346570322, 0.9790210042159337, 0.537016811325261, 0.5423990045648757, 0.5, 1, 0.0, 0.0, 0] 1
kubernetes/kubernetes 34811 34144 [0.22837042450850434, 0.6394175220979156, 0.15414922224306152, 0.25082040806558303, 0.1, 2, 0.03915530136383634, 0.06931464174454828, 1] 1
kubernetes/kubernetes 14098 14083 [0.4126805044831918, 0.2733578878571529, 0.0, 0.0, 1.0, 1, 1.0, 1.0, 0] 1
kubernetes/kubernetes 17169 17167 [0.45164992616328425, 0.10950070110950728, 1.0, 1.0, 1.0, 1, 1.0, 1.0, 0] 1
kubernetes/kubernetes 13894 12717 [0.3557350041544231, -0.005881054038958638, 0.5463008784363103, 0.3782816047533061, 0.3333333333333333, 2, 0.5551839464882943, 0.8383838383838383, -1] 1
kubernetes/kubernetes 5307 5302 [0.6147070136180464, 0.01658772036880053, 0.0, 0.0, 1.0, 1, 1.0, 1.0, 0] 1
kubernetes/kubernetes 46666 45575 [0.7507052044084797, 0.506167442125068, 0.013591739024176855, 0.0, 0.0, 0, 0.0, 0.0, 1] 1
kubernetes/kubernetes 43145 42152 [0.6440622210209273, 0.19635606389070112, 0.0, 0.0, 1.0, 1, 0.7142857142857143, 0.7142857142857143, 0] 1
kubernetes/kubernetes 5298 5293 [0.6646887256092822, 0.39878510353380076, 0.0, 0.0, 1.0, 1, 1.0, 1.0, 0] 1
kubernetes/kubernetes 42202 41745 [0.6103583591601165, 0.5599984261098228, 0.908759009671531, 0.9101182840012534, 0.78125, 25, 0.8539098807839968, 0.8780386453355495, 0] 1
kubernetes/kubernetes 28994 28604 [0.577632653205197, -0.002531723391311412, 0.14864974447544047, 0.0, 0.13333333333333333, 2, 0.04972972972972973, 0.38016528925619836, -1] 1
kubernetes/kubernetes 44500 42007 [0.39121289032556383, 0.7592962260618683, 0.0, 0.0, 0.14285714285714285, 7, 0.0790273556231003, 0.8904109589041096, 0] 1
kubernetes/kubernetes 44934 44908 [0.6271533031182072, 0.1557656987923499, 0.5859638877074894, 0.8854929118487155, 0.3333333333333333, 1, 0.06463878326996197, 0.7083333333333334, 0] 1
kubernetes/kubernetes 4698 4494 [0.5879782137081427, 0.25401418549450366, 0.4973856428939936, 0.4964992758568825, 0.3333333333333333, 1, 0.6183745583038869, 0.8177570093457944, 1] 1
kubernetes/kubernetes 46307 45649 [0.6805608391700493, 0.07189072455521929, 0.7741385991866788, 0.7741385991866788, 1.0, 2, 0.9608938547486033, 0.9608938547486033, 0] 1
kubernetes/kubernetes 41959 41663 [0.6630466343341009, 0.7423204784099117, 0.3040596873138387, 0.3262031880240759, 0.1, 1, 0.12474437627811862, 0.2089041095890411, 0] 1
kubernetes/kubernetes 28414 24299 [0.5677173019400493, 0.7303599853653336, 0.43133764790312024, 0.45585198651698616, 0.3333333333333333, 2, 0.19198312236286919, 0.35, 1] 1
kubernetes/kubernetes 30848 29741 [0.7580442149185106, 0.8007366094701253, 0.8910546822176003, 0.9154110844395565, 0.6666666666666666, 4, 0.9098011363636364, 0.9808575803981623, 1] 1
kubernetes/kubernetes 273 169 [0.6032051968280195, 0.0, 0.18423062363539952, 0.23168480899249527, 0.3333333333333333, 1, 0.3829787234042553, 0.75, 0] 1
kubernetes/kubernetes 22110 20384 [0.4535820553418953, 0.3365212611667813, 0.9988549645156339, 0.9998885987779164, 0.8571428571428571, 24, 0.8716981132075472, 0.99, -1] 1
kubernetes/kubernetes 30654 30476 [0.6937882953790176, 0.7994635292148924, 0.007534962086506403, 0.007534962086506403, 1.0, 1, 0.0, 0.0, 1] 1
kubernetes/kubernetes 15902 15840 [0.6535895736041174, 0.12786084975569437, 0.0, 0.0, 1.0, 1, 0.0, 0.0, 0] 1
kubernetes/kubernetes 45463 45263 [0.7410452347000386, 0.29891001959683916, 0.42122777465842226, 0.0033617036677635096, 0.11764705882352941, 2, 0.18915929203539822, 0.8860103626943006, -1] 1
kubernetes/kubernetes 9575 7227 [0.8651918125352235, 0.6869201294079251, 0.05107552354505758, 0.4566798455824541, 0.8571428571428571, 6, 0.8418803418803419, 1.0, 0] 1
kubernetes/kubernetes 85 82 [0.4458919348508463, 0.0, 0.8390765050170677, 0.8390765050170677, 1.0, 1, 1.0, 1.0, 0] 1
kubernetes/kubernetes 46869 46863 [0.6116095015325937, 0.25844317768245956, 0.0, 0.0, 0.5, 1, 0.6666666666666666, 1.0, 0] 1
kubernetes/kubernetes 18377 18341 [0.5936687285896631, 0.0, 0.0, 0.0, 0.5, 1, 0.0, 0.0, 0] 1
kubernetes/kubernetes 34972 29489 [0.4675848068934079, 0.7562673153858255, 0.28485453703599817, 0.3575892850466028, 0.5, 1, 0.8378378378378378, 0.9029126213592233, 1] 1
kubernetes/kubernetes 37137 35550 [0.8181247915367433, 0.6279118224874567, 0.13159645208271925, 0.0, 0.0, 0, 0.0, 0.0, 1] 1
kubernetes/kubernetes 3274 3270 [0.38027569319510873, 0.10152357057798626, 0.15781835585614024, 0.4441735103879122, 0.38461538461538464, 5, 0.2074235807860262, 0.38934426229508196, 0] 1
kubernetes/kubernetes 28294 28251 [0.5208963942642817, 0.18174471758989671, 0.0, 0.0, 0.5, 1, 0.6078431372549019, 1.0, 1] 1
kubernetes/kubernetes 44909 44462 [0.5389070329096948, 0.21350517543459396, 0.0, 0.0, 0.5, 1, 0.23333333333333334, 1.0, -1] 1
kubernetes/kubernetes 40380 40379 [0.2807740187456347, 0.0, 0.0, 0.0, 1.0, 1, 0.6666666666666666, 0.6666666666666666, 0] 1
kubernetes/kubernetes 12980 12895 [0.6796454771226393, 0.15632671919304378, 0.05271201117946877, 0.030503197477368457, 0.5, 1, 0.0, 0.0, 1] 1
kubernetes/kubernetes 28606 28206 [0.6513100062613842, 0.03727037291643355, 0.28901045976848183, 1.0000000000000002, 0.25, 1, 0.20212765957446807, 0.7307692307692307, 0] 1
kubernetes/kubernetes 43902 43871 [0.7222215724833848, 0.5372379438185009, 0.5902610227820071, 0.5902610227820071, 1.0, 5, 0.7850799289520426, 0.7850799289520426, 0] 1
kubernetes/kubernetes 13800 13680 [0.47558185400526887, 0.1905646443167225, 0.36513603337412376, 0.36513603337412376, 1.0, 2, 0.14225941422594143, 0.14225941422594143, 0] 1
kubernetes/kubernetes 3577 3555 [0.5600960070674398, 0.008019666913369458, 0.0, 0.0, 0.0, 0, 0.0, 0.0, 0] 1
kubernetes/kubernetes 13165 13154 [0.5110808805210283, 0.29013661348528524, 1.0, 1.0, 1.0, 1, 1.0, 1.0, 0] 1
kubernetes/kubernetes 41342 41308 [0.5817765901640357, 0.12352165966521257, 0.24349047909255378, 0.24349047909255378, 1.0, 1, 0.5714285714285714, 0.5714285714285714, 0] 1
kubernetes/kubernetes 47684 47223 [0.34052969013961276, 0.03617056515997663, 0.0, 0.0, 1.0, 1, 1.0, 1.0, 1] 1
kubernetes/kubernetes 19406 19324 [0.7799449140738491, -0.006143293669015675, 0.0, 0.0, 1.0, 5, 0.9090909090909091, 0.9090909090909091, 0] 1
kubernetes/kubernetes 11284 10824 [0.5155894978041654, 0.40696574266625096, 0.0, 0.0, 1.0, 1, 1.0, 1.0, 0] 1
kubernetes/kubernetes 38587 38571 [0.9195484015282206, 0.1700612188584298, 1.0, 1.0, 1.0, 1, 1.0, 1.0, -1] 1
kubernetes/kubernetes 20057 19510 [0.8065359283413565, -0.0006226086909421746, 0.02092177703088459, 0.02092177703088459, 0.9444444444444444, 17, 0.9618722797729644, 0.9620681754537818, 0] 1
kubernetes/kubernetes 44966 44943 [0.5528042040115564, 0.4069139223745627, 1.0, 1.0, 1.0, 1, 1.0, 1.0, 0] 1
kubernetes/kubernetes 36195 36186 [0.7193167513415758, 0.7765252391508625, 0.9537126373327739, 0.9902650952821355, 0.5, 2, 0.9776649746192894, 1.0, 1] 1
kubernetes/kubernetes 34424 32408 [0.7600757139090951, 0.700409290967625, 0.5622522705151178, 0.18218756233030015, 0.125, 1, 0.21245421245421245, 0.7837837837837838, 1] 1
kubernetes/kubernetes 30928 30880 [0.6831850809887577, 0.5503127482885752, 0.9508181412489194, 0.9508181412489194, 0.75, 3, 0.9578947368421052, 1.0, 1] 1
kubernetes/kubernetes 2669 2652 [0.7764776687351668, 0.2711212129570962, 1.0, 1.0, 1.0, 1, 1.0, 1.0, 0] 1
kubernetes/kubernetes 29854 29185 [0.6303183317969221, 0.3645057785662053, 0.0, 0.0, 0.25, 1, 0.4358974358974359, 1.0, 0] 1
kubernetes/kubernetes 21365 21361 [0.5078528320144694, 0.0, 0.13910512913491013, 0.30747250503737783, 0.5, 2, 0.631578947368421, 0.72, 1] 1
kubernetes/kubernetes 35839 35760 [0.8459016279441112, 0.5041694256313554, 0.49140619128042506, 0.5483540212003087, 0.4166666666666667, 10, 0.3231292517006803, 0.3941908713692946, 1] 1
kubernetes/kubernetes 43666 42717 [0.9042040409035493, 0.39945254368302374, 0.9330723585901124, 0.9526002866983243, 0.8529411764705882, 29, 0.7771509167842031, 0.8872785829307569, 0] 1
kubernetes/kubernetes 25995 23473 [0.8322498036275894, 0.1037485240548952, 0.5912419560267753, 0.5860369378606228, 0.3333333333333333, 1, 0.5148514851485149, 0.8813559322033898, 0] 1
kubernetes/kubernetes 6964 6952 [0.8067913675579892, 0.1684955564881768, 0.2589916209367087, 0.0713486105667617, 0.25, 1, 0.0, 0.0, 0] 1
kubernetes/kubernetes 28053 28052 [0.7391820606957411, 0.28740891624731224, 1.0, 1.0, 1.0, 5, 1.0, 1.0, 1] 1
kubernetes/kubernetes 46823 46739 [0.94162452286192, 0.25025179641388845, 0.0, 0.0, 1.0, 8, 0.8586497890295358, 0.8586497890295358, -1] 1
kubernetes/kubernetes 37140 36826 [0.9813901271184252, 0.8197072005586243, 0.027607247732649196, 1.0000000000000002, 0.2, 1, 0.041791044776119404, 1.0, 1] 1
kubernetes/kubernetes 19884 19725 [1.0, 0.9567523858917374, 1.0000000000000002, 1.0000000000000002, 1.0, 1, 1.0, 1.0, 0] 1
kubernetes/kubernetes 44969 43936 [1.0, 0.48481353902009355, 0.7652095846234026, 0.7652095846234026, 1.0, 2, 0.8656429942418427, 0.8656429942418427, 1] 1
kubernetes/kubernetes 43719 42815 [1.0, 0.6060445036818828, 1.0, 1.0, 0.625, 5, 0.962852897473997, 1.0, -1] 1
kubernetes/kubernetes 39634 39632 [0.9946801499037237, 0.9280541601635398, 0.7486532050803043, 0.7486532050803043, 1.0, 3, 0.8837209302325582, 0.8837209302325582, 1] 1
