django/django 8293 9554 [1.0, 1.0, 0.3079019073569482, 1.0, 0.12643678160919541] 1
django/django 9527 9814 [0.7564585093458411, 0.3415736866386259, 0.25, 1.0, 1.0] 1
angular/angular.js 5199 5472 [1.0, 1.0, 0.05421686746987952, 0.5, 0.5079365079365079] 1
angular/angular.js 5774 7436 [0.35036496391857874, 0.0, 0.0, 1.0, 0.0] 1
angular/angular.js 4098 5472 [1.0, 1.0, 0.30448717948717946, 1.0, 0.0] 1
angular/angular.js 12477 12524 [0.20316762959386353, 0.0, 0.11624326404926867, 0.45454545454545453, 0.7923604309500489] 1
angular/angular.js 6716 6692 [0.31553077410798436, 0.0, 0, 1.0, 0.0] 1
angular/angular.js 9555 9529 [1.0, 0.39036341228144134, 0.9708029197080292, 1.0, 0.7446808510638298] 1
angular/angular.js 8684 8233 [0.3476890216716801, 0.08362185124426108, 0.12554112554112554, 1.0, 0.0] 1
angular/angular.js 5580 5089 [1.0, 1.0, 0.13978494623655913, 0.5, 0.0] 1
angular/angular.js 5472 4098 [1.0, 1.0, 0.30448717948717946, 1.0, 0.0] 1
spring-projects/spring-boot 11149 10672 [0.2508599080715429, 0.23912104510224216, 0.36444444444444446, 1.0, 0.7686567164179104] 1
spring-projects/spring-boot 5234 5417 [0.14034174033700664, 0.25978367931610347, 0.4357142857142857, 1.0, 0.7803030303030303] 1
spring-projects/spring-boot 12151 12149 [0.6461128685243135, 0.810302632603232, 0, 1.0, 1.0] 1
spring-projects/spring-boot 4607 4502 [0.017813220124011653, 0.0, 1.0, 1.0, 0.6666666666666666] 1
rails/rails 32031 32267 [0.024805811543104263, 0.08576884763763015, 1.0, 0.9285714285714286, 0.9519572953736655] 1
rails/rails 31621 32256 [0.8210792488088362, 0.0019025779741625448, 0.0, 0.3333333333333333, 0.5] 1
rails/rails 8308 11851 [1.0, 1.0, 0.5074850299401198, 0.6666666666666666, 0.9612403100775194] 1
BVLC/caffe 4021 3731 [0.12696261954872903, 0.1313393840029531, 0.0728476821192053, 0.5, 0.42592592592592593] 1
BVLC/caffe 6029 5869 [0.17736333916451477, 0.3532391839572802, 1.0, 1.0, 1.0] 1
BVLC/caffe 4397 3954 [0.6563612126063414, 0.26364256951707493, 0.17647058823529413, 1.0, 1.0] 1
BVLC/caffe 2363 1479 [0.7385742689953447, 0.20089208908273315, 0.5434782608695652, 1.0, 0.0] 1
MarlinFirmware/Marlin 3538 3542 [0.3768297081203307, 0.0, 0.0, 1.0, 1.0] 1
apache/spark 14111 14548 [0.0, 0.0, 0.2338269680436477, 0.2, 0.6024096385542169] 1
apache/spark 1886 1944 [0.01777239951360305, 0.0, 0.7222222222222222, 0.75, 0.47904191616766467] 1
apache/spark 1864 1825 [1.0, 1.0, 0.6976744186046512, 0.8, 0.9613899613899614] 1
apache/spark 7097 6827 [1.0, 1.0, 0.26304347826086955, 1.0, 0.7299270072992701] 1
hakimel/reveal.js 1739 1774 [1.0, 1.0, 0.6666666666666666, 0.3333333333333333, 0.46153846153846156] 1
adobe/brackets 13846 13842 [0.61527970574871, 0.9667934905999392, 0.9205983889528193, 0.8, 0.9841269841269841] 1
airbnb/javascript 310 298 [0.48855980240694824, 0.016795928694835312, 1.0, 1.0, 1.0] 1
ariya/phantomjs 13493 13471 [0.0, 0.0, 0.3333333333333333, 1.0, 0.5] 1
Homebrew/homebrew-core 1183 1123 [0.5013087623793216, 1.0000000000000002, 0.8631578947368421, 1.0, 0.9772727272727273] 1
opencv/opencv 11166 11033 [0.38358102184560466, 0.27469062171222697, 1.0, 1.0, 1.0] 1
opencv/opencv 11166 11033 [0.38358102184560466, 0.27469062171222697, 1.0, 1.0, 1.0] 1
Homebrew/homebrew 12807 12612 [0.656019083941212, 0.13880565091354158, 0.0889487870619946, 1.0, 1.0] 1
docker/docker 17253 16898 [0.5796152940259934, 0.030432316805770826, 1.0, 1.0, 1.0] 1
scikit-learn/scikit-learn 2736 2079 [0.0, 0.0, 0.24170616113744076, 0.2222222222222222, 0.58984375] 1
scikit-learn/scikit-learn 4294 3340 [1.0, 1.0, 0.02333506886921948, 0.18518518518518517, 0.020555316401205337] 1
scikit-learn/scikit-learn 10365 10367 [1.0, 1.0, 0.08064516129032258, 0.5, 0.640625] 1
scikit-learn/scikit-learn 10365 10363 [1.0, 1.0, 0.3333333333333333, 1.0, 1.0] 1
pytorch/vision 492 493 [1.0, 0.17385720303719235, 0.3836967808930426, 0.5, 0.9810344827586207] 1
