facebook/react 9098 8745 0.6326171668265791
facebook/react 4344 4220 0.9999949898854925
facebook/react 12914 11620 0.9398542963252493
facebook/react 12770 12311 0.9840283452793985
facebook/react 12621 6673 0.9999999513213631
facebook/react 12770 12311 0.6249597134865014
facebook/react 12621 6673 0.7210840504439698
facebook/react 12600 11872 0.5948839579980979
facebook/react 12488 6673 0.7210840504439698
facebook/react 11749 7725 0.601653979427971
facebook/react 11638 11371 0.7362730485543624
facebook/react 11489 11186 0.7362730485543624
facebook/react 10825 10761 0.658749255147072
facebook/react 10787 9730 0.619929558689561
facebook/react 10255 6673 0.7055670472070317
facebook/react 10115 6928 0.5921900701089344
facebook/react 12770 12311 0.6249597134865015
facebook/react 12621 6673 0.7210840504439698
facebook/react 12600 11872 0.594883957998098
facebook/react 12488 6673 0.7210840504439698
facebook/react 11749 7725 0.6016539794279712
facebook/react 11638 11371 0.7362730485543623
facebook/react 11489 11186 0.7362730485543623
facebook/react 10825 10761 0.658749255147072
facebook/react 10787 9730 0.619929558689561
facebook/react 10255 6673 0.7055670472070317
facebook/react 10115 6928 0.5921900701089345
facebook/react 9225 9221 0.5914403355245527
facebook/react 9140 3974 0.6629183359034152
facebook/react 9050 7993 0.6944737760284945
facebook/react 8590 8417 0.6351595806225362
facebook/react 8522 6361 0.6538720710632552
facebook/react 8464 5988 0.6075596923651352
facebook/react 8462 8227 0.6704033438531978
facebook/react 7870 5512 0.7339324073528216
facebook/react 7571 7436 0.595534435878465
facebook/react 7090 1963 0.605983453530668
facebook/react 6287 5264 0.6530841264647635
facebook/react 5028 4828 0.7171462765282256
facebook/react 3969 3807 0.6016539794279712
facebook/react 3427 877 0.62848962910966
facebook/react 3003 2904 0.6041469479550857
facebook/react 2084 2065 0.6530841264647635
facebook/react 1702 1548 0.7362730485543623
facebook/react 1664 1026 0.6002370506831599
facebook/react 338 320 0.594883957998098
facebook/react 13231 12944 0.6258606879354722
facebook/react 12780 12722 0.7060477300520799
facebook/react 12621 6673 0.6328426228320702
facebook/react 12488 6673 0.6328426228320702
facebook/react 11638 11371 0.643193576304235
facebook/react 11489 11186 0.643193576304235
facebook/react 10825 10761 0.59462189989223
facebook/react 10255 6673 0.6184892701050954
facebook/react 9140 3974 0.5918041719424927
facebook/react 9050 7993 0.6213646580148916
facebook/react 8462 8227 0.5980791897014762
facebook/react 7870 5512 0.6386939216068483
facebook/react 5028 4828 0.6198739053705669
facebook/react 4344 4220 0.6427984077835949
facebook/react 1702 1548 0.643193576304235
facebook/react 12780 12722 0.6102748568884758
facebook/react 12621 6673 0.592782166706598
facebook/react 12488 6673 0.6011140136781471
facebook/react 11638 11371 0.6348688660092651
facebook/react 11489 11186 0.6099217870828751
facebook/react 10255 6673 0.592782166706598
facebook/react 4344 4220 0.6144334920793626
facebook/react 1702 1548 0.6029130227943806
facebook/react 12778 12890 0.6036385178029512
facebook/react 12621 6673 0.592782166706599
facebook/react 12488 6673 0.6011140136781475
facebook/react 11638 11371 0.634868866009265
facebook/react 11489 11186 0.6099217870828754
facebook/react 10255 6673 0.592782166706599
facebook/react 4344 4220 0.614433492079362
facebook/react 1702 1548 0.6029130227943807
facebook/react 10207 10201 0.5973409573789628
facebook/react 7854 6099 0.5940284395369706
facebook/react 3098 3028 0.5907957473117128
facebook/react 2553 2526 0.6314874038599516
facebook/react 2443 2422 0.626431645418806
dotnet/corefx 30124 11070 0.9178832650004972
dotnet/corefx 29971 2531 0.8916560765252947
dotnet/corefx 29480 9557 0.9912063428707026
dotnet/corefx 29411 3029 0.863669171969291
dotnet/corefx 29337 2916 0.9785945167082843
dotnet/corefx 29259 18729 0.9959551304040397
dotnet/corefx 29097 28426 0.8576262689573705
dotnet/corefx 28955 26029 0.8390569938162533
dotnet/corefx 28237 2362 0.9505848624746422
dotnet/corefx 28071 5533 0.8634083735604476
dotnet/corefx 27928 772 0.7129033338814567
dotnet/corefx 27715 772 0.7129033338814567
dotnet/corefx 27551 27428 0.983076395130565
dotnet/corefx 27341 27315 0.8293495347366092
dotnet/corefx 27340 24247 0.8472304688670559
dotnet/corefx 26763 25511 0.5912612318547541
dotnet/corefx 26467 16222 0.9640014246357684
dotnet/corefx 25559 19988 0.9965229233307403
dotnet/corefx 25455 18729 0.9999928985475587
dotnet/corefx 25265 16015 0.9999978796397934
dotnet/corefx 25131 17736 0.979177374176662
dotnet/corefx 24972 23625 0.7125587829177032
dotnet/corefx 24781 5678 0.7916419428315561
dotnet/corefx 24437 10758 0.6250314498344686
dotnet/corefx 24352 5491 0.9039302233120385
dotnet/corefx 24295 5505 0.983360673364074
dotnet/corefx 22505 459 0.6904696667955214
dotnet/corefx 21762 5588 0.6454253853433917
dotnet/corefx 21740 13747 0.8854024034371891
dotnet/corefx 20931 8282 0.9147580462867747
dotnet/corefx 20337 3597 0.7263788222348744
dotnet/corefx 19445 17406 0.9852518187962263
dotnet/corefx 19404 6919 0.8947454930680733
dotnet/corefx 19292 6554 0.6192389990337319
dotnet/corefx 19184 12499 0.9906267286709106
dotnet/corefx 19132 5664 0.6594351547283657
dotnet/corefx 18725 14655 0.8490145406740688
dotnet/corefx 18492 12178 0.9054771336683298
dotnet/corefx 18441 16894 0.9656396971374519
dotnet/corefx 18251 17406 0.6863417283961336
dotnet/corefx 17215 4113 0.6745537494387362
dotnet/corefx 17155 12499 0.911168705999723
dotnet/corefx 16927 749 0.8337428911460659
dotnet/corefx 16828 12499 0.9817030793320437
dotnet/corefx 16548 6219 0.8470973334253018
dotnet/corefx 16494 12499 0.9895482275088053
dotnet/corefx 16339 12499 0.7394664451777961
dotnet/corefx 15645 12374 0.8419072538175213
dotnet/corefx 15641 14872 0.6112115902406908
dotnet/corefx 15601 12499 0.8980223124344887
dotnet/corefx 15369 9310 0.687308769180428
dotnet/corefx 15338 7131 0.7360831157424481
dotnet/corefx 15241 12931 0.8905222040583202
dotnet/corefx 15212 12374 0.8312251308228018
dotnet/corefx 14877 6611 0.8246262623695251
dotnet/corefx 14769 7321 0.8324875256060483
dotnet/corefx 14692 13287 0.9409198300155955
dotnet/corefx 14472 12499 0.9938189388754717
dotnet/corefx 14353 12931 0.9999985137302596
dotnet/corefx 14315 6197 0.960888801352861
dotnet/corefx 14240 9684 0.7303842232956381
dotnet/corefx 13631 2220 0.9517474025667203
dotnet/corefx 13581 10136 0.9589011684800481
dotnet/corefx 13088 12931 0.9884759388228174
dotnet/corefx 13011 12499 0.9578283519806025
dotnet/corefx 12237 11895 0.5945777822098205
dotnet/corefx 12159 2916 0.756482616855714
dotnet/corefx 12106 12101 0.7690864268489902
dotnet/corefx 11984 8409 0.8041960914270021
dotnet/corefx 11626 9310 0.7167698032871224
dotnet/corefx 11363 1343 0.9360044047168921
dotnet/corefx 10926 6563 0.9512286217313388
dotnet/corefx 10639 9310 0.9530437014311501
dotnet/corefx 10635 8794 0.8218605882524938
dotnet/corefx 10601 10596 0.7565046275973726
dotnet/corefx 10436 6919 0.9999998805219958
dotnet/corefx 10249 8794 0.8290787122091409
dotnet/corefx 10190 6212 0.5968535654859176
dotnet/corefx 9819 9310 0.9670445532564971
dotnet/corefx 9663 9310 0.9577998367728804
dotnet/corefx 9454 9112 0.9999991929391288
dotnet/corefx 9363 9112 0.9999984106764965
dotnet/corefx 9176 7321 0.9999967430766965
dotnet/corefx 8900 7132 0.9850077679898062
dotnet/corefx 8878 7321 0.983057073626668
dotnet/corefx 8842 7321 0.981232378574405
dotnet/corefx 8676 6789 0.8299002695990965
dotnet/corefx 8521 7469 0.9587271059554315
dotnet/corefx 7974 7526 0.9674475030914875
dotnet/corefx 7710 502 0.9721634420255545
dotnet/corefx 7651 6335 0.9244235217248333
dotnet/corefx 7510 6914 0.9963437916992433
dotnet/corefx 7502 7321 0.9999980493968093
dotnet/corefx 6093 6057 0.9829890815024569
dotnet/corefx 6012 5918 0.6231473680539277
dotnet/corefx 5362 5361 0.6531134646702536
dotnet/corefx 5319 472 0.8917566902117875
dotnet/corefx 4815 1433 0.8664440390251283
dotnet/corefx 4763 355 0.9545354986236674
dotnet/corefx 3807 3329 0.976723886107991
dotnet/corefx 3368 749 0.995198918241102
dotnet/corefx 3017 81 0.9498090902950032
dotnet/corefx 2900 1204 0.9548739624674047
dotnet/corefx 2147 1552 0.9381498992889259
dotnet/corefx 1912 1552 0.8242654728159168
dotnet/corefx 1857 1470 0.7595685715371417
dotnet/corefx 1769 1396 0.5903942110253977
dotnet/corefx 1552 1242 0.8229322423981249
dotnet/corefx 1431 1113 0.6307468466426362
dotnet/corefx 1172 558 0.8492712844419668
dotnet/corefx 1047 946 0.8541095365755025
dotnet/corefx 30376 18529 0.9416865917280551
dotnet/corefx 28026 27932 0.5995630018691729
dotnet/corefx 22154 20705 0.610309782745636
dotnet/corefx 21858 20705 0.590795747311713
dotnet/corefx 21514 21010 0.6141563805445469
dotnet/corefx 21412 19866 0.604505188578846
dotnet/corefx 13514 12499 0.6001130030104256
dotnet/corefx 10077 9557 0.590795747311713
dotnet/corefx 5197 5075 0.5973510747601458
dotnet/corefx 28284 28272 0.6205832133026323
dotnet/corefx 21183 21010 0.6141563805445462
dotnet/corefx 20471 20371 0.5907957473117126
dotnet/corefx 11185 10972 0.6010170282162612
dotnet/corefx 28284 28272 0.6205832133026321
dotnet/corefx 23813 16015 0.6141563805445465
dotnet/corefx 23158 15812 0.6125478897268952
dotnet/corefx 22817 16015 0.6141563805445465
dotnet/corefx 22306 20607 0.6103097827456359
dotnet/corefx 22154 20705 0.6103097827456359
dotnet/corefx 21514 20705 0.6059011296416712
dotnet/corefx 21412 19866 0.6045051885788458
dotnet/corefx 21183 19966 0.6016330017229855
dotnet/corefx 13514 12499 0.6001130030104254
dotnet/corefx 28284 28272 0.6205832133026316
dotnet/corefx 25953 18729 0.590795747311714
dotnet/corefx 24506 18688 0.590795747311714
dotnet/corefx 23955 21446 0.5909502686965092
dotnet/corefx 23813 16015 0.6141563805445476
dotnet/corefx 23158 15812 0.6125478897268962
dotnet/corefx 23094 18688 0.590795747311714
dotnet/corefx 23075 17358 0.590795747311714
dotnet/corefx 22961 15812 0.6125478897268962
dotnet/corefx 22817 16015 0.6141563805445476
dotnet/corefx 22757 20705 0.590795747311714
dotnet/corefx 22514 20705 0.590795747311714
dotnet/corefx 22306 20607 0.6103097827456369
dotnet/corefx 22240 16015 0.6141563805445476
dotnet/corefx 22154 20705 0.6103097827456369
dotnet/corefx 22009 20607 0.6103097827456369
dotnet/corefx 21860 16015 0.6141563805445476
dotnet/corefx 21844 18688 0.590795747311714
dotnet/corefx 21641 18688 0.590795747311714
dotnet/corefx 21514 21010 0.6141563805445476
dotnet/corefx 21412 19866 0.6045051885788462
dotnet/corefx 21183 21010 0.6141563805445476
dotnet/corefx 20371 20012 0.590795747311714
dotnet/corefx 18536 18484 0.6189003386900434
dotnet/corefx 16838 16797 0.6059481157396516
dotnet/corefx 14667 14549 0.6637372809072942
dotnet/corefx 13533 13273 0.5943170929241892
dotnet/corefx 13514 12499 0.6001130030104265
dotnet/corefx 12571 9452 0.590795747311714
dotnet/corefx 11914 10996 0.590795747311714
dotnet/corefx 9334 9312 0.6010170282162626
dotnet/corefx 6975 6974 0.5909170088268509
dotnet/corefx 1219 1217 0.615469858289143
docker/docker 29988 16970 0.6002826338275717
docker/docker 17888 17632 0.595433025585984
docker/docker 9030 7946 0.5950541470280911
docker/docker 6525 5492 0.5976431016447448
docker/docker 34913 32947 0.6007434926379028
docker/docker 28757 28275 0.5910974367987241
docker/docker 26936 21197 0.5921013403036736
docker/docker 18714 16869 0.6021100811533469
docker/docker 15185 14966 0.6009633684630712
docker/docker 14312 14177 0.6015844187015544
docker/docker 11873 11713 0.5907957473117131
docker/docker 7550 7301 0.6085844800005751
docker/docker 4985 2906 0.5907957473117131
docker/docker 1488 999 0.6015844187015544
docker/docker 31811 3080 0.603638517802952
docker/docker 23283 23274 0.6079513929436059
docker/docker 21591 21498 0.6097099606378582
docker/docker 13438 9724 0.5907957473117136
docker/docker 6590 6314 0.5920979781986484
docker/docker 6412 6358 0.6014591610068752
ceph/ceph 20413 20384 0.5999576562877051
ceph/ceph 7497 7356 0.6060600520008645
ceph/ceph 4069 3561 0.5993517296256791
ceph/ceph 19838 19764 0.6471593145269178
ceph/ceph 17999 17801 0.6518650705518569
ceph/ceph 14717 14211 0.5930332489629045
ceph/ceph 13818 13550 0.624998526693807
ceph/ceph 2587 1644 0.5948575276832558
ceph/ceph 1589 1517 0.6328690590106684
joomla/joomla-cms 18137 18134 0.5909521038278173
joomla/joomla-cms 3432 3093 0.5945760147172405
joomla/joomla-cms 3262 1449 0.6328690590106688
joomla/joomla-cms 1469 1092 0.6259272426933383
joomla/joomla-cms 18167 18166 0.5978069218346291
joomla/joomla-cms 20424 19603 0.6359654251128485
joomla/joomla-cms 18564 18123 0.6136392314517684
joomla/joomla-cms 18075 18060 0.6001725344742738
joomla/joomla-cms 13099 843 0.6071904898269286
joomla/joomla-cms 12289 11339 0.6518650705518567
joomla/joomla-cms 11978 2782 0.6303874683370357
joomla/joomla-cms 11184 8563 0.59457601471724
joomla/joomla-cms 8768 8350 0.5916458521390234
joomla/joomla-cms 6219 4761 0.6659906261040314
joomla/joomla-cms 5967 4231 0.6053189846245267
joomla/joomla-cms 4906 136 0.5966874450755661
joomla/joomla-cms 3534 1500 0.6247695621224953
joomla/joomla-cms 1676 1024 0.599596249937698
joomla/joomla-cms 872 780 0.6053189846245267
joomla/joomla-cms 682 517 0.6637372809072938
joomla/joomla-cms 681 679 0.595402532619624
hashicorp/terraform 11812 4736 0.6398478818648318
hashicorp/terraform 8990 8806 0.6679378465933031
hashicorp/terraform 8671 5304 0.5953147497957076
hashicorp/terraform 4899 4704 0.60467829991046
hashicorp/terraform 295 164 0.655585210217245
emberjs/ember.js 13365 12737 0.5945760147172388
emberjs/ember.js 11155 10983 0.6013366849962042
emberjs/ember.js 11146 10983 0.5957186433181203
emberjs/ember.js 10444 10351 0.5907957473117126
emberjs/ember.js 1710 1653 0.5966874450755644
emberjs/ember.js 1235 480 0.6122342401955181
emberjs/ember.js 15345 15288 0.6518650705518576
emberjs/ember.js 13226 13204 0.5966874450755671
emberjs/ember.js 12916 243 0.59051806872351
emberjs/ember.js 12587 12551 0.6015844187015549
emberjs/ember.js 11675 11634 0.6039626390202768
emberjs/ember.js 11591 11581 0.6146306041254257
emberjs/ember.js 11583 11578 0.5956328880145375
emberjs/ember.js 11191 5076 0.590795747311713
emberjs/ember.js 11120 11119 0.6222187129522443
emberjs/ember.js 5437 5370 0.6249982928306861
emberjs/ember.js 4901 4869 0.6005020328739351
emberjs/ember.js 4229 1456 0.590795747311713
emberjs/ember.js 2503 1849 0.6056059064931969
emberjs/ember.js 682 325 0.6138634004067003
emberjs/ember.js 413 365 0.5907577281055497
django/django 9565 9386 0.5974857015834497
django/django 9273 8497 0.5907957473117127
django/django 6823 6753 0.6141563805445464
django/django 6605 4105 0.5993691323633247
django/django 6558 4492 0.6100157364873737
django/django 6426 6085 0.5948119866229608
django/django 5662 2585 0.6786472988700358
django/django 5605 1477 0.5911486298501124
django/django 3909 3694 0.6144130273945413
django/django 3818 1688 0.5961868169890221
django/django 3084 3032 0.5955755532163053
django/django 8974 8332 0.6484294084417966
django/django 8208 5814 0.5954116458184667
django/django 6713 4872 0.5925474742696337
django/django 5238 1574 0.6067801916953018
django/django 5162 4749 0.5929621498533968
django/django 4655 4651 0.6181791202939062
django/django 3995 1023 0.5938912814543342
cocos2d/cocos2d-x 16266 10915 0.5907957473117131
cocos2d/cocos2d-x 15772 10915 0.5907957473117131
cocos2d/cocos2d-x 14118 9247 0.5907957473117131
cocos2d/cocos2d-x 13778 12071 0.6140082744041931
cocos2d/cocos2d-x 13629 9247 0.5907957473117131
cocos2d/cocos2d-x 12149 12139 0.6014334227785566
cocos2d/cocos2d-x 9178 8596 0.5907957473117131
cocos2d/cocos2d-x 16238 16232 0.6736651037565522
cocos2d/cocos2d-x 15958 9247 0.5907957473117129
cocos2d/cocos2d-x 11205 11202 0.5923908000812707
cocos2d/cocos2d-x 11065 9247 0.5907957473117129
cocos2d/cocos2d-x 9148 5684 0.5907957473117129
cocos2d/cocos2d-x 4969 4942 0.5907957473117129
cocos2d/cocos2d-x 3502 3463 0.5961868169890221
elastic/elasticsearch 28249 26188 0.5912795749317427
elastic/elasticsearch 27744 27600 0.6097099606378579
elastic/elasticsearch 26479 19594 0.5969613529986224
elastic/elasticsearch 25397 22579 0.5929621498533973
elastic/elasticsearch 24474 22641 0.6312157083956036
elastic/elasticsearch 22935 22930 0.6008204724672633
elastic/elasticsearch 13405 13402 0.6071819829062257
elastic/elasticsearch 11661 11658 0.6328690590106686
elastic/elasticsearch 4905 2901 0.6014591610068745
rails/rails 31803 31741 0.6056287453510697
rails/rails 25514 25513 0.6679378465933044
rails/rails 23056 12988 0.6178479620540093
rails/rails 22137 13605 0.6736651037565524
rails/rails 21632 21490 0.609921787082875
rails/rails 19641 19421 0.628543947677252
rails/rails 14067 11183 0.592159030249827
rails/rails 8288 7075 0.609921787082875
rails/rails 4056 3936 0.6089398612367396
rails/rails 4047 4043 0.6211677096622499
rails/rails 22427 21598 0.5957457377603114
rails/rails 19105 16935 0.6348934452970674
rails/rails 17200 14146 0.6070894692579722
rails/rails 13772 354 0.6081447594411765
angular/angular.js 16386 6090 0.5907957473117122
angular/angular.js 16335 15412 0.6407375948197742
angular/angular.js 15431 4936 0.5907957473117122
angular/angular.js 10437 10427 0.6008938747663259
angular/angular.js 8516 8512 0.5978069218346294
angular/angular.js 8426 5933 0.6044359483923979
angular/angular.js 8108 7902 0.5964183717624524
angular/angular.js 6809 6789 0.5907957473117122
angular/angular.js 16527 9844 0.5907957473117126
angular/angular.js 15983 15971 0.5921590302498263
angular/angular.js 14755 9844 0.5907957473117126
angular/angular.js 14439 13711 0.5902327463567967
angular/angular.js 14220 12957 0.600080591361213
angular/angular.js 13226 2896 0.5907957473117126
angular/angular.js 12052 11584 0.5907957473117126
angular/angular.js 11758 2179 0.5907957473117126
angular/angular.js 11285 9741 0.5907957473117126
angular/angular.js 10842 9601 0.5907957473117126
angular/angular.js 10684 7191 0.5955755532163057
angular/angular.js 10136 9865 0.6004838158442903
angular/angular.js 10130 1691 0.5907957473117126
angular/angular.js 9712 2896 0.5932747836201183
angular/angular.js 8926 1653 0.6029130227943802
angular/angular.js 8781 7685 0.602014593885161
angular/angular.js 8096 7944 0.5907957473117126
angular/angular.js 7915 5798 0.5916703888422077
angular/angular.js 7352 7333 0.6637372809072936
angular/angular.js 6790 5187 0.5907957473117126
angular/angular.js 6299 5560 0.5981219983411228
angular/angular.js 6166 3863 0.622395797939952
angular/angular.js 5915 3115 0.5909045489732889
angular/angular.js 5831 5722 0.6518650705518566
angular/angular.js 5774 5540 0.5907957473117126
angular/angular.js 5327 5230 0.6121810053145615
angular/angular.js 4797 4788 0.6079151013447109
angular/angular.js 4658 4615 0.5907957473117126
angular/angular.js 4220 2422 0.5913285609062606
angular/angular.js 3086 2293 0.5977931402400191
angular/angular.js 2545 2169 0.5948323317492806
ansible/ansible 41863 40689 0.5994434104422066
ansible/ansible 40839 15481 0.5929399992623571
ansible/ansible 34019 30757 0.6117631581756368
ansible/ansible 32654 31320 0.5900201209360435
ansible/ansible 32592 32421 0.6055868623586228
ansible/ansible 26998 25623 0.6099217870828743
ansible/ansible 26984 26967 0.6083069018864464
ansible/ansible 19938 19866 0.5925431235038165
ansible/ansible 19140 18706 0.5973510747601458
ansible/ansible 16841 16824 0.592851401754266
ansible/ansible 16672 14049 0.5990275171738902
ansible/ansible 13550 13178 0.6140082744041928
