angular/angular.js 15621 15620 0.6736651037565532
angular/angular.js 14252 14229 0.6063975415100643
angular/angular.js 14252 14228 0.6054977053408016
angular/angular.js 13349 13347 0.6614350993667331
angular/angular.js 12019 12018 0.6518650705518574
angular/angular.js 12019 12017 0.6518650705518574
angular/angular.js 9493 3391 0.5906095148636185
angular/angular.js 9315 9037 0.5930332489629051
angular/angular.js 7584 7583 0.6015844187015552
angular/angular.js 4768 4767 0.6614350993667331
angular/angular.js 4768 4766 0.6614350993667331
angular/angular.js 3715 3690 0.6554361717636208
angular/angular.js 3333 3327 0.5907957473117136
angular/angular.js 12577 12576 0.6518650705518574
angular/angular.js 12577 12575 0.6518650705518574
angular/angular.js 15459 15456 0.6332951648914843
angular/angular.js 15362 15361 0.6518650705518574
angular/angular.js 15251 15246 0.6379803592790049
angular/angular.js 15251 15228 0.6379803592790049
angular/angular.js 14996 14870 0.5948107064882474
angular/angular.js 14031 14023 0.6063221783968313
angular/angular.js 13693 13551 0.6195703422308576
angular/angular.js 11881 11880 0.6518650705518574
angular/angular.js 10857 9534 0.605423899623451
angular/angular.js 10187 10184 0.6052259231187892
angular/angular.js 9800 9799 0.6015844187015552
angular/angular.js 9461 9371 0.6731445916498543
angular/angular.js 9183 9157 0.5909155551821582
angular/angular.js 8541 7369 0.6154698582891432
angular/angular.js 8073 8070 0.6348688660092648
angular/angular.js 7530 7499 0.6372755679461097
angular/angular.js 7530 7387 0.6637372809072947
angular/angular.js 6790 6789 0.5907957473117136
angular/angular.js 6166 3738 0.596687445075567
angular/angular.js 4915 4911 0.5995630018691736
angular/angular.js 4708 4707 0.6518650705518574
angular/angular.js 4253 4248 0.6015844187015552
angular/angular.js 3898 2932 0.6029130227943807
angular/angular.js 2567 2560 0.6518650705518574
angular/angular.js 2567 2486 0.6518650705518574
angular/angular.js 2545 2359 0.6114196661270448
angular/angular.js 1684 1683 0.6614350993667331
angular/angular.js 1684 1604 0.6556029325862739
angular/angular.js 1684 1082 0.6614350993667331
angular/angular.js 618 606 0.5993148484179514
angular/angular.js 11012 11011 0.6614350993667331
angular/angular.js 11012 11009 0.6614350993667331
ansible/ansible 42213 42210 0.6736651037565532
ansible/ansible 42143 42142 0.6651632625641869
ansible/ansible 42143 42141 0.6651632625641869
ansible/ansible 41863 40734 0.6136392314517695
ansible/ansible 41018 41017 0.672172270421293
