angular/angular.js 15621 15620 0.6736651037565523
angular/angular.js 12019 12018 0.651865070551857
angular/angular.js 12019 12017 0.651865070551857
angular/angular.js 9493 3391 0.590609514863619
angular/angular.js 9315 9037 0.5930332489629052
angular/angular.js 7584 7583 0.6015844187015545
angular/angular.js 4768 4767 0.6614350993667333
angular/angular.js 4768 4766 0.6614350993667333
angular/angular.js 3715 3690 0.6554361717636222
angular/angular.js 3333 3327 0.5907957473117129
angular/angular.js 12577 12576 0.651865070551857
angular/angular.js 12577 12575 0.651865070551857
angular/angular.js 15459 15456 0.6332951648914847
angular/angular.js 15362 15361 0.651865070551857
angular/angular.js 14996 14870 0.594810706488247
angular/angular.js 14031 14023 0.6063221783968314
angular/angular.js 13693 13551 0.6195703422308566
angular/angular.js 11881 11880 0.651865070551857
angular/angular.js 10857 9534 0.6054238996234512
angular/angular.js 9800 9799 0.6015844187015545
angular/angular.js 9183 9157 0.5909155551821567
angular/angular.js 8541 7369 0.6154698582891427
angular/angular.js 8073 8070 0.6348688660092652
angular/angular.js 7530 7499 0.6372755679461101
angular/angular.js 7530 7387 0.663737280907294
angular/angular.js 6790 6789 0.5907957473117129
angular/angular.js 6166 3738 0.5966874450755665
angular/angular.js 4915 4911 0.5995630018691731
angular/angular.js 4708 4707 0.651865070551857
angular/angular.js 4253 4248 0.6015844187015545
angular/angular.js 3898 2932 0.6029130227943806
angular/angular.js 2567 2560 0.651865070551857
angular/angular.js 2567 2486 0.651865070551857
angular/angular.js 2545 2359 0.6114196661270452
angular/angular.js 1684 1683 0.6614350993667333
angular/angular.js 1684 1604 0.6556029325862741
angular/angular.js 1684 1082 0.6614350993667333
angular/angular.js 618 606 0.5993148484179511
angular/angular.js 11012 11011 0.6614350993667333
angular/angular.js 11012 11009 0.6614350993667333
ansible/ansible 42213 42210 0.6736651037565523
ansible/ansible 42143 42142 0.6651632625641873
ansible/ansible 42143 42141 0.6651632625641873
ansible/ansible 41863 40734 0.6136392314517686
ansible/ansible 41018 41017 0.6721722704212921
ansible/ansible 38225 38224 0.6023028275651872
ansible/ansible 37154 37153 0.6063221783968314
ansible/ansible 36526 36525 0.6139111987406956
ansible/ansible 35158 34601 0.6024253015820749
ansible/ansible 34850 34521 0.5992555250166555
ansible/ansible 34850 34394 0.5953940669518545
ansible/ansible 34601 34180 0.5989376561810859
ansible/ansible 33427 33425 0.5927773511934936
ansible/ansible 28901 28739 0.5907416489592753
ansible/ansible 28448 26466 0.5983456304190458
ansible/ansible 26998 26994 0.651865070551857
ansible/ansible 26998 26991 0.651865070551857
ansible/ansible 26998 26987 0.651865070551857
ansible/ansible 26998 26986 0.651865070551857
ansible/ansible 26998 26984 0.651865070551857
ansible/ansible 26998 26983 0.6029130227943806
ansible/ansible 26998 26980 0.6029130227943806
ansible/ansible 26998 26975 0.6029130227943806
ansible/ansible 26998 26970 0.6029130227943806
ansible/ansible 26998 26969 0.6029130227943806
ansible/ansible 26984 26983 0.6029130227943806
ansible/ansible 26984 26980 0.6029130227943806
ansible/ansible 26984 26975 0.6029130227943806
ansible/ansible 26984 26970 0.6029130227943806
ansible/ansible 26984 26969 0.6029130227943806
ansible/ansible 26786 26783 0.6620102514123324
ansible/ansible 26786 26780 0.6283720455151788
ansible/ansible 26786 26779 0.6273908972812081
ansible/ansible 26786 26746 0.6283720455151788
ansible/ansible 26786 26734 0.6002829194003292
ansible/ansible 26538 26536 0.5927773511934936
ansible/ansible 26145 26119 0.6033209709697352
ansible/ansible 19209 18837 0.6015844187015545
ansible/ansible 16987 16890 0.6125734745412992
ansible/ansible 16634 16608 0.5954330255859828
ansible/ansible 16634 16404 0.6312917444497458
ansible/ansible 16634 16371 0.6328690590106684
ansible/ansible 16515 16514 0.6736651037565523
ansible/ansible 9808 9641 0.6199726331628813
ansible/ansible 9099 9075 0.6296062180714284
ansible/ansible 6251 6250 0.651865070551857
ansible/ansible 4294 3924 0.651865070551857
ansible/ansible 42817 42816 0.6063221783968314
ansible/ansible 42817 42815 0.6023028275651872
ansible/ansible 42817 42813 0.6023028275651872
ansible/ansible 42817 42812 0.6023028275651872
ansible/ansible 42817 42809 0.6023028275651872
ansible/ansible 42817 42807 0.6023028275651872
ansible/ansible 42817 42805 0.6023028275651872
ansible/ansible 42817 42804 0.595804887098098
ansible/ansible 42817 42802 0.6023028275651872
ansible/ansible 42817 42800 0.5978107150177867
ansible/ansible 42817 42799 0.5918969078058067
ansible/ansible 42813 42812 0.6484294084417968
ansible/ansible 42813 42811 0.6063221783968314
ansible/ansible 42813 42810 0.5978107150177867
ansible/ansible 42813 42809 0.6063221783968314
ansible/ansible 42813 42808 0.595804887098098
ansible/ansible 42813 42807 0.6063221783968314
ansible/ansible 42813 42806 0.6023028275651872
ansible/ansible 42813 42804 0.6063221783968314
ansible/ansible 42813 42798 0.5903360173087471
ansible/ansible 42813 42797 0.595804887098098
ansible/ansible 42813 42704 0.6060679195562739
ansible/ansible 38121 35385 0.6736651037565523
ansible/ansible 38121 30711 0.6736651037565523
ceph/ceph 22288 22275 0.6736651037565523
