angular/angular.js 16560 : [(16251, 0.9918736332199439), (12777, 0.9850814635090911), (15601, 0.9832903541146066), (16515, 0.9824568660149353), (4956, 0.9795941099740778), (8352, 0.9783198225380513), (6412, 0.9679605177705716), (12919, 0.9659910822738949), (16150, 0.9612980146070342), (3695, 0.9517176299752256)]
angular/angular.js 16553 : [(15782, 0.9607374191351133), (15095, 0.9599571560894388), (12236, 0.932555733991849), (14513, 0.9321891911412286), (9725, 0.9309021075660385), (9202, 0.9306850472910991), (14580, 0.930656612729128), (16025, 0.9179576927747136), (3437, 0.9086073339037586), (13828, 0.9047660070878012)]
angular/angular.js 16544 : [(10530, 0.9670620807094973), (7279, 0.9646550177458653), (16420, 0.9582458532797573), (8828, 0.9573620930324345), (16364, 0.9364994139094464), (16478, 0.9316379853429498), (11222, 0.9215510936857763), (16387, 0.9206005503416816), (15361, 0.9191339254602978), (16436, 0.9190151151642463)]
angular/angular.js 16511 : [(14080, 0.9970736244202494), (16400, 0.9464169693079013), (16399, 0.9464169693079013), (16420, 0.8755020109839026), (14302, 0.8735446021305672), (16544, 0.8489814925448234), (16552, 0.8468041786694945), (15433, 0.8372413916684294), (12138, 0.8371736809015928), (16541, 0.8339387188026228)]
angular/angular.js 16506 : [(16502, 0.944233765649291), (12729, 0.8886139443222016), (12736, 0.8438521430585195), (14976, 0.799685240855668), (15541, 0.7841972798818719), (7588, 0.7709504116309783), (1043, 0.7495658449959118), (10822, 0.7388222170326837), (10823, 0.73836853133954), (6341, 0.7217891199010639)]
angular/angular.js 16502 : [(2398, 0.9827669450349734), (15865, 0.9738703609839784), (12964, 0.9599642974937912), (1043, 0.9564282670662339), (11302, 0.9543460815883449), (6167, 0.9538026975167784), (7245, 0.9531290431670362), (12729, 0.9507404147199379), (16506, 0.944233765649291), (6341, 0.9415961494837101)]
angular/angular.js 16479 : [(1996, 0.9836598336562814), (6773, 0.9805847359993881), (2083, 0.9797693563557655), (1547, 0.9792296180558034), (6344, 0.9785316628429346), (6299, 0.9779498965543215), (5560, 0.976752462242965), (12201, 0.9756571424800343), (13210, 0.975469840297027), (5613, 0.9736618419338171)]
angular/angular.js 16471 : [(16150, 0.9359552440211889), (8067, 0.933954505573779), (15818, 0.9190233203729642), (15946, 0.884588010131983), (15044, 0.8796342472976684), (3535, 0.86432590819467), (16336, 0.8577987862235805), (16457, 0.8517028833634394), (8708, 0.8441823737953458), (15686, 0.8422952714748041)]
angular/angular.js 16299 : [(15433, 0.9935793555509705), (15707, 0.9880338236169716), (15881, 0.9852048401440612), (15770, 0.9756221450185466), (15225, 0.9481417953085445), (15872, 0.946233537961675), (15439, 0.9105433903542924), (16491, 0.9062461974492646), (15828, 0.8856799761509806), (15818, 0.880441074260434)]
angular/angular.js 16283 : [(15707, 0.9999910519995924), (15770, 0.9999840526345597), (15881, 0.9919165223460341), (15433, 0.9866159869961725), (16491, 0.977082253470028), (15439, 0.9258267187280035), (15828, 0.8981058251734715), (14190, 0.8924872898462354), (15818, 0.8919208002195507), (15940, 0.8880571998928052)]
angular/angular.js 16251 : [(16560, 0.9918736332199439), (5335, 0.9895097092085594), (12777, 0.9832063300392584), (4956, 0.9824663503439394), (15921, 0.9821341624631333), (8443, 0.980713267903062), (14576, 0.9796305163808294), (14346, 0.9770276608598203), (12406, 0.9716766131765351), (9321, 0.9714577210972549)]
angular/angular.js 16192 : [(6540, 0.9922777262420361), (6542, 0.959596019257443), (16149, 0.9450058763377307), (6743, 0.9178409886957425), (11628, 0.9055438882171789), (12106, 0.8831575245943176), (10720, 0.8825574570035712), (15512, 0.8718441975703406), (15744, 0.8678219574973467), (6177, 0.852763414137104)]
angular/angular.js 16061 : [(15693, 0.9874495616184311), (14232, 0.9785249695754412), (14064, 0.9430132286094992), (2729, 0.92829651625607), (7902, 0.9100579459204574), (13650, 0.9025808550208062), (6700, 0.8973920556320686), (10761, 0.8941688576518392), (6775, 0.8900596122472113), (12786, 0.8811325729277996)]
angular/angular.js 16053 : [(14488, 0.9409828791355579), (15291, 0.930982305066471), (14547, 0.929039538054893), (15829, 0.9278054830535897), (15290, 0.9246560304446227), (14692, 0.9243082987917978), (15438, 0.9191917014979974), (14712, 0.9162425415337051), (15111, 0.9162224927044614), (15311, 0.8977126370428788)]
angular/angular.js 15986 : [(16517, 0.9895875449614447), (15843, 0.9790923374724121), (14874, 0.9779904168535412), (629, 0.9750986200716668), (13113, 0.9641118599446455), (7599, 0.9636700307705821), (14377, 0.9575005879043753), (14229, 0.9551006820701433), (7311, 0.9538883185842382), (4271, 0.9492992564802788)]
angular/angular.js 15954 : [(14194, 0.9910639183965396), (14522, 0.9881766939033845), (15724, 0.9631793950562035), (16260, 0.9551659070565194), (15637, 0.9542468888270869), (14951, 0.9525939087373745), (15678, 0.9512158969512337), (14720, 0.9426108954153326), (15234, 0.9421371805033152), (14942, 0.9412025547069475)]
angular/angular.js 15877 : [(12672, 0.9962657943049003), (16050, 0.9788578500638557), (1744, 0.9765080582530186), (16005, 0.9720567590254484), (15305, 0.9714647891231055), (15299, 0.9566542770975135), (3571, 0.9531685830879454), (16293, 0.9474697965262266), (914, 0.9474045413094322), (4337, 0.9453664163723973)]
angular/angular.js 15865 : [(16316, 0.989375272135461), (7245, 0.9860028225876193), (5977, 0.984368068288368), (2121, 0.9834696005109566), (6167, 0.9740519811055787), (16502, 0.9738703609839784), (15672, 0.9575866418445437), (15365, 0.956218470802186), (6341, 0.9532173971658607), (5158, 0.9518822282961062)]
angular/angular.js 15818 : [(16150, 0.9887722442616413), (15876, 0.9799701301126038), (16242, 0.9651335813970627), (15828, 0.9645202581553679), (15512, 0.9608015631404483), (15414, 0.955460847515072), (14618, 0.9514910910124693), (14258, 0.9510521242524526), (15187, 0.9473398853662732), (14190, 0.9472217054096799)]
angular/angular.js 15799 : [(6838, 0.7939154310999461), (16129, 0.697680267406164), (15225, 0.6944690600724613), (12570, 0.6864572292630557), (14898, 0.6579125593086752), (14870, 0.6555304297255721), (16547, 0.6545171607962599), (15044, 0.653508277375999), (12930, 0.64718557899361), (15863, 0.6401719844493788)]
angular/angular.js 15707 : [(16283, 0.9999910519995924), (16299, 0.9880338236169716), (15881, 0.9803224141408958), (16491, 0.9395348949789945), (15872, 0.9233902622703318), (14845, 0.8871632491833197), (8032, 0.8362174306748776), (15828, 0.785597761634647), (15749, 0.7836481884331509), (15890, 0.7820329420536086)]
angular/angular.js 15697 : [(13209, 0.9922810203754705), (15483, 0.9918304901233848), (15114, 0.9884257217726149), (14845, 0.9877310110111938), (10745, 0.9750909685172694), (11006, 0.9674670134785782), (15462, 0.9670505842975844), (15693, 0.9564725770704217), (15433, 0.9403535682696488), (13958, 0.9205427921969542)]
angular/angular.js 15694 : [(5904, 0.9969506339693617), (6986, 0.9941449767726575), (6983, 0.9932716197655738), (9945, 0.9863944954279139), (8607, 0.9708595998000611), (13458, 0.9705026885217758), (362, 0.9608667234287344), (15736, 0.9520645590333223), (14687, 0.9477493784186151), (15297, 0.9472873669782423)]
angular/angular.js 15584 : [(14522, 0.9954553600415399), (13007, 0.9817722352079024), (13000, 0.9778945195382763), (14786, 0.9758833730446699), (15117, 0.9742008169655165), (12999, 0.9728543981743388), (10639, 0.9714266918078481), (15940, 0.9712880964120805), (15811, 0.9700376570639568), (15459, 0.9698542808370966)]
angular/angular.js 15555 : [(15782, 0.9752238264066471), (15095, 0.9750403587430572), (14227, 0.9705897050863139), (2859, 0.9619436113979164), (15103, 0.9502054523959568), (14811, 0.9482587974281845), (15110, 0.9466388133961464), (7384, 0.9430323840674607), (15297, 0.9428494319532732), (14493, 0.9407866153309319)]
angular/angular.js 15464 : [(16314, 0.9636766409503038), (14323, 0.9496028875895245), (15297, 0.945093566077994), (15298, 0.9422934671148582), (14737, 0.9399882699032516), (15123, 0.9317914486499899), (14493, 0.9242885676319685), (14114, 0.9230792683232437), (14946, 0.9217747453654365), (13797, 0.9182005680105394)]
angular/angular.js 15462 : [(15693, 0.9938748116132995), (12068, 0.9810368438581244), (12786, 0.9784130290525026), (14845, 0.975076879316088), (15697, 0.9670505842975844), (15672, 0.9633408693495754), (5063, 0.9605326600050532), (15749, 0.9600432767106495), (12065, 0.9594198166215989), (14403, 0.9588404852360878)]
angular/angular.js 15439 : [(16491, 0.9843888090372905), (15672, 0.962994673331931), (14313, 0.9286312782272058), (16212, 0.9262054270436065), (16283, 0.9258267187280035), (16298, 0.9160198050724201), (15433, 0.9159500788287522), (16299, 0.9105433903542924), (16166, 0.9017031945731101), (16292, 0.9002645657817072)]
angular/angular.js 15220 : [(16413, 0.9908940870935407), (10188, 0.977776439317497), (14458, 0.976745532775471), (16188, 0.9697122443338654), (16189, 0.9675016371075703), (16212, 0.9604087303828542), (16445, 0.9529009199256857), (13553, 0.951106574790499), (16105, 0.9481255473218331), (16298, 0.9451187386288759)]
angular/angular.js 15072 : [(16088, 0.9925525421073413), (15378, 0.9891027902303812), (16397, 0.9866534049978304), (15037, 0.9857181800496704), (15975, 0.9742805504669698), (7304, 0.969932894654047), (2493, 0.9677088837201593), (14151, 0.965253734229562), (14714, 0.9605623242023882), (13522, 0.9584059199226045)]
angular/angular.js 15002 : [(14159, 0.9933253611612748), (9502, 0.9498169347112014), (1745, 0.945210287065656), (8358, 0.938656450416332), (14910, 0.9299681636855164), (7427, 0.9196071029462143), (5714, 0.9172330818826016), (14699, 0.911651096769868), (5614, 0.9114138308414436), (15608, 0.9057257141571912)]
angular/angular.js 14998 : [(16224, 0.9562655590602711), (7863, 0.8917291994198272), (14361, 0.8711720966219157), (12598, 0.8564554317415346), (7255, 0.8562491618595814), (4694, 0.8482886748168662), (15940, 0.8363133270813303), (14870, 0.8361135829887895), (15664, 0.774942395445949), (16008, 0.7711106321372729)]
angular/angular.js 14833 : [(14140, 0.9953779002910391), (13483, 0.993776709102415), (10318, 0.9928237268346511), (11865, 0.992757487050633), (8342, 0.9926760374945326), (12646, 0.9923824926509726), (9157, 0.9921051785152152), (14477, 0.9840293345275781), (11321, 0.9815130348466271), (10274, 0.9814675317594153)]
angular/angular.js 14779 : [(14297, 0.9814277298433876), (15485, 0.9649575280321111), (14834, 0.9042489638040772), (4369, 0.9032596983422586), (15197, 0.8969363801304884), (16025, 0.8860120936413445), (14970, 0.8792828900755315), (14965, 0.8754429444291013), (16256, 0.8688547980843004), (14816, 0.8657565941858326)]
angular/angular.js 14772 : [(8047, 0.9698166788471043), (16325, 0.9409193545313868), (12640, 0.9156777592880273), (10299, 0.9051640845665674), (9260, 0.902115330100302), (10711, 0.8949269743470427), (10707, 0.8949269743470427), (6876, 0.8849151325495492), (9193, 0.8839941807898812), (10164, 0.8805437685506795)]
angular/angular.js 14674 : [(8849, 0.995994620993835), (8803, 0.9916890624177287), (9032, 0.982962393084696), (5852, 0.9726684228517595), (6375, 0.9688201683590213), (9892, 0.9631168504890418), (5324, 0.9593472035184352), (5844, 0.9583381307837489), (6910, 0.9560206435940607), (6196, 0.9539628166582197)]
angular/angular.js 14665 : [(13996, 0.9888268864883364), (14065, 0.8830438083038956), (10477, 0.8778010020654744), (10288, 0.8716727448915855), (12234, 0.8714591029619905), (14833, 0.8527122307385984), (15113, 0.8284884904505103), (11865, 0.8054248352221027), (10318, 0.8048032817234144), (12262, 0.8042251036992962)]
angular/angular.js 14366 : [(12576, 0.9917868239800621), (12575, 0.9917868239800621), (12577, 0.9871947926673346), (11560, 0.9189869106606805), (15462, 0.8542603391833119), (11822, 0.8297683131261938), (14838, 0.8126365955035012), (15693, 0.8115063385508061), (14421, 0.8002649425110936), (11760, 0.789516421422948)]
angular/angular.js 14227 : [(12742, 0.9898833684309375), (12934, 0.9767368989686337), (15555, 0.9705897050863139), (15095, 0.9701503192430677), (13431, 0.9620978517057563), (12975, 0.9530546689511684), (15782, 0.9347986413066327), (14787, 0.8821120389896023), (14775, 0.8756090913346771), (2738, 0.853548483351014)]
angular/angular.js 14199 : [(7517, 0.9889650223040292), (7511, 0.9869580894797252), (8652, 0.9772463627152673), (5628, 0.975799947172788), (5186, 0.9711109354409463), (4556, 0.9673222166156877), (8744, 0.9629739407728943), (7496, 0.9601228771343434), (10414, 0.9462224165891051), (11057, 0.9268075425748525)]
angular/angular.js 14166 : [(510, 0.9671804459691812), (1023, 0.9625472629788107), (13059, 0.9464874624739645), (9030, 0.900170977461032), (1022, 0.889775898141725), (11173, 0.8893027891163735), (13822, 0.8851684871830514), (11448, 0.88010936538699), (370, 0.8770103689697889), (13678, 0.8755333957615183)]
angular/angular.js 14080 : [(16511, 0.9970736244202494), (4792, 0.7977971414609922), (2555, 0.7953495457600186), (2749, 0.7603088317987523), (8451, 0.7318090145206032), (685, 0.7294769579335506), (3500, 0.7263164213134605), (14302, 0.7209845781522133), (6157, 0.6861539865027536), (6040, 0.681284839255333)]
angular/angular.js 14003 : [(4508, 0.9761798633970001), (1803, 0.9719648182783791), (7977, 0.9716489322021681), (6200, 0.9710958929668442), (1996, 0.9669995096610402), (1547, 0.9639701806758613), (16479, 0.9632094117795624), (5560, 0.9584385298785056), (15160, 0.9573015697480747), (7064, 0.9368173012363262)]
angular/angular.js 13996 : [(14665, 0.9888268864883364), (12234, 0.9848463303649182), (10766, 0.9713487214233555), (10443, 0.9704743134458347), (10288, 0.9702464965646319), (12646, 0.9574691627187655), (12262, 0.9439930422834218), (10318, 0.9348527258736723), (14833, 0.918065318676218), (11865, 0.9016714553398858)]
angular/angular.js 13993 : [(6327, 0.9765176655122968), (8125, 0.9614929969123995), (16316, 0.931485782571233), (15359, 0.8812516941933483), (6924, 0.8768517683311475), (13837, 0.8175629382001643), (5019, 0.780121425898142), (7379, 0.7743011514596602), (9972, 0.7516182404958385), (16350, 0.7131124601573315)]
angular/angular.js 13976 : [(15243, 0.9220549213690635), (8587, 0.8812051303544375), (8627, 0.8062510569141855), (15072, 0.7271405120220836), (3277, 0.7001894469450406), (8432, 0.6934567937372086), (9795, 0.677865349462504), (7802, 0.6419736814650461), (3609, 0.6331856073403602), (4573, 0.6295088769188706)]
angular/angular.js 13785 : [(12598, 0.9812396839286845), (14322, 0.9801943763506277), (13766, 0.976460010546573), (14221, 0.9395560549429599), (15095, 0.916454604611651), (5039, 0.9055864489760437), (6067, 0.8850895475080548), (15782, 0.8686949179757533), (16010, 0.8666217184714201), (11326, 0.8546722836150737)]
angular/angular.js 13773 : [(8056, 0.9920412452420518), (6489, 0.9860334425418957), (5378, 0.9858873261218615), (16076, 0.973746764375932), (1127, 0.9710756773791898), (987, 0.9695025096613766), (8863, 0.9693230651966228), (10193, 0.9670644534216992), (12418, 0.9649640286083316), (9037, 0.9586433668075843)]
angular/angular.js 13634 : [(13411, 0.9999911342479597), (7588, 0.966823554616234), (6511, 0.959090161386801), (14757, 0.9533613988016402), (11809, 0.9309458275094422), (11987, 0.9270325212750892), (4501, 0.9103702484171302), (8738, 0.9040512847275274), (2452, 0.901062250265124), (3476, 0.8986816693285701)]
angular/angular.js 13626 : [(15983, 0.8222342489553083), (15541, 0.5106939842759889), (9299, 0.5106486827967605), (4096, 0.510629017878645), (9942, 0.5055442096460974), (7085, 0.5), (11117, 0.4748616093061225), (4359, 0.4724297117776318), (9298, 0.45217161090594915), (8944, 0.4308582369420702)]
angular/angular.js 13598 : [(14344, 0.9835264483952546), (5047, 0.9688426589206017), (4956, 0.9605583168067571), (3452, 0.9499669123912781), (5314, 0.9345134193271034), (2981, 0.9198226539107642), (14064, 0.9184582060573457), (7320, 0.9135532145291226), (13307, 0.9074645407291153), (13306, 0.9074645407291153)]
angular/angular.js 13597 : [(14344, 0.983620469311782), (5047, 0.9692858887154021), (4956, 0.9607465738565465), (3452, 0.9502408397114495), (5314, 0.9346900829217465), (2981, 0.9200156558969013), (14064, 0.9185465928509146), (7320, 0.9135774133297582), (13307, 0.9074999838876034), (13306, 0.9074999838876034)]
angular/angular.js 13488 : [(12930, 0.9824064603702831), (12340, 0.9795006459345017), (12666, 0.9788844470817841), (12696, 0.9760835759600294), (11852, 0.9728702176455909), (12651, 0.9717034847383219), (12585, 0.9712593314516287), (11805, 0.9592815722145103), (12381, 0.9447402333490972), (12490, 0.9345003331573231)]
angular/angular.js 13209 : [(15697, 0.9922810203754705), (15114, 0.981188997734801), (15483, 0.9641070505175753), (12065, 0.9640743629207398), (7846, 0.9503965545058454), (11952, 0.9483523827805093), (9221, 0.9297686739377407), (5251, 0.9274475886179533), (10116, 0.9223584008636129), (5457, 0.9134277413941655)]
angular/angular.js 13151 : [(16382, 0.9541907987785753), (12498, 0.9507694721441243), (12818, 0.9027441412266424), (12783, 0.8984881282720402), (10764, 0.8806095446703699), (13286, 0.8803751719963182), (14157, 0.8717017915687304), (13518, 0.8716014140673094), (11923, 0.8654145090415782), (15272, 0.8614657264907721)]
angular/angular.js 13109 : [(7741, 0.9778828150952881), (11363, 0.9759217325483192), (5560, 0.9644983411183239), (9010, 0.9642956503600909), (7064, 0.9452160737905972), (6344, 0.9314923549163519), (3054, 0.9266306942455564), (13384, 0.9239782732261939), (6865, 0.920959572943297), (15541, 0.9030772573758967)]
angular/angular.js 13059 : [(3485, 0.9843190350153109), (12459, 0.9806449480418794), (4612, 0.9779098012276781), (11853, 0.977273964753768), (11899, 0.9755435593594532), (3388, 0.9726424890239636), (11273, 0.971069188979904), (11755, 0.9612113780258547), (11947, 0.9560878473942287), (6476, 0.9469659205250758)]
angular/angular.js 13036 : [(1802, 0.9288938042699539), (5295, 0.8463375394929875), (15749, 0.8387427629709064), (15872, 0.8372506893670957), (10334, 0.8085573499959091), (10172, 0.795466452932151), (10170, 0.795466452932151), (5110, 0.7933967002272374), (15752, 0.7712831930405291), (2316, 0.7535519858787394)]
angular/angular.js 12882 : [(8863, 0.9842962032390904), (6720, 0.9724829217190618), (5915, 0.9602656692926167), (6704, 0.9576262979347729), (5986, 0.9543210126977183), (4050, 0.9337652935922883), (3115, 0.9272134060601702), (10717, 0.922555626335693), (11096, 0.9043847242013957), (13772, 0.9009244259078011)]
angular/angular.js 12871 : [(12078, 0.9819098594307222), (7772, 0.9639544837355403), (5161, 0.951534873273629), (7530, 0.9504512642764197), (7387, 0.9498243266681626), (5508, 0.9465398417299591), (6101, 0.9408236242518121), (15095, 0.9391527132779605), (6942, 0.9372231166981919), (12975, 0.9205530044188238)]
angular/angular.js 12830 : [(13725, 0.9598007574243378), (12826, 0.9155922895633871), (13727, 0.8766691966372203), (13726, 0.8701096206728335), (4549, 0.7240377821971549), (14738, 0.6937226567467902), (4295, 0.6779333536398209), (8216, 0.6624810941442706), (7754, 0.6548685400958137), (5689, 0.654252950161203)]
angular/angular.js 12672 : [(15877, 0.9962657943049003), (3571, 0.9936367086518533), (16339, 0.9890654364121649), (4204, 0.9873958964116365), (3639, 0.9860187452418817), (1744, 0.9815771364971414), (4337, 0.9764092952463412), (914, 0.9740360033956617), (16161, 0.9672532804507018), (7445, 0.9582032501925982)]
angular/angular.js 12654 : [(3857, 0.9235591501468865), (2725, 0.9011367147170741), (9300, 0.8861635373441116), (11355, 0.8823456676293879), (3073, 0.8813683366437757), (1548, 0.7922798233625175), (5616, 0.7921368193854896), (9258, 0.7818765079279314), (3979, 0.7739406402144867), (1046, 0.7719804990045537)]
angular/angular.js 12577 : [(14366, 0.9871947926673346), (11851, 0.980486986127823), (12271, 0.9334329238196604), (11853, 0.850978860163038), (8155, 0.837878332028585), (10068, 0.8052045114472608), (14234, 0.8024359208676456), (9491, 0.7961696219767016), (11336, 0.7706500198472301), (12278, 0.7694832573773538)]
angular/angular.js 12499 : [(2907, 0.984124030501474), (2858, 0.9818689084179854), (2103, 0.8865691432262544), (4831, 0.8620696941269566), (2094, 0.8183940687434688), (3095, 0.8033540714788493), (1544, 0.8014604267353819), (13673, 0.7988535490271281), (2882, 0.7802742786649874), (15573, 0.7590604752722184)]
angular/angular.js 12479 : [(7290, 0.9213314791790346), (3030, 0.820728441758707), (9, 0.7985369546785502), (7951, 0.7807832436340542), (13489, 0.7779123618980532), (1142, 0.7776346172693597), (6323, 0.7592487510562705), (8731, 0.7463958152333882), (2043, 0.7393713537990687), (8607, 0.696189784831393)]
angular/angular.js 12213 : [(7191, 0.991705558796678), (10676, 0.9863296014125142), (12236, 0.9844939696652587), (14103, 0.9836940875066565), (12646, 0.9798018617748283), (16404, 0.9796855348819425), (12903, 0.9789242656064413), (14242, 0.9730961012773625), (16406, 0.970948411199927), (7476, 0.9687749655014765)]
angular/angular.js 12196 : [(13061, 0.9846391414459231), (12558, 0.9731557454484913), (1446, 0.9731015927736881), (10290, 0.956320108181756), (15908, 0.9491271541693701), (13693, 0.9383430426070765), (8682, 0.8746617841248041), (16330, 0.8721450600523071), (16102, 0.8712215800988072), (1186, 0.8531241808780071)]
angular/angular.js 12065 : [(12068, 0.9915642176520612), (11215, 0.9811776009333962), (3025, 0.9743714223188974), (11006, 0.9698726681241923), (13641, 0.9686325035483034), (10116, 0.9684736266864188), (8702, 0.9669574946997688), (13209, 0.9640743629207398), (5063, 0.9613939837585911), (15462, 0.9594198166215989)]
angular/angular.js 11948 : [(9795, 0.9897040516670926), (7802, 0.9824955129706113), (2493, 0.9721088587461845), (3282, 0.9714553386378887), (4157, 0.9649999279756529), (3019, 0.9589483806301012), (10538, 0.9573765157763996), (8845, 0.9526455280085897), (15072, 0.9475394557425322), (9712, 0.947179222010937)]
angular/angular.js 11923 : [(12783, 0.9691353653311173), (12818, 0.9397954384856352), (12498, 0.928788456019601), (11483, 0.8954661906263042), (15272, 0.8889502386826698), (13518, 0.8692608414240881), (14157, 0.8679259866810102), (13429, 0.866643761154703), (13151, 0.8654145090415782), (16237, 0.8462126605589343)]
angular/angular.js 11735 : [(14234, 0.9585118026332532), (12278, 0.909355796740967), (14633, 0.8743560407810739), (14914, 0.8471585876999095), (13822, 0.8171429782412906), (3830, 0.8068347627788531), (5550, 0.8016996804622774), (5367, 0.7985911753820631), (13696, 0.796285057263837), (7330, 0.7882697464023529)]
angular/angular.js 11012 : [(13798, 0.9590486785059684), (13773, 0.9537349611653845), (15984, 0.9452813217172219), (5986, 0.9435492538126278), (9037, 0.9420753067837974), (8056, 0.9399768449834823), (13286, 0.9397781759680356), (10922, 0.9378084205607885), (12075, 0.9356987498756988), (1127, 0.9353123785188451)]
angular/angular.js 10823 : [(12729, 0.9370460770196876), (16316, 0.9333207157630865), (15359, 0.9316931272782545), (11302, 0.9168664730364832), (12736, 0.9098011344667404), (13837, 0.897977196474838), (1043, 0.8852164078941155), (9678, 0.8682429085192833), (10190, 0.8612470113737968), (11675, 0.8510475085488093)]
angular/angular.js 10653 : [(14011, 0.9809468031827018), (7809, 0.9754772435646252), (5920, 0.9743662105849226), (1745, 0.9548627218374466), (6982, 0.9484272327186987), (5923, 0.9403646416623748), (5542, 0.9374058010478187), (3395, 0.9164472611096756), (1692, 0.912018877474703), (5860, 0.8860091793398455)]
angular/angular.js 10525 : [(8879, 0.8789741178111663), (6157, 0.7999436876560542), (138, 0.7691792104611895), (10853, 0.7633425975075412), (1785, 0.7380041726920241), (6749, 0.7227629739211024), (678, 0.7212867957380911), (12955, 0.688667586218553), (12665, 0.6804631749839681), (9375, 0.6783382887204873)]
angular/angular.js 10193 : [(13798, 0.9672563298957474), (13773, 0.9670644534216992), (12418, 0.8590933575568369), (987, 0.8226452426500916), (6095, 0.7984449816624933), (15778, 0.7433607418054173), (11023, 0.7366030438677639), (5986, 0.7250703134899414), (546, 0.7174703863394944), (13772, 0.6843914921966229)]
angular/angular.js 10096 : [(11173, 0.993451721416009), (10548, 0.9860308769036541), (13184, 0.9855701517715084), (2554, 0.9846058242382026), (370, 0.9803605717033709), (9456, 0.977200276543474), (4270, 0.9758107254895484), (10275, 0.9701775177767133), (8337, 0.9675687967099145), (12786, 0.9648701273626787)]
angular/angular.js 9892 : [(14674, 0.9631168504890418), (12738, 0.9514379814666168), (8301, 0.8816929596177309), (8803, 0.868633101512197), (14537, 0.8357343583598514), (12469, 0.8091866605427493), (14302, 0.7790331062030096), (6910, 0.746399899773979), (2725, 0.7345561548583778), (9032, 0.6832479679735931)]
angular/angular.js 9811 : [(2413, 0.9934865655380397), (6324, 0.9912694824390935), (6965, 0.9839875661914342), (6786, 0.9814498548804819), (1946, 0.9781932048459449), (4220, 0.9774303974121177), (14394, 0.97182477838016), (4807, 0.9682316616250631), (14405, 0.9671439331156608), (4958, 0.9656433762394236)]
angular/angular.js 9762 : [(5913, 0.9482139125534034), (6201, 0.9465862089430112), (11653, 0.9130565136140303), (3025, 0.9100401748729936), (3729, 0.9071202981309708), (12068, 0.9034628890471629), (8735, 0.8923971604915318), (15462, 0.885437027638776), (3010, 0.8819531735674557), (12065, 0.8806039937345401)]
angular/angular.js 9730 : [(6129, 0.9782819290737113), (2969, 0.9692343753982526), (12083, 0.9621729907141007), (5933, 0.9621207884464081), (12964, 0.9566837539976362), (8924, 0.9565577991293421), (9126, 0.9532843676177801), (15365, 0.9446543153851409), (3258, 0.9285110432025317), (2971, 0.9261040508760647)]
angular/angular.js 9202 : [(13692, 0.9483889690822243), (15782, 0.9434614985052978), (16553, 0.9306850472910991), (15095, 0.925575265191732), (4616, 0.9209463468658325), (12613, 0.9156003083782865), (13263, 0.9095218583890152), (9415, 0.907951581636992), (4160, 0.9077002131760438), (15057, 0.9040721562638496)]
angular/angular.js 8987 : [(9715, 0.9999914683506267), (4233, 0.9911292426556533), (14870, 0.98993499746699), (871, 0.9894587378703487), (9913, 0.9889680839705598), (12122, 0.9865506004196664), (4685, 0.9855102934373496), (1866, 0.9827669639745367), (8912, 0.9813379159607735), (8682, 0.9792793390284492)]
angular/angular.js 8924 : [(10185, 0.994644385057798), (2398, 0.984704931959191), (2969, 0.9818925126540009), (5158, 0.9789711261152253), (5369, 0.969522671220582), (9058, 0.9680159223186309), (7030, 0.967711986591077), (11744, 0.9675866867101677), (6573, 0.964794611782204), (10064, 0.9607271242415295)]
angular/angular.js 8845 : [(6833, 0.9930228060681635), (3277, 0.9872809371684189), (9795, 0.9729268187986831), (10538, 0.9717879407499793), (964, 0.9657424026522311), (11310, 0.9568619783080339), (11948, 0.9526455280085897), (928, 0.9501053915977158), (14681, 0.9478230630726135), (5557, 0.9432544695198509)]
angular/angular.js 8832 : [(5072, 0.9974239901006582), (6562, 0.9966622616316524), (1625, 0.9956645623564008), (9883, 0.9953746317461192), (10585, 0.9950076286753574), (8303, 0.994294029871473), (3866, 0.9929474520767305), (12935, 0.9927984668212392), (15995, 0.9818642970820295), (7737, 0.9769488387595322)]
angular/angular.js 8793 : [(13039, 0.9802549002898853), (8200, 0.9770369219781299), (7427, 0.9765437475919472), (8601, 0.93082274163006), (14695, 0.9251326740745661), (10689, 0.9074272745351745), (5542, 0.906715842013997), (13575, 0.9043445528422249), (9407, 0.9026772202129054), (14011, 0.8989199793302608)]
angular/angular.js 8746 : [(4758, 0.9751403515665127), (9766, 0.9440912384987142), (15345, 0.9377995246320472), (2801, 0.9098884446848615), (4801, 0.9062558106782709), (5825, 0.8940864790598391), (3420, 0.8895282375406979), (13543, 0.8759062609459308), (8454, 0.8284969240563553), (12271, 0.8195588795076586)]
angular/angular.js 8744 : [(14494, 0.9881794045624226), (7496, 0.9808792571236393), (5802, 0.9786122332472524), (7517, 0.9722625182683821), (5628, 0.971820230886362), (10119, 0.9716040352233034), (7511, 0.970657520431961), (14199, 0.9629739407728943), (4556, 0.9625660173512208), (10414, 0.9591947382478062)]
angular/angular.js 8743 : [(5666, 0.9617486190774821), (5300, 0.9549524976792814), (6033, 0.9546349807481291), (5457, 0.9125546745722478), (3662, 0.9031729509884885), (2099, 0.8946259193402503), (1507, 0.8896527413529423), (1542, 0.8753680628341008), (2778, 0.8713173963931844), (1672, 0.8706825312171217)]
angular/angular.js 8596 : [(1535, 0.999993864978835), (2731, 0.9799410562184113), (2893, 0.969371332290945), (5325, 0.8757232221422553), (5778, 0.8633535531503407), (13150, 0.8352418287366286), (13140, 0.8352418287366286), (8859, 0.8319423496194026), (11355, 0.7884085486004627), (8262, 0.77634961820551)]
angular/angular.js 8387 : [(9007, 0.9954640298551541), (9087, 0.9886370106566915), (10507, 0.9871595687368058), (14856, 0.9828495877752419), (10519, 0.9814613518823833), (2681, 0.9788571796392646), (5843, 0.9765656334983679), (5059, 0.9656141986074331), (9543, 0.9642525147947058), (9672, 0.9385450375116041)]
angular/angular.js 8303 : [(5072, 0.9973912266200794), (1625, 0.9969357961750583), (9883, 0.9964695023527402), (6562, 0.9960102405938912), (3866, 0.9950925470448682), (8832, 0.994294029871473), (10585, 0.9935943182958976), (12935, 0.9859139216346982), (7737, 0.9858715181274769), (15995, 0.9753187634811067)]
angular/angular.js 8273 : [(9452, 0.9580617050604245), (1871, 0.9268569036333956), (7242, 0.9001165305043018), (8771, 0.892737451133374), (9976, 0.8704064847441323), (13102, 0.8603522580338909), (11710, 0.8390121816523392), (13086, 0.8386647697742247), (9448, 0.8279532298782595), (15276, 0.8274011447237202)]
angular/angular.js 8005 : [(4047, 0.924423227920124), (6507, 0.8260006329438525), (7548, 0.8193224620564518), (7905, 0.8006515776843937), (2459, 0.7979882817065792), (615, 0.7275850213973863), (15949, 0.6357954220812206), (7588, 0.5425638263592908), (10632, 0.5422616854972492), (8055, 0.5398471737771027)]
angular/angular.js 7940 : [(12201, 0.9782671084548722), (5560, 0.9759168499772397), (7064, 0.9738748829585413), (8367, 0.9632195523477559), (14906, 0.958724113649616), (6240, 0.9574227733979219), (3082, 0.9549716241684312), (12541, 0.9549354508578759), (2435, 0.9511234029376898), (12979, 0.9474504064096129)]
angular/angular.js 7905 : [(16098, 0.9292974060334636), (6507, 0.929016571709464), (12814, 0.8943079486315899), (12819, 0.8733562717351808), (5056, 0.8610542311329418), (2636, 0.8455024634172384), (6335, 0.8348193220247071), (10490, 0.8047979182373378), (8005, 0.8006515776843937), (5066, 0.7894314179432071)]
angular/angular.js 7802 : [(9795, 0.9937814863031792), (16397, 0.9843155507258793), (11948, 0.9824955129706113), (5557, 0.981368259811578), (2089, 0.9797071483944724), (8046, 0.9794264409969773), (2216, 0.9790414195087147), (2155, 0.978780299295752), (3282, 0.9773163516995574), (3019, 0.9737033977444091)]
angular/angular.js 7689 : [(5636, 0.9243225461614318), (7906, 0.9091138307017911), (16075, 0.9005896461005941), (2523, 0.8864326135089825), (9030, 0.879162584764749), (7903, 0.8763760450463078), (2503, 0.857480281232923), (1046, 0.8469274105814617), (1047, 0.840032508904862), (12979, 0.8280376011511915)]
angular/angular.js 7475 : [(6409, 0.9830413847682751), (6344, 0.9740781614835189), (5560, 0.9713424100062902), (14309, 0.9648762526943907), (6753, 0.9577939561965275), (4545, 0.9563239864885051), (5168, 0.9532515197913347), (6894, 0.9493488373516927), (16479, 0.9459319239100675), (14711, 0.9434975338255386)]
angular/angular.js 7414 : [(6945, 0.9957776670453791), (7205, 0.9868693415388364), (10136, 0.9731982473431647), (7011, 0.9715585225996868), (10048, 0.9714487665648526), (7991, 0.9590015924063539), (6369, 0.9511557888565183), (3251, 0.9461393371117204), (3099, 0.9376195830867556), (4549, 0.9354910314089977)]
angular/angular.js 7308 : [(5560, 0.9867451859193045), (6344, 0.9854435660688564), (6773, 0.9711280730322461), (2835, 0.9688861763365489), (4019, 0.9598111089354227), (14821, 0.9588879316665767), (3456, 0.9515592702217537), (9814, 0.9477248842195043), (7064, 0.9390789126751362), (6865, 0.9306452633675628)]
angular/angular.js 7271 : [(7450, 0.9690954815676762), (14302, 0.9627611967255213), (15782, 0.9512896816125304), (15095, 0.9426143779711879), (12194, 0.9414805215611601), (13422, 0.9272948727931511), (1889, 0.9123328109254869), (14811, 0.8955850951632601), (8065, 0.892269913187551), (2788, 0.8877121062326584)]
angular/angular.js 7146 : [(7389, 0.9267942997113784), (7548, 0.9029540957989419), (12701, 0.8919422994731694), (8173, 0.8868161235689754), (7364, 0.8790811770536736), (5797, 0.8694959807386992), (8558, 0.8676169466167452), (3291, 0.8668289869372364), (7163, 0.8644155293028333), (5507, 0.8584353378839553)]
angular/angular.js 6982 : [(1745, 0.9945108235350781), (5243, 0.9897403801873249), (4192, 0.9872060239446833), (5855, 0.9810469422986489), (5614, 0.9801945060294694), (14893, 0.9762568403660525), (5714, 0.9740753042266169), (3500, 0.9734961215403486), (14088, 0.9723748364290944), (9407, 0.9719626654158345)]
angular/angular.js 6784 : [(6908, 0.9878649045045642), (7564, 0.9737522062957737), (11173, 0.9723164843560635), (15949, 0.9709557021876462), (6968, 0.9703817617315039), (1744, 0.9600380735720847), (7445, 0.9588804257365154), (5491, 0.9553350024730618), (5371, 0.9446527741942191), (3571, 0.9445282785830824)]
angular/angular.js 6480 : [(1547, 0.9548256631213281), (16479, 0.9514998366289068), (1803, 0.9432624174890768), (5560, 0.9332907018007575), (14003, 0.9315088910962276), (7064, 0.9206100932913736), (15160, 0.9163424075668812), (12201, 0.8361710361953648), (1408, 0.834734768072406), (14906, 0.8328969234499597)]
angular/angular.js 6344 : [(1996, 0.990272997772555), (5560, 0.9856176470630614), (7308, 0.9854435660688564), (5168, 0.9839401712549128), (14725, 0.9821915156684333), (5061, 0.9809274235580258), (7741, 0.9807880667484291), (2607, 0.9801435506153297), (16479, 0.9785316628429346), (1607, 0.9766425249762688)]
angular/angular.js 6240 : [(8367, 0.9955051856225889), (9949, 0.983783598383899), (10042, 0.9813473691246747), (9419, 0.9796343958645216), (2188, 0.9746069264077687), (12541, 0.9684106022554893), (15632, 0.9653682037060285), (10664, 0.9649472366998538), (7940, 0.9574227733979219), (13878, 0.9524746641523529)]
angular/angular.js 6191 : [(9729, 0.9952242424171182), (8087, 0.9750674630478932), (7880, 0.9625610451589781), (14348, 0.9604048128601453), (13377, 0.9603679013922706), (2695, 0.9350913749781224), (5393, 0.9285818309221937), (12465, 0.8917475524180417), (12933, 0.8911312185117054), (5050, 0.8830561028807825)]
angular/angular.js 5986 : [(5888, 0.9917368970853863), (8056, 0.9882723227569562), (9037, 0.9874902843913693), (5231, 0.9857610294216429), (5378, 0.9852532133327011), (3115, 0.9850645359259166), (15778, 0.9850636509490948), (2800, 0.985027882487428), (6489, 0.9835120478054405), (4779, 0.9797122531553637)]
angular/angular.js 5933 : [(9126, 0.9814115723009391), (8851, 0.9811918813840129), (848, 0.9715845277507094), (12083, 0.968676321874605), (15561, 0.9677441642320121), (8508, 0.9675093959513968), (7152, 0.9654894258079993), (9730, 0.9621207884464081), (11935, 0.9603673803767212), (1043, 0.9578481083971409)]
angular/angular.js 5923 : [(5542, 0.9830141235265958), (5920, 0.9416823997215209), (10653, 0.9403646416623748), (5918, 0.9190444316318392), (5891, 0.9152527022305604), (1745, 0.9058431402830193), (6982, 0.9024598631904867), (10577, 0.8895550157168047), (10576, 0.8895550157168047), (5855, 0.8396843601490142)]
angular/angular.js 5844 : [(9640, 0.9733118113440065), (12738, 0.9729026040370968), (5324, 0.9703000954279704), (8803, 0.9672548423928168), (5852, 0.9654387982416016), (14674, 0.9583381307837489), (5655, 0.9453657337935656), (6910, 0.9425892859129602), (6375, 0.938002898455095), (4014, 0.9286523668600514)]
angular/angular.js 5570 : [(7330, 0.9760057480405853), (8974, 0.9712536207654574), (6841, 0.9662825527914103), (5749, 0.9653549814686657), (14914, 0.9642447289122575), (5015, 0.9591929561548193), (5131, 0.9560481422456056), (5646, 0.9536820114432334), (11568, 0.9524869770504499), (12278, 0.9466037584827471)]
angular/angular.js 5557 : [(4145, 0.9928187785461379), (6833, 0.9817378518901398), (7802, 0.981368259811578), (9795, 0.9791341928599142), (2089, 0.9783742827141216), (3277, 0.978064647279372), (2554, 0.9778499643640243), (2155, 0.9777235098399829), (3019, 0.976927709624801), (16397, 0.9749377500482906)]
