JuliaLang/julia	13582	12819 0.0798795937753125
JuliaLang/julia	14264	12503 0.5748802796942473
JuliaLang/julia	12014	11721 0.07778184445202102
JuliaLang/julia	16942	16917 0.7136899254709965
JuliaLang/julia	13084	11547 0.0317609133692028
JuliaLang/julia	22233	22169 0.6024955936231954
JuliaLang/julia	14098	12904 0.975577810955412
JuliaLang/julia	12058	11242 0.8396035354761926
JuliaLang/julia	13062	10835 0.03680429679080975
JuliaLang/julia	18936	18658 0.8440428803266943
JuliaLang/julia	16255	16253 0.8893137373459761
JuliaLang/julia	20147	20047 0.792312675457786
JuliaLang/julia	21140	20535 0.7907489436871501
JuliaLang/julia	12151	12147 0.940166731689678
JuliaLang/julia	16915	11848 0.11850978447183044
JuliaLang/julia	19863	19856 0.9936616903682592
JuliaLang/julia	8725	7108 0.9526312641734928
JuliaLang/julia	8838	7108 0.03502705332751077
JuliaLang/julia	10525	9607 0.9818132974207567
JuliaLang/julia	14063	13758 0.3796535397324299
JuliaLang/julia	21299	18688 0.9674939133174666
angular/angular.js	14635	12682 0.8162848372180876
angular/angular.js	1602	1564 0.9358949185894123
angular/angular.js	3025	2522 0.322195954177874
angular/angular.js	9481	9478 0.022961276207992997
angular/angular.js	7960	7776 0.026289128367440427
angular/angular.js	3699	3697 0.0335615892366165
angular/angular.js	12933	12166 0.8982365037405464
ansible/ansible	23233	23102 0.7975159344932218
ansible/ansible	6638	6595 0.8183702189078825
ansible/ansible	12528	12140 0.25842191851271296
ansible/ansible	11127	10819 0.0228331398723114
ansible/ansible	25791	24576 0.40991648349716303
ansible/ansible	6597	6595 0.4360942194411939
ansible/ansible	25698	21100 0.9942138684999582
ansible/ansible	20840	14583 0.9907096213631004
ansible/ansible	20840	16160 0.9735840973633364
ansible/ansible	15811	15796 0.92023916361977
angular/angular.js	9917	9265 0.7713183949970754
angular/angular.js	2260	2216 0.9758076933073809
ansible/ansible	15811	15688 0.6805739782917959
ansible/ansible	24789	24722 0.9189292380725518
ansible/ansible	15738	14300 0.9730250934057066
ansible/ansible	24804	24722 0.9800281908375126
ansible/ansible	24056	23936 0.9894234469307138
angular/angular.js	12524	12477 0.9306181875110142
ansible/ansible	2366	2282 0.9945553191880224
ansible/ansible	23662	22393 0.999999850341229
ansible/ansible	11461	11459 0.9754552459487656
ansible/ansible	8242	8045 0.0627151635373789
angular/angular.js	14967	6412 0.9929432509722963
ansible/ansible	10620	10358 0.2096474502490389
ansible/ansible	7588	7530 0.9968504310529731
ansible/ansible	5287	4977 0.9912767103764086
ansible/ansible	11616	11595 0.13351851121731587
ansible/ansible	13203	10358 0.08193559610106972
ansible/ansible	10295	8382 0.6698939070318481
ansible/ansible	8088	7408 0.994456459894133
angular/angular.js	12072	4282 0.5562246550380284
ansible/ansible	5275	5140 0.9953655574722616
ansible/ansible	8845	8526 0.9825224564634863
ansible/ansible	21546	20405 0.9958321953686483
ansible/ansible	15451	15196 0.9861908978809873
ansible/ansible	7997	7709 0.997019362204232
ansible/ansible	14355	13283 0.9866640971436216
ansible/ansible	7874	6873 0.9868945244889485
ansible/ansible	5901	4033 0.98453338469204
ansible/ansible	12764	9271 0.288658829275236
ansible/ansible	7896	7530 0.9964142281130911
angular/angular.js	8716	8628 0.9999988485347158
ansible/ansible	9032	7639 0.9763802786885317
ansible/ansible	22383	22301 0.965552141663101
ansible/ansible	23748	23732 0.9565748215954597
angular/angular.js	9827	5746 0.9422169360091612
ansible/ansible	7480	6931 0.9999964031511739
ansible/ansible	13622	13609 0.9999977148341286
ansible/ansible	8935	4929 0.947201719164794
angular/angular.js	8492	8233 0.9940287646634176
angular/angular.js	1851	1701 0.9999944719397699
angular/angular.js	4940	4529 0.9999999092639044
ansible/ansible	25375	23107 0.99999995256458
ansible/ansible	19228	19049 0.9939471061645825
angular/angular.js	6215	6098 0.9999926815448545
angular/angular.js	6807	6801 0.9999999715844524
angular/angular.js	3198	2773 0.9999941760971989
angular/angular.js	11028	9964 0.9999999566344803
angular/angular.js	4833	4337 0.982732016910609
angular/angular.js	4308	3848 0.9956041014589069
angular/angular.js	8205	7968 0.9971366990528222
angular/angular.js	5019	4067 0.1430807779436733
angular/angular.js	7846	5063 0.9999981835568744
angular/angular.js	1616	1544 0.13487061797298602
angular/angular.js	3452	2981 0.9999976001008507
angular/angular.js	7947	7868 0.9227911883978005
angular/angular.js	4193	3927 0.8250537362272413
angular/angular.js	15110	15106 0.9935966265316728
ansible/ansible	7943	6049 0.9999973035882411
ansible/ansible	5287	4034 0.9952611700920041
angular/angular.js	7582	5674 0.9506329651035439
ansible/ansible	22620	22521 0.996991981654383
ansible/ansible	6164	5480 0.999998489905708
ansible/ansible	4508	4189 0.9999841606946674
ceph/ceph	4276	4245 0.991727603794319
ceph/ceph	8260	7289 0.025896832654352924
ceph/ceph	5208	5205 0.03511812015496326
ceph/ceph	11363	11353 0.018426284145817772
ceph/ceph	13378	13367 0.023243186409118814
ceph/ceph	9006	8853 0.028138315531431125
ceph/ceph	4491	4252 0.5429360045063766
cocos2d/cocos2d-x	6951	6939 0.8077110963067534
cocos2d/cocos2d-x	13913	13877 0.3457046797213559
cocos2d/cocos2d-x	7008	6876 0.17836479388512483
cocos2d/cocos2d-x	3276	3275 0.02455742783861012
cocos2d/cocos2d-x	16751	16597 0.08053523892068751
cocos2d/cocos2d-x	9963	9901 0.24545622527073654
ceph/ceph	15068	15008 0.44348221041024527
ceph/ceph	11618	11612 0.9554905070283407
ceph/ceph	7199	7136 0.5176369587623867
ceph/ceph	12847	12845 0.9748203229092833
ceph/ceph	14828	14578 0.6769962189972445
ceph/ceph	14578	14548 0.3312538848130966
ceph/ceph	9393	9367 0.8759848351510476
ceph/ceph	6250	6108 0.9620635333649108
ceph/ceph	6039	5714 0.9999972702716404
ceph/ceph	3236	3233 0.9945000944091944
ceph/ceph	7968	7958 0.5
cocos2d/cocos2d-x	13125	13092 0.7678529219065203
ceph/ceph	8483	8408 0.9812559423684679
ceph/ceph	8853	8847 0.8173378437450302
cocos2d/cocos2d-x	10526	10485 0.8903049125593374
cocos2d/cocos2d-x	6726	5978 0.022732427988779447
cocos2d/cocos2d-x	6588	6553 0.9244565486704344
ceph/ceph	14487	14394 0.9999999904554849
ceph/ceph	5778	5744 0.7325143085777948
ceph/ceph	11182	10185 0.9962506965037489
cocos2d/cocos2d-x	13778	12071 0.9999982314189901
cocos2d/cocos2d-x	5018	3861 0.07131031143520473
ceph/ceph	9581	8754 0.9960427005891929
ceph/ceph	7198	7189 0.9746169727855001
cocos2d/cocos2d-x	9218	9166 0.08586943125070738
cocos2d/cocos2d-x	7561	7501 0.022732427988779447
cocos2d/cocos2d-x	13518	13363 0.25359063695132855
cocos2d/cocos2d-x	12762	11952 0.6526574053987937
cocos2d/cocos2d-x	10439	10425 0.9118889408906132
cocos2d/cocos2d-x	10800	10340 0.8914135502103356
cocos2d/cocos2d-x	5423	3306 0.4309889396736434
cocos2d/cocos2d-x	6734	6670 0.9999993769867804
cocos2d/cocos2d-x	1431	1422 0.9907421404140028
cocos2d/cocos2d-x	5197	5185 0.7339493024268713
cocos2d/cocos2d-x	5918	5683 0.9901945911986835
cocos2d/cocos2d-x	11540	3860 0.07628387572579008
cocos2d/cocos2d-x	2370	2142 0.45498688404108
cocos2d/cocos2d-x	5782	5769 0.9243600845129833
cocos2d/cocos2d-x	12083	10362 0.9999996040676579
cocos2d/cocos2d-x	5496	3639 0.9705038533588588
ceph/ceph	14577	14535 0.9478805709441205
cocos2d/cocos2d-x	10909	9118 0.17108932207839392
ceph/ceph	11466	11056 0.9999999875117666
ceph/ceph	13179	13001 0.9999997267735455
cocos2d/cocos2d-x	16620	16384 0.9378311715264963
ceph/ceph	13959	13401 0.9821525923618334
ceph/ceph	14088	13658 0.9800551068293747
ceph/ceph	7013	6916 0.9046045587990119
cocos2d/cocos2d-x	15377	15376 0.9906325655622932
ceph/ceph	5730	4861 0.9999994683066101
ceph/ceph	9176	9173 0.9967346488820837
ceph/ceph	11128	10715 0.99999708565195
cocos2d/cocos2d-x	8640	8204 0.9999932046008383
cocos2d/cocos2d-x	5013	3872 0.978097323194184
cocos2d/cocos2d-x	5008	3981 0.9999999857872519
ceph/ceph	11679	11643 0.9999999852547712
ceph/ceph	7037	7033 0.9999982364883245
ceph/ceph	9300	7973 0.9262508227385061
ceph/ceph	14576	14535 0.9548307594556149
ceph/ceph	8027	8024 0.9999985804678201
ceph/ceph	10411	9263 0.9611500610420154
ceph/ceph	5309	5173 0.9449825461854074
ceph/ceph	13178	12997 0.9999999775655464
ceph/ceph	13643	13450 0.9369662174929084
ceph/ceph	4890	4687 0.9999999881419996
ceph/ceph	4887	4776 0.9999999928087746
ceph/ceph	13506	13450 0.9999995249355499
ceph/ceph	847	710 0.9738136779166854
ceph/ceph	14616	13592 0.9937489734419032
ceph/ceph	13332	13300 0.9350653680148446
cocos2d/cocos2d-x	11583	11441 0.999997083051617
django/django	4419	4151 0.2587825581636741
django/django	2152	1888 0.9571950000990833
django/django	2706	2615 0.9738054263112045
django/django	767	344 0.9733075575372261
django/django	4115	3984 0.9999830225940523
django/django	440	390 0.23378555197158107
django/django	5664	5553 0.9825724328035957
docker/docker	30290	29121 0.026137743459543682
docker/docker	32237	31744 0.08192031010660644
docker/docker	6766	6579 0.02966738417188498
docker/docker	7163	7155 0.24769284622396304
docker/docker	19760	19693 0.9336871301067241
docker/docker	756	743 0.02883971289705614
dotnet/corefx	6337	6335 0.08905744582563216
dotnet/corefx	17428	17419 0.31535508799784234
dotnet/corefx	419	406 0.024722821674301586
dotnet/corefx	7925	7886 0.33278743446484627
dotnet/corefx	16069	9537 0.023866519960666386
django/django	2662	2627 0.9999991272864831
dotnet/corefx	7627	7610 0.9679441005701618
docker/docker	1778	1775 0.08171135146691723
docker/docker	1645	1644 0.9962522557193022
docker/docker	12920	10255 0.9999903005010887
docker/docker	7717	7716 0.9999995931246666
docker/docker	19137	18887 0.827542182713607
docker/docker	1775	1774 0.08695617924496084
dotnet/corefx	4160	4157 0.5759678887784638
django/django	1480	1478 0.9917012277588753
django/django	5404	5378 0.9721691767385453
docker/docker	20206	20205 0.928705872999818
docker/docker	9426	9405 0.8202652718686729
django/django	8405	8303 0.9659587430502522
docker/docker	6178	6061 0.951031732403615
docker/docker	7666	7658 0.380525455607412
django/django	3060	1845 0.945740317438327
dotnet/corefx	14641	14631 0.9999998498095647
dotnet/corefx	441	438 0.9999869130365036
dotnet/corefx	19477	19463 0.8279531888367082
docker/docker	31352	29766 0.9911227365284347
django/django	1690	1197 0.9948810052698706
django/django	2425	2366 0.6115149389965561
django/django	3938	3475 0.9868954537442943
django/django	1758	1752 0.9999964105391528
django/django	1995	1989 0.9999995247390018
django/django	6801	6758 0.9999818270796583
dotnet/corefx	12873	12863 0.9965576150076464
django/django	1478	1435 0.9763644178091663
django/django	5158	5149 0.9999999604606645
django/django	7135	6660 0.7498525973535595
django/django	5052	5049 0.9999999427802797
dotnet/corefx	3686	3046 0.9999909595291558
dotnet/corefx	5345	5327 0.9767933667271064
django/django	7825	7814 0.9999999939700125
docker/docker	4194	3853 0.9923060553140385
docker/docker	12768	12180 0.9355650433559349
django/django	2564	2432 0.999999922590111
django/django	5220	4250 0.9999987322932239
docker/docker	12424	12282 0.9999814733623228
django/django	7644	7496 0.9999999820329779
django/django	6267	6266 0.9999999926611124
django/django	5951	5742 0.9999999219200129
docker/docker	9715	9233 0.8917275794954626
elastic/elasticsearch	10923	10854 0.04512271625232767
elastic/elasticsearch	6082	6078 0.9056309855416764
elastic/elasticsearch	12710	12692 0.17230469109586438
elastic/elasticsearch	11570	7929 0.48585307300787467
elastic/elasticsearch	20545	20407 0.07093883200056916
emberjs/ember.js	11667	11660 0.7192954400453802
emberjs/ember.js	12908	12832 0.8938782144699692
emberjs/ember.js	13775	13751 0.019457169645680002
emberjs/ember.js	1070	1066 0.026699920813809137
elastic/elasticsearch	11512	8376 0.026282807790249677
elastic/elasticsearch	6576	6562 0.9814932223628466
emberjs/ember.js	13685	13684 0.29778200380227815
elastic/elasticsearch	21912	21447 0.9324324294097248
emberjs/ember.js	2892	2485 0.9999994445340039
elastic/elasticsearch	10582	10499 0.0837467419761174
emberjs/ember.js	13278	13270 0.7886463564940076
emberjs/ember.js	11146	10983 0.9765656987316123
elastic/elasticsearch	6303	4586 0.04163142546377531
elastic/elasticsearch	18545	16731 0.9999870785215562
emberjs/ember.js	13365	12737 0.9958917689889448
elastic/elasticsearch	12027	7965 0.6311508621489467
elastic/elasticsearch	14935	14766 0.8926962877339519
elastic/elasticsearch	4993	1464 0.13783192943180114
emberjs/ember.js	2212	2030 0.8987854832046281
elastic/elasticsearch	12209	11646 0.19679148328759533
emberjs/ember.js	4532	3740 0.9999975737838864
elastic/elasticsearch	8729	8148 0.9999983239170436
elastic/elasticsearch	19594	19489 0.9475867430222079
emberjs/ember.js	14966	13175 0.996834256028214
emberjs/ember.js	11426	11381 0.9999997149256972
elastic/elasticsearch	25209	20852 0.9670550350348627
emberjs/ember.js	12789	12787 0.9999908943948771
emberjs/ember.js	12630	12344 0.07861080808599398
elastic/elasticsearch	17985	15114 0.293455577977861
elastic/elasticsearch	18214	18193 0.40632743233391744
emberjs/ember.js	3774	3764 0.9999996134840313
emberjs/ember.js	1354	1238 0.9999964956177321
facebook/react	2114	1301 0.8960195063268193
facebook/react	3405	3282 0.024914232925136434
facebook/react	2121	1301 0.9999937567652748
facebook/react	3589	3533 0.9521095978913728
facebook/react	2512	2511 0.9999961923417657
facebook/react	8757	8648 0.9523085920149275
facebook/react	8612	7402 0.9436377702917245
facebook/react	7819	4344 0.05418608407734207
facebook/react	3184	3180 0.8035229145975666
facebook/react	722	703 0.5912234685814948
facebook/react	8635	7272 0.9999996994583624
facebook/react	1539	1240 0.9965588072762461
facebook/react	8647	8328 0.9947336220586167
facebook/react	7326	3913 0.3397319517944034
facebook/react	5374	5257 0.7328823776872114
facebook/react	3281	2549 0.9710660572865941
facebook/react	8764	8655 0.6124486499594359
facebook/react	6419	5884 0.036587006193049165
facebook/react	4157	2263 0.9999925894776872
facebook/react	8678	8648 0.7699659028780935
facebook/react	520	510 0.6480980772495183
facebook/react	4561	4463 0.9631990472348807
facebook/react	5391	5009 0.9862310456139595
facebook/react	8112	8101 0.20006188478177606
facebook/react	8112	8106 0.8237578602193755
facebook/react	938	830 0.9777368223242549
facebook/react	6958	6744 0.9999955543390823
facebook/react	6046	5264 0.8970308530704675
facebook/react	1221	760 0.9999987699566143
facebook/react	8109	8106 0.9913392483256884
facebook/react	5714	5398 0.9661788854482029
facebook/react	5714	5613 0.612757158181532
facebook/react	5004	4051 0.0834048737423183
facebook/react	7621	6893 0.830241857515894
facebook/react	5753	5099 0.03131353825177285
hashicorp/terraform	1426	1285 0.05488716492833495
hashicorp/terraform	5196	5177 0.9439194716479061
hashicorp/terraform	14204	14190 0.9675366984298821
hashicorp/terraform	6570	5269 0.9939975860959049
hashicorp/terraform	9686	9482 0.9999999749227652
hashicorp/terraform	1654	1644 0.9867022884341244
hashicorp/terraform	3064	3019 0.9999823441251896
hashicorp/terraform	1764	1697 0.9999986789864633
hashicorp/terraform	1827	1526 0.9853312306702938
hashicorp/terraform	14429	14263 0.9999940256610029
hashicorp/terraform	9398	7617 0.9999998201452988
hashicorp/terraform	5299	5285 0.9999826534692678
hashicorp/terraform	1974	1952 0.9858176573109395
hashicorp/terraform	11261	9463 0.9999999107769575
hashicorp/terraform	1525	1214 0.9965578783734104
hashicorp/terraform	2839	2791 0.9879094356002077
hashicorp/terraform	1804	1801 0.9999995580871263
hashicorp/terraform	9646	8791 0.9968910810666743
hashicorp/terraform	2411	2086 0.9999984856885489
hashicorp/terraform	3908	3860 0.9678654345558936
hashicorp/terraform	11157	10870 0.9999999841002097
hashicorp/terraform	12913	12879 0.9294346913800715
hashicorp/terraform	5888	4780 0.9400212184626563
hashicorp/terraform	3330	3259 0.999998609819815
hashicorp/terraform	10578	9789 0.9952360667613724
hashicorp/terraform	14103	14082 0.9999998333412632
hashicorp/terraform	7874	6533 0.15980648609724032
hashicorp/terraform	7785	6956 0.9963072723674635
hashicorp/terraform	1620	1357 0.9999914105422337
hashicorp/terraform	440	339 0.9700938863138858
hashicorp/terraform	3761	3509 0.9893448069811733
hashicorp/terraform	1939	1888 0.9999987537053502
hashicorp/terraform	6344	5893 0.999998647065857
hashicorp/terraform	14192	11093 0.9999998604915873
hashicorp/terraform	2630	2571 0.986472729058145
hashicorp/terraform	14514	13852 0.9999999706566136
joomla/joomla-cms	3114	3088 0.6766673816759033
joomla/joomla-cms	5293	3602 0.022732427988779447
joomla/joomla-cms	16143	16077 0.9972143132136492
joomla/joomla-cms	5293	4870 0.0525166422581637
joomla/joomla-cms	4751	4517 0.10703664178541744
joomla/joomla-cms	4267	4264 0.8743821071407947
joomla/joomla-cms	3973	2739 0.8198084783349806
joomla/joomla-cms	7832	5368 0.02300335943091137
joomla/joomla-cms	3902	3840 0.6807243860137115
joomla/joomla-cms	10268	7830 0.20219233100508746
joomla/joomla-cms	6693	4127 0.7499997034019549
joomla/joomla-cms	4755	4517 0.41838763992005257
joomla/joomla-cms	3222	1469 0.9960119221569166
joomla/joomla-cms	2636	2549 0.6834781811356389
joomla/joomla-cms	4739	4517 0.03823370908728978
joomla/joomla-cms	1279	1252 0.06581289625435909
joomla/joomla-cms	10793	10764 0.9287880145457476
joomla/joomla-cms	5140	4936 0.23602009213258168
joomla/joomla-cms	8475	8467 0.4845015767947777
joomla/joomla-cms	3127	1240 0.17330946537152597
joomla/joomla-cms	8586	8544 0.9565023718311156
joomla/joomla-cms	2589	2465 0.3929775558213854
joomla/joomla-cms	13672	11061 0.9923366113788215
joomla/joomla-cms	11554	8991 0.9921834176274992
joomla/joomla-cms	15633	15618 0.997247129515496
joomla/joomla-cms	15998	15138 0.9999992684492547
joomla/joomla-cms	8365	7487 0.957755511079329
joomla/joomla-cms	7212	7041 0.9950246966817524
joomla/joomla-cms	15618	15427 0.9788658008483391
joomla/joomla-cms	9330	6132 0.9963625535925656
joomla/joomla-cms	3687	3565 0.9850805116825742
joomla/joomla-cms	14626	13730 0.9855372773739605
joomla/joomla-cms	9121	8394 0.7405488349619732
joomla/joomla-cms	8555	6756 0.9365689089589111
joomla/joomla-cms	2833	2789 0.9956035501884879
joomla/joomla-cms	6641	6629 0.8418737550881424
joomla/joomla-cms	10817	6693 0.9313269661827188
joomla/joomla-cms	16146	13500 0.9897039578995832
joomla/joomla-cms	3534	1500 0.9999997262296634
joomla/joomla-cms	8693	8296 0.9999997220360082
joomla/joomla-cms	5238	3182 0.9999963117834113
joomla/joomla-cms	14073	14069 0.029258273592416083
joomla/joomla-cms	2640	2639 0.9911422182668841
joomla/joomla-cms	4197	2316 0.06574572998379395
joomla/joomla-cms	2640	2638 0.9999831906636366
joomla/joomla-cms	4374	3024 0.5290008163505125
joomla/joomla-cms	3432	3093 0.9829065080968394
joomla/joomla-cms	5276	4363 0.8795600455178549
joomla/joomla-cms	4257	4229 0.1604954434592062
joomla/joomla-cms	14139	11288 0.9606110173075924
joomla/joomla-cms	14792	14787 0.8585545260658156
joomla/joomla-cms	3188	2681 0.9999907190659053
joomla/joomla-cms	942	941 0.9890746438816489
joomla/joomla-cms	14139	12841 0.9972715928472233
joomla/joomla-cms	8284	8268 0.3910247887152245
joomla/joomla-cms	3274	1620 0.0614885762446635
joomla/joomla-cms	8398	7731 0.38838547997704315
joomla/joomla-cms	2366	1731 0.983698158144113
joomla/joomla-cms	5189	4726 0.035859354136797555
joomla/joomla-cms	7778	7145 0.9963928007181941
joomla/joomla-cms	5888	5664 0.9999956490278309
joomla/joomla-cms	1516	559 0.45492016640945226
joomla/joomla-cms	10168	9095 0.9568861503906902
joomla/joomla-cms	10241	6317 0.9729133694941295
joomla/joomla-cms	3463	1520 0.9789020896635612
joomla/joomla-cms	2589	972 0.037226434561387724
joomla/joomla-cms	14139	11524 0.9999911086524502
joomla/joomla-cms	10753	9035 0.02650751066662244
joomla/joomla-cms	1618	1611 0.9999997468538581
joomla/joomla-cms	3376	2494 0.9883025271599786
joomla/joomla-cms	2610	2516 0.9999999742234189
joomla/joomla-cms	8768	8350 0.9999997454750242
joomla/joomla-cms	1515	1506 0.901429848016537
joomla/joomla-cms	8574	8420 0.9035054113991692
joomla/joomla-cms	1818	1619 0.9375542597796424
joomla/joomla-cms	2986	2735 0.9945552276032734
joomla/joomla-cms	14907	12625 0.26250472551401416
joomla/joomla-cms	2111	2029 0.9864979778856663
joomla/joomla-cms	2690	2439 0.9642018852925734
joomla/joomla-cms	5935	3024 0.9927535638948423
joomla/joomla-cms	6460	3510 0.9965710005827256
joomla/joomla-cms	4211	3709 0.11736885492285039
joomla/joomla-cms	5958	3648 0.9345734769669256
joomla/joomla-cms	1268	1267 0.4144950066948742
joomla/joomla-cms	9280	9274 0.9911680920299781
joomla/joomla-cms	4159	4147 0.02871712248728162
joomla/joomla-cms	13473	13464 0.9999962109502143
joomla/joomla-cms	3878	2330 0.9999999361256748
joomla/joomla-cms	10059	6767 0.9999970587912173
joomla/joomla-cms	6439	4654 0.985213812078337
joomla/joomla-cms	7274	7235 0.9782386540672682
joomla/joomla-cms	11353	8039 0.9514202559020913
joomla/joomla-cms	14958	14750 0.3293699166587656
joomla/joomla-cms	9569	7554 0.9999999917798187
joomla/joomla-cms	14082	13956 0.9952780693567743
joomla/joomla-cms	7097	6660 0.9999969011548859
joomla/joomla-cms	2070	2056 0.9999999902921695
kubernetes/kubernetes	661	657 0.4638035447534317
kubernetes/kubernetes	35745	32790 0.9999996144690668
kubernetes/kubernetes	8639	7439 0.617835337723967
kubernetes/kubernetes	30993	28284 0.9847054792566335
kubernetes/kubernetes	10895	10784 0.9999969876696473
kubernetes/kubernetes	45455	40210 0.4803669784182979
kubernetes/kubernetes	13322	13144 0.9168988608654021
kubernetes/kubernetes	47322	46193 0.043416107165231616
kubernetes/kubernetes	45273	44727 0.8770842224921452
kubernetes/kubernetes	18449	13838 0.022997367571158178
kubernetes/kubernetes	42883	42630 0.043096392811018146
kubernetes/kubernetes	5775	5714 0.061657110465967016
kubernetes/kubernetes	38789	33757 0.08093817256890116
kubernetes/kubernetes	29226	29204 0.15578444359097168
kubernetes/kubernetes	40550	39903 0.02999681613493394
kubernetes/kubernetes	11450	11364 0.022013431792965527
kubernetes/kubernetes	15401	15224 0.04484522512673334
kubernetes/kubernetes	33964	30787 0.39545350125178036
kubernetes/kubernetes	6949	6938 0.023844336374383192
kubernetes/kubernetes	25888	24861 0.9073050979170375
kubernetes/kubernetes	37347	37332 0.9999996360115974
kubernetes/kubernetes	45065	45034 0.9236207374219004
kubernetes/kubernetes	24881	24201 0.975716138022373
kubernetes/kubernetes	13628	13616 0.8097566699023986
kubernetes/kubernetes	3200	3199 0.9999966720084059
kubernetes/kubernetes	44839	44583 0.8283974875426102
kubernetes/kubernetes	15043	14871 0.952237758860322
kubernetes/kubernetes	44838	44583 0.9373489932552385
kubernetes/kubernetes	44727	44463 0.10296470795089217
kubernetes/kubernetes	29995	29447 0.9973455601829774
kubernetes/kubernetes	5784	5775 0.9750999230340276
kubernetes/kubernetes	2412	2397 0.9446862141126902
kubernetes/kubernetes	5763	5233 0.9999879871924136
kubernetes/kubernetes	41942	37571 0.05240800889607104
kubernetes/kubernetes	11219	10234 0.8598695872428957
kubernetes/kubernetes	44500	42007 0.9365689949183921
kubernetes/kubernetes	4698	4494 0.988585025763827
kubernetes/kubernetes	28414	24299 0.9999997624306523
kubernetes/kubernetes	30848	29741 0.9999915947415725
kubernetes/kubernetes	9575	7227 0.9901865867561833
kubernetes/kubernetes	3274	3270 0.9851916387900913
kubernetes/kubernetes	12980	12895 0.9999989825901053
kubernetes/kubernetes	28606	28206 0.9999983711885009
kubernetes/kubernetes	43902	43871 0.9956999674769864
kubernetes/kubernetes	36195	36186 0.9999999918931773
kubernetes/kubernetes	34424	32408 0.9999913386596696
kubernetes/kubernetes	35839	35760 0.9362392445325141
kubernetes/kubernetes	43666	42717 0.9360592390543196
kubernetes/kubernetes	46823	46739 0.9715783524550298
kubernetes/kubernetes	37140	36826 0.9999999896941936
kubernetes/kubernetes	43719	42815 0.995254541368432
kubernetes/kubernetes	39634	39632 0.9999997210810332
mozilla-b2g/gaia	10547	8726 0.9936812836644645
mozilla-b2g/gaia	9768	9467 0.05274740278540581
mozilla-b2g/gaia	1010	1004 0.08191678323306072
mozilla-b2g/gaia	28433	28349 0.9745622569472489
mozilla-b2g/gaia	13480	12010 0.9999951428027724
mozilla-b2g/gaia	10373	10253 0.029429462037865426
mozilla-b2g/gaia	13342	12014 0.9999993488613359
mozilla-b2g/gaia	10980	10738 0.9358164157502252
nodejs/node	1424	493 0.02441929379035437
nodejs/node	12490	12105 0.20666227413057647
nodejs/node	7185	7160 0.027036834257194397
nodejs/node	2727	2726 0.2403188627037632
nodejs/node	8491	8334 0.026699411259078754
nodejs/node	12231	12230 0.37787630710347775
nodejs/node	2556	2312 0.03447579534302779
nodejs/node	4814	4813 0.93426044937322
nodejs/node	11099	10343 0.09760583383987478
nodejs/node	3068	3059 0.9735174405817569
nodejs/node	10579	10282 0.4244863950590239
nodejs/node	5786	5782 0.9705155753914221
nodejs/node	7616	7311 0.9356653775813489
nodejs/node	12231	12204 0.6621846366897302
nodejs/node	10937	10525 0.9807909841006331
nodejs/node	6531	5056 0.9927340404582142
nodejs/node	5690	5689 0.9999953566174508
nodejs/node	11310	9351 0.993315995153484
nodejs/node	12437	9961 0.9828464307224051
nodejs/node	7626	7311 0.9999993947278396
nodejs/node	3813	2205 0.9940069801533036
nodejs/node	561	161 0.9999997419940342
nodejs/node	9233	9184 0.9783498533142373
nodejs/node	7911	7745 0.04234573166923982
nodejs/node	81	56 0.9887407933976416
nodejs/node	8923	3062 0.9999964900887395
nodejs/node	6537	6536 0.9825084253221569
nodejs/node	5020	4975 0.5980184178821533
nodejs/node	5783	5544 0.9840270562509473
nodejs/node	4124	3511 0.9999949600057001
nodejs/node	13650	13570 0.9892996548040952
nodejs/node	11533	9352 0.9999895947676524
nodejs/node	11599	7850 0.9999989115839476
nodejs/node	12491	12487 0.9999976520322054
nodejs/node	7933	7932 0.9538828537365827
nodejs/node	4342	4062 0.9999999535565257
nodejs/node	12901	12426 0.9999988691609105
nodejs/node	2207	2205 0.9360840918597684
nodejs/node	7771	7689 0.40894668631219055
pydata/pandas	16678	16677 0.939628232286207
pydata/pandas	11149	8828 0.19262800171498828
pydata/pandas	3914	3893 0.10460651829542195
pydata/pandas	10857	10656 0.12988352160036784
pydata/pandas	9292	7462 0.30314604487483926
pydata/pandas	7130	6890 0.74474717976959
pydata/pandas	14791	14728 0.9699990596440866
pydata/pandas	9348	8728 0.9749385649995524
pydata/pandas	12576	12566 0.9999981763332545
pydata/pandas	5134	5127 0.9123423087610616
pydata/pandas	15253	15248 0.9999916192652657
pydata/pandas	7470	4505 0.9999998122001192
pydata/pandas	11253	6687 0.38483463504526033
pydata/pandas	5950	4958 0.8372526286571317
pydata/pandas	12162	12137 0.9999908560416307
pydata/pandas	10269	9924 0.9953795278871028
pydata/pandas	2005	1654 0.9167547969325958
pydata/pandas	14599	12580 0.9950362090399612
pydata/pandas	5950	4680 0.9839901835407904
pydata/pandas	16441	15971 0.9896257060990618
rails/rails	27589	27588 0.030788443784587644
rails/rails	15674	13428 0.1631140183270068
rails/rails	16964	11173 0.9431783525577642
rails/rails	24450	23103 0.053317273254516996
rails/rails	24608	24493 0.4348976084832161
rails/rails	28399	28068 0.029365554442078088
rails/rails	6936	1777 0.9950945370270899
rails/rails	18706	10891 0.09466732349495752
rust-lang/rust	8982	8980 0.8384142487175107
rust-lang/rust	14331	12524 0.9293086236664526
rust-lang/rust	37393	37316 0.9999883094807851
rails/rails	14030	12413 0.03649790247256341
rust-lang/rust	9325	9315 0.957880761975469
rust-lang/rust	7991	7982 0.03336502213951635
rust-lang/rust	7657	7656 0.09366505376726801
rust-lang/rust	5109	5102 0.994521914478049
rails/rails	15674	13792 0.27912508171690853
rust-lang/rust	7919	7897 0.5380077373978478
rust-lang/rust	24024	23871 0.9555836497420386
rust-lang/rust	25837	25816 0.17407135787176567
rust-lang/rust	26963	26163 0.38328742452131315
rust-lang/rust	22276	22242 0.30770580511209966
rust-lang/rust	14014	13832 0.8947151452354183
rust-lang/rust	34010	33769 0.2518656407257641
rust-lang/rust	33327	33189 0.02082926769374404
rust-lang/rust	42089	42081 0.24976746078562523
rust-lang/rust	7738	7736 0.9351123459591553
rust-lang/rust	11388	11364 0.10644179762479625
rust-lang/rust	17088	16991 0.023854028785531504
rust-lang/rust	42631	42059 0.07755988571063978
rust-lang/rust	42418	42413 0.34455657881959856
rust-lang/rust	15809	15707 0.024895690500101687
rust-lang/rust	19980	19974 0.14387070344400896
rust-lang/rust	17063	17029 0.022732427988779447
rust-lang/rust	27100	26955 0.03571491732918066
rust-lang/rust	5663	5660 0.8207393187310866
rust-lang/rust	8080	8074 0.6466840975310213
rust-lang/rust	9316	9315 0.9999974750736076
rust-lang/rust	19388	504 0.022732427988779447
rust-lang/rust	9643	9594 0.10067338743103345
rust-lang/rust	9606	9604 0.9318286886848725
rust-lang/rust	23988	23967 0.4126584364015793
rust-lang/rust	21355	21185 0.5218884724594476
rust-lang/rust	31138	31099 0.9957599892726957
rust-lang/rust	7270	7226 0.7544890863149594
rust-lang/rust	7707	7676 0.05486519646654896
rust-lang/rust	28564	28531 0.9999998725336268
rails/rails	7868	5396 0.9957865538716463
rails/rails	21302	11173 0.9999993998954937
rails/rails	6060	5587 0.9915719520153904
rails/rails	26882	18942 0.995630228079297
rails/rails	5927	5710 0.9999999441044443
rails/rails	22270	19789 0.8022251441605986
rails/rails	18085	16625 0.5965045959992167
rails/rails	14509	12519 0.25555258276521875
rails/rails	8919	8741 0.883439500211189
rails/rails	11676	11496 0.986704617056873
rails/rails	10905	10846 0.9442285009654398
rails/rails	23816	23792 0.9999925384442915
rails/rails	22254	21763 0.9687863080441391
rails/rails	22933	22932 0.22331274685337968
rails/rails	20866	20021 0.9909842121922751
rails/rails	12222	12088 0.9999980207287443
rails/rails	26555	26548 0.956332810390872
rails/rails	15224	5892 0.9663060323408414
rust-lang/rust	19169	19116 0.9742374817200635
rust-lang/rust	22055	21968 0.03289463807511516
rails/rails	26266	24962 0.9430673545625877
rails/rails	15674	12717 0.8574304944615446
rails/rails	25240	24741 0.779057062304256
rust-lang/rust	7547	7494 0.9999924454427723
rails/rails	16796	13548 0.9931429841187512
rust-lang/rust	19486	18770 0.4490119788133172
rust-lang/rust	38152	37493 0.9834861122950208
rails/rails	15674	13606 0.990111701432998
rails/rails	21414	17502 0.9938453702620557
rails/rails	6557	6477 0.30589447077128445
rust-lang/rust	25902	25739 0.018322091930848734
rust-lang/rust	34253	33738 0.9249689096455795
rails/rails	25828	25355 0.9956695423707523
rails/rails	19501	16146 0.7398426241105611
rails/rails	22462	20761 0.9962343187789424
rust-lang/rust	28727	28717 0.9999979857192963
rails/rails	13455	8920 0.9919681729801811
rails/rails	23269	23242 0.3730051613903528
rails/rails	2062	1139 0.9933786166749639
rails/rails	20813	13869 0.9933123992441095
rails/rails	18706	9052 0.9366702166569902
rust-lang/rust	15847	15115 0.9438523666874845
rails/rails	24157	18313 0.9999870994661506
rails/rails	20697	20050 0.9950352196163628
rails/rails	13900	13715 0.9999998646353002
rails/rails	23976	23665 0.9355282349120526
rails/rails	20828	12286 0.9999998271575024
rust-lang/rust	20653	20641 0.9352663720562976
rust-lang/rust	30676	30608 0.9999949824461637
rails/rails	18754	8225 0.9127403775494275
rails/rails	19021	11183 0.9999944338871615
rails/rails	15950	15195 0.9953062864164084
rails/rails	28355	27198 0.9999973786396639
rails/rails	15764	15162 0.9999991975506933
rust-lang/rust	33744	33546 0.9999840752166234
rails/rails	28776	27331 0.9971849498060598
rails/rails	25221	23376 0.9999994328411935
rust-lang/rust	30719	30718 0.9999993723044631
rails/rails	10992	10920 0.9999998588599104
rust-lang/rust	19705	19701 0.9483354891783784
rails/rails	8064	5384 0.9969999227463257
rust-lang/rust	38466	38450 0.9953309204330986
saltstack/salt	32747	32563 0.8810932784952551
saltstack/salt	40782	40781 0.9951420457666079
saltstack/salt	27652	27645 0.975539606691731
saltstack/salt	10775	10770 0.9881481339389979
saltstack/salt	5096	5094 0.9953971637354642
saltstack/salt	30953	30951 0.36535636630220947
saltstack/salt	35243	35132 0.2174029143844636
saltstack/salt	26136	26117 0.939628232286207
saltstack/salt	23500	23497 0.9657224271975338
saltstack/salt	33916	33670 0.055558485987065025
saltstack/salt	11989	11988 0.2337750906693474
saltstack/salt	25843	25835 0.5912234685814948
saltstack/salt	14213	14197 0.9503102483435953
saltstack/salt	20535	20509 0.9524249906486151
saltstack/salt	15352	15333 0.8741956932593068
scikit-learn/scikit-learn	3181	2632 0.16001675530305307
scikit-learn/scikit-learn	5835	5771 0.9910426254621162
scikit-learn/scikit-learn	6337	6332 0.12096888680027508
scikit-learn/scikit-learn	7015	5900 0.3441807330860863
scikit-learn/scikit-learn	3735	2979 0.09547403158747345
scikit-learn/scikit-learn	7350	7312 0.9440742061928676
scikit-learn/scikit-learn	5152	4845 0.08368258389881007
scikit-learn/scikit-learn	6841	5064 0.902011171831824
scikit-learn/scikit-learn	4308	4087 0.20593734927646715
scikit-learn/scikit-learn	3760	3655 0.08249958012233319
servo/servo	8937	8936 0.08424337545772365
servo/servo	10082	8641 0.034488273000712534
servo/servo	1134	1133 0.06188489915662942
servo/servo	6261	6258 0.13396895609347292
servo/servo	14664	14312 0.04164937959800809
servo/servo	8411	8404 0.9108791180783302
servo/servo	8900	8884 0.25442344173781556
servo/servo	9401	7832 0.059566575521716694
servo/servo	512	497 0.035520817400183285
symfony/symfony	20522	20492 0.09187779437003857
symfony/symfony	16062	15301 0.047668007577865684
symfony/symfony	13800	13762 0.1745657242070042
symfony/symfony	12109	11327 0.024173855781701017
symfony/symfony	22983	22968 0.9774100107037462
symfony/symfony	9843	9764 0.3860893349252572
symfony/symfony	21984	21968 0.990708166298362
symfony/symfony-docs	5605	5188 0.996488814765115
symfony/symfony-docs	7090	6927 0.45023090362184937
symfony/symfony-docs	7824	7770 0.6332329433763977
symfony/symfony-docs	5727	5695 0.21198545403454222
symfony/symfony-docs	3685	3650 0.9557404347990551
symfony/symfony-docs	4981	4644 0.5912234685814948
scikit-learn/scikit-learn	7350	5393 0.03845598564169335
scikit-learn/scikit-learn	6582	6376 0.9865613700235624
scikit-learn/scikit-learn	7978	7902 0.7190890359046946
symfony/symfony	19888	19614 0.4438800624781922
symfony/symfony	21408	20836 0.041404443695331375
scikit-learn/scikit-learn	7374	5836 0.9375320138236851
symfony/symfony	13636	13634 0.9965245271333758
symfony/symfony-docs	4221	4105 0.3905481776137665
saltstack/salt	32086	31660 0.6925372191279883
scikit-learn/scikit-learn	6717	1939 0.02671287577480405
saltstack/salt	38829	38266 0.22945501079598488
scikit-learn/scikit-learn	8658	4494 0.3159483493430443
symfony/symfony	260	228 0.7567701226445825
symfony/symfony-docs	6150	5942 0.9829267929215474
symfony/symfony	20713	19576 0.8427502613744062
symfony/symfony	2396	2181 0.6187734652091431
symfony/symfony	14803	14539 0.9999997442914778
symfony/symfony	7825	7713 0.9664873618785684
scikit-learn/scikit-learn	7261	6028 0.9371096966425357
symfony/symfony	18143	18136 0.9999999764819306
scikit-learn/scikit-learn	3125	2694 0.5681175126962995
symfony/symfony	640	638 0.483161779569661
symfony/symfony	10568	10253 0.9999975682853641
symfony/symfony	15005	14680 0.9999934202321128
symfony/symfony	20786	20750 0.9999980157847869
symfony/symfony	9005	9002 0.9961592443607002
symfony/symfony	11400	56 0.023891285525597376
saltstack/salt	22626	22406 0.9701826621282837
scikit-learn/scikit-learn	7819	6077 0.6149653941945108
scikit-learn/scikit-learn	7011	7009 0.9999966216538589
symfony/symfony	12967	12963 0.9570172238210818
symfony/symfony	142	79 0.9970083133920521
symfony/symfony-docs	6152	6089 0.8604924370573039
symfony/symfony	13027	12889 0.9620412181365103
symfony/symfony-docs	1488	1013 0.9468437001955431
symfony/symfony	10500	10498 0.5403752178397178
symfony/symfony	11993	11687 0.1243621161879897
symfony/symfony	6603	6583 0.9879599060167595
symfony/symfony	20190	19492 0.9999999706811726
symfony/symfony	7346	7344 0.9963353805477588
symfony/symfony	6293	5401 0.9999990492472918
symfony/symfony	1609	1386 0.9999978826478513
symfony/symfony	17760	17755 0.0837685642084678
symfony/symfony	7442	7392 0.9999868351370681
servo/servo	7232	6579 0.9999983642118827
servo/servo	14737	12154 0.9424707495516659
symfony/symfony	12758	12757 0.9999999110852552
symfony/symfony	6583	6450 0.9999985897692455
symfony/symfony	17837	17831 0.5199904850188855
symfony/symfony	5171	4309 0.9530637022987836
symfony/symfony	5170	5169 0.9969507327733788
symfony/symfony	20757	19492 0.9414247203601473
symfony/symfony	11269	11238 0.9999970196651767
symfony/symfony	9613	8313 0.9999998648386431
symfony/symfony	7571	7216 0.8881642360323605
symfony/symfony	12314	6910 0.9999999925920012
symfony/symfony	13661	13449 0.9999996632344647
symfony/symfony	1539	1531 0.948159780625139
symfony/symfony	14205	14197 0.022732427988779447
symfony/symfony	833	781 0.026540530338365627
symfony/symfony	17434	16202 0.9971058422607252
symfony/symfony	6267	790 0.28726623734050255
symfony/symfony-docs	4861	4840 0.14178836973904355
symfony/symfony-docs	4861	4847 0.14178836973904355
symfony/symfony-docs	4861	4849 0.14178836973904355
symfony/symfony-docs	5245	5203 0.646827793823275
symfony/symfony-docs	4550	4539 0.9999989246647115
symfony/symfony-docs	7800	7128 0.9870067814456137
symfony/symfony-docs	5876	5788 0.675406105369539
symfony/symfony	11412	11074 0.8780919072569341
symfony/symfony-docs	7528	2349 0.022732427988779447
symfony/symfony-docs	4861	4814 0.14178836973904355
symfony/symfony-docs	5231	5203 0.5272742936466762
symfony/symfony-docs	6210	6199 0.3016389038062471
saltstack/salt	39727	39630 0.8873455770481804
servo/servo	6823	6741 0.9327592559514772
symfony/symfony	9015	9002 0.9972791935621603
symfony/symfony-docs	6576	6419 0.9881679626568314
symfony/symfony	12930	12889 0.9904218100289657
symfony/symfony-docs	5203	5197 0.9934303552323787
symfony/symfony-docs	3459	3455 0.06194008180620976
symfony/symfony-docs	3670	3669 0.5912234685814948
symfony/symfony-docs	4489	4412 0.9331051738358531
symfony/symfony-docs	6047	5974 0.9999998929222749
symfony/symfony-docs	4861	4806 0.14178836973904355
symfony/symfony-docs	4861	4810 0.14178836973904355
symfony/symfony-docs	6148	5942 0.9999963676745153
symfony/symfony-docs	4701	4695 0.37079047347796007
symfony/symfony-docs	5945	5942 0.9374466802189934
symfony/symfony-docs	5208	5182 0.9670104040093648
scikit-learn/scikit-learn	5420	5008 0.9999978047706828
servo/servo	11383	11340 0.994474801386699
symfony/symfony	1439	1435 0.9952040875773768
symfony/symfony	21241	20793 0.9176982985521622
symfony/symfony-docs	7725	7587 0.9934446260774689
symfony/symfony	9099	7512 0.9939408000911006
scikit-learn/scikit-learn	3735	3310 0.9285574268966815
symfony/symfony	13587	12355 0.9674182178649585
symfony/symfony	233	228 0.8046806045577626
symfony/symfony-docs	1472	1453 0.9692186117872186
symfony/symfony-docs	5214	4773 0.9794115894612152
symfony/symfony-docs	3495	3477 0.9919016787392767
symfony/symfony	14496	14351 0.9834231229165459
scikit-learn/scikit-learn	1961	1787 0.9540269922376772
scikit-learn/scikit-learn	7026	1742 0.14659489277672488
servo/servo	11235	11191 0.06031210133108531
symfony/symfony	11757	11431 0.8664166752511006
symfony/symfony	10179	8313 0.055288841409903276
symfony/symfony	15530	9682 0.9999997782871529
symfony/symfony	13286	13282 0.9935120505714156
symfony/symfony-docs	5764	5761 0.25364454489995136
saltstack/salt	22510	22347 0.9836199321288734
symfony/symfony	20210	17771 0.8431147161358129
symfony/symfony-docs	6283	6172 0.9194620255781356
symfony/symfony-docs	7344	6610 0.26379844517012446
symfony/symfony-docs	8032	8027 0.897452689666061
symfony/symfony	18254	18134 0.9953654517626377
servo/servo	8905	8901 0.9999996979164492
servo/servo	17233	17229 0.9999895568757161
symfony/symfony	19959	19745 0.9999999341475775
symfony/symfony	8764	8213 0.9999997997636849
symfony/symfony	9350	6147 0.9999999442018317
servo/servo	8241	33 0.023140984122124106
symfony/symfony	8441	8350 0.9849231718283967
symfony/symfony	12773	11883 0.9878689254880412
symfony/symfony	11295	9719 0.997078909433282
symfony/symfony	15328	15251 0.9620642423427234
scikit-learn/scikit-learn	7825	6307 0.5313404120243609
scikit-learn/scikit-learn	6429	4567 0.9999939374111757
scikit-learn/scikit-learn	7776	7775 0.9999971906766293
servo/servo	9261	9254 0.9206305320756448
symfony/symfony	17760	17372 0.9999998571959676
symfony/symfony	9148	7999 0.9786471624050637
symfony/symfony	11651	11516 0.9999997620002976
symfony/symfony	11498	11478 0.9968059677143184
symfony/symfony-docs	2957	2904 0.9973337061068269
scikit-learn/scikit-learn	6307	5642 0.8704961744238499
scikit-learn/scikit-learn	6436	6431 0.9999999903766098
symfony/symfony	9377	8133 0.9999998930550913
symfony/symfony	15975	14235 0.98897198676895
symfony/symfony	16527	16031 0.9677133143055564
symfony/symfony	6905	5410 0.999991115158178
symfony/symfony-docs	4591	4545 0.995334447475606
saltstack/salt	35382	35376 0.9999988835782455
symfony/symfony	13071	11129 0.9999988101824293
symfony/symfony	5457	5391 0.9956388656705948
symfony/symfony	21077	19586 0.928345308668491
symfony/symfony	9754	9713 0.9102969268525576
scikit-learn/scikit-learn	6087	5513 0.9999982859104916
symfony/symfony	19186	18788 0.9999903188536082
symfony/symfony	14561	14399 0.9959847121556403
symfony/symfony	15930	15301 0.9999958771196805
saltstack/salt	24528	24490 0.9956521461315921
scikit-learn/scikit-learn	8143	7986 0.9377574590972296
symfony/symfony	177	161 0.9999998975838367
symfony/symfony	17468	17136 0.9999933111796553
symfony/symfony	17543	10539 0.9999909626398342
symfony/symfony	5522	4937 0.9999995170139641
scikit-learn/scikit-learn	5951	5874 0.996776803203361
scikit-learn/scikit-learn	6313	5372 0.5454192631913718
scikit-learn/scikit-learn	5784	2073 0.9865034960486473
symfony/symfony	20858	20743 0.9999998584265687
symfony/symfony-docs	5946	5942 0.9957448366171919
symfony/symfony	17385	14506 0.9999971688336422
symfony/symfony-docs	7830	7547 0.06111782792739233
symfony/symfony	3378	3002 0.15762746051186136
symfony/symfony	10970	10179 0.9999969107148072
symfony/symfony	3057	3002 0.996692711354579
symfony/symfony	9199	8940 0.9999999488977954
symfony/symfony	16177	16100 0.9999999794377207
saltstack/salt	22952	22951 0.938683336803304
scikit-learn/scikit-learn	8438	4354 0.9999999747255411
scikit-learn/scikit-learn	8658	8436 0.9999987055920966
scikit-learn/scikit-learn	5366	5127 0.9999848130422619
scikit-learn/scikit-learn	7390	7229 0.18157651980470133
scikit-learn/scikit-learn	6057	6041 0.9296042102261155
scikit-learn/scikit-learn	5297	5277 0.9488510479896612
scikit-learn/scikit-learn	6874	2616 0.8354251270110687
scikit-learn/scikit-learn	6692	5762 0.8333194785443332
scikit-learn/scikit-learn	4205	3907 0.9923895215424677
scikit-learn/scikit-learn	6586	3638 0.6003122007224567
scikit-learn/scikit-learn	3531	3463 0.5837046047649694
scikit-learn/scikit-learn	311	296 0.4443559976379645
scikit-learn/scikit-learn	7541	6176 0.8926735398230635
servo/servo	12384	10942 0.9999998451841663
scikit-learn/scikit-learn	6671	5127 0.9964395880521933
twbs/bootstrap	16193	15104 0.9225916570319723
twbs/bootstrap	21136	18462 0.0333620460764257
twbs/bootstrap	20745	19541 0.5
twbs/bootstrap	13606	13388 0.052072159778338754
twbs/bootstrap	13519	13014 0.04692148783600355
twbs/bootstrap	20332	20310 0.07996310431227012
twbs/bootstrap	15895	15801 0.9917712840934775
twbs/bootstrap	3610	3593 0.725476499429005
twbs/bootstrap	5445	5308 0.9285953021161074
twbs/bootstrap	21770	21739 0.9714129535456806
twbs/bootstrap	22039	22035 0.9661490107424314
twbs/bootstrap	20795	20174 0.9999991382517427
twbs/bootstrap	18689	17756 0.06012676046662692
twbs/bootstrap	14360	13718 0.9955112332316617
twbs/bootstrap	6902	6854 0.9999917608915915
twbs/bootstrap	11664	11215 0.9952404486076962
twbs/bootstrap	13502	13014 0.9562625379003948
twbs/bootstrap	21044	20926 0.8562969574237655
twbs/bootstrap	14153	14147 0.9768864998715138
twbs/bootstrap	19904	19890 0.8988124616074876
twbs/bootstrap	7370	7138 0.9897383803371608
twbs/bootstrap	16628	14552 0.9848732643718909
twbs/bootstrap	17080	17051 0.022732427988779447
twbs/bootstrap	19863	19387 0.8978395024384196
twbs/bootstrap	14630	13965 0.9967033555336565
twbs/bootstrap	22499	22145 0.9999996278497496
twbs/bootstrap	5278	5067 0.8002016356691167
twbs/bootstrap	10773	10465 0.9696890993920387
twbs/bootstrap	20667	18914 0.98986115801849
twbs/bootstrap	21535	21167 0.9835258961116847
twbs/bootstrap	18757	18720 0.09878182344977972
twbs/bootstrap	11687	11674 0.13661180081934496
twbs/bootstrap	18531	17535 0.9005210684148541
twbs/bootstrap	19121	18998 0.7050503287165298
twbs/bootstrap	18871	18398 0.986629872190378
twbs/bootstrap	2664	2559 0.9743063568522997
twbs/bootstrap	21190	21036 0.04962298470251307
twbs/bootstrap	2622	2559 0.9518142483507719
twbs/bootstrap	14803	10267 0.9953214570933502
twbs/bootstrap	22128	21615 0.9783386545881666
twbs/bootstrap	17136	17114 0.582256201680007
twbs/bootstrap	13473	13410 0.10067338743103345
twbs/bootstrap	20754	19890 0.9849217229522016
twbs/bootstrap	10708	10465 0.9999963626428218
twbs/bootstrap	21161	19864 0.9889781270236849
twbs/bootstrap	20779	20428 0.04493484093755615
twbs/bootstrap	19300	19298 0.932751107430453
twbs/bootstrap	13165	12604 0.9833297699148532
zendframework/zf2	4761	4749 0.9289871770359271
zendframework/zf2	5904	5802 0.04812305168351359
zendframework/zf2	1201	1080 0.45423674527755914
zendframework/zf2	6476	6267 0.9999828475369387
zendframework/zf2	754	747 0.9917562570869041
zendframework/zf2	5064	4973 0.9999992170970713
zendframework/zf2	6001	5386 0.9305517512993005
zendframework/zf2	2092	2089 0.9999917284208396
zendframework/zf2	7647	7583 0.9999846408038702
zendframework/zf2	6617	6399 0.9999991879892705
zendframework/zf2	5341	4781 0.999998989584773
zendframework/zf2	6688	6648 0.999999728479543
zendframework/zf2	6269	6184 0.9999868171024354
zendframework/zf2	5631	5611 0.4478748834537439
zendframework/zf2	4174	4147 0.04865501199894872
zendframework/zf2	1178	1165 0.9696487888283007
zendframework/zf2	6551	6542 0.3081634932760268
zendframework/zf2	7123	25 0.022732427988779447
zendframework/zf2	5618	4534 0.3830844215001996
zendframework/zf2	7477	7411 0.022732427988779447
zendframework/zf2	1460	1441 0.9336005146857212
zendframework/zf2	5990	5983 0.9327072828495521
zendframework/zf2	1595	1586 0.9232369233904257
zendframework/zf2	4358	3932 0.9966821252481058
zendframework/zf2	6909	6795 0.2449900928487929
zendframework/zf2	4649	4648 0.06934883336163924
zendframework/zf2	6193	6073 0.9534270950749368
zendframework/zf2	5486	4642 0.8809368308094535
zendframework/zf2	4720	4687 0.9999998973176015
zendframework/zf2	1248	1247 0.07951642725014733
zendframework/zf2	5636	5503 0.8839989528920661
zendframework/zf2	5667	5486 0.021760982921239545
zendframework/zf2	3291	2973 0.999999950748624
