kubernetes/kubernetes	5763	5233	0.9999879872
zendframework/zf2	6001	5386	0.9305517513
nodejs/node	7616	7311	0.9356653776
angular/angular.js	15110	15106	0.9935966265
facebook/react	4561	4463	0.9631990472
symfony/symfony	13587	12355	0.9674182179
kubernetes/kubernetes	11219	10234	0.8598695872
joomla/joomla-cms	7274	7235	0.9782386541
kubernetes/kubernetes	12980	12895	0.9999989826
kubernetes/kubernetes	13628	13616	0.8097566699
symfony/symfony	22983	22968	0.9774100107
angular/angular.js	8492	8233	0.9940287647
symfony/symfony-docs	3685	3650	0.9557404348
ceph/ceph	9300	7973	0.9262508227
ansible/ansible	5275	5140	0.9953655575
scikit-learn/scikit-learn	3735	3310	0.9285574269
cocos2d/cocos2d-x	10526	10485	0.8903049126
ansible/ansible	15811	15688	0.6805739783
symfony/symfony	12773	11883	0.9878689255
twbs/bootstrap	21044	20926	0.8562969574
rails/rails	25240	24741	0.7790570623
angular/angular.js	12072	4282	0.556224655
JuliaLang/julia	18936	18658	0.8440428803
scikit-learn/scikit-learn	7978	7902	0.7190890359
ansible/ansible	6164	5480	0.9999984899
rails/rails	15674	12717	0.8574304945
saltstack/salt	22510	22347	0.9836199321
scikit-learn/scikit-learn	6313	5372	0.5454192632
scikit-learn/scikit-learn	3125	2694	0.5681175127
ceph/ceph	10411	9263	0.961150061
facebook/react	8112	8106	0.8237578602
nodejs/node	10937	10525	0.9807909841
facebook/react	5391	5009	0.9862310456
servo/servo	6823	6741	0.932759256
ceph/ceph	14828	14578	0.676996219
symfony/symfony-docs	7824	7770	0.6332329434
scikit-learn/scikit-learn	1961	1787	0.9540269922
facebook/react	8612	7402	0.9436377703
ceph/ceph	7968	7958	0.5
angular/angular.js	9917	9265	0.771318395
kubernetes/kubernetes	5784	5775	0.975099923
saltstack/salt	32086	31660	0.6925372191
symfony/symfony-docs	4221	4105	0.3905481776
twbs/bootstrap	13502	13014	0.9562625379
elastic/elasticsearch	6082	6078	0.9056309855
rails/rails	23269	23242	0.3730051614
pydata/pandas	5134	5127	0.9123423088
nodejs/node	6537	6536	0.9825084253
facebook/react	4157	2263	0.9999925895
symfony/symfony-docs	5946	5942	0.9957448366
twbs/bootstrap	19863	19387	0.8978395024
facebook/react	8647	8328	0.9947336221
ansible/ansible	25698	21100	0.9942138685
pydata/pandas	9348	8728	0.974938565
rails/rails	19501	16146	0.7398426241
django/django	3060	1845	0.9457403174
joomla/joomla-cms	14792	14787	0.8585545261
emberjs/ember.js	13278	13270	0.7886463565
rails/rails	15224	5892	0.9663060323
ceph/ceph	9393	9367	0.8759848352
django/django	1480	1478	0.9917012278
ansible/ansible	22383	22301	0.9655521417
kubernetes/kubernetes	13322	13144	0.9168988609
rails/rails	6557	6477	0.3058944708
symfony/symfony	11757	11431	0.8664166753
nodejs/node	12437	9961	0.9828464307
elastic/elasticsearch	12209	11646	0.1967914833
ansible/ansible	24056	23936	0.9894234469
facebook/react	3184	3180	0.8035229146
symfony/symfony-docs	1488	1013	0.9468437002
rails/rails	20813	13869	0.9933123992
cocos2d/cocos2d-x	10909	9118	0.1710893221
angular/angular.js	4940	4529	0.9999999093
elastic/elasticsearch	21912	21447	0.9324324294
rust-lang/rust	38152	37493	0.9834861123
joomla/joomla-cms	3127	1240	0.1733094654
symfony/symfony	13636	13634	0.9965245271
servo/servo	7232	6579	0.9999983642
docker/docker	31352	29766	0.9911227365
rust-lang/rust	34010	33769	0.2518656407
rails/rails	18754	8225	0.9127403775
ansible/ansible	15811	15796	0.9202391636
rails/rails	24157	18313	0.9999870995
rust-lang/rust	30676	30608	0.9999949824
symfony/symfony-docs	7344	6610	0.2637984452
rust-lang/rust	7547	7494	0.9999924454
pydata/pandas	7470	4505	0.9999998122
symfony/symfony	11295	9719	0.9970789094
emberjs/ember.js	2212	2030	0.8987854832
nodejs/node	11099	10343	0.09760583384
zendframework/zf2	7647	7583	0.9999846408
angular/angular.js	6215	6098	0.9999926815
joomla/joomla-cms	8365	7487	0.9577555111
joomla/joomla-cms	15633	15618	0.9972471295
servo/servo	6261	6258	0.1339689561
ansible/ansible	20840	16160	0.9735840974
ceph/ceph	7013	6916	0.9046045588
kubernetes/kubernetes	24881	24201	0.975716138
rails/rails	19021	11183	0.9999944339
joomla/joomla-cms	1279	1252	0.06581289625
kubernetes/kubernetes	44727	44463	0.102964708
ceph/ceph	7199	7136	0.5176369588
symfony/symfony-docs	6150	5942	0.9829267929
twbs/bootstrap	5445	5308	0.9285953021
ansible/ansible	7480	6931	0.9999964032
symfony/symfony	10179	8313	0.05528884141
pydata/pandas	7130	6890	0.7447471798
symfony/symfony-docs	6283	6172	0.9194620256
ceph/ceph	7198	7189	0.9746169728
hashicorp/terraform	14192	11093	0.9999998605
elastic/elasticsearch	12710	12692	0.1723046911
servo/servo	10082	8641	0.034488273
symfony/symfony	8764	8213	0.9999997998
kubernetes/kubernetes	41942	37571	0.0524080089
scikit-learn/scikit-learn	6582	6376	0.98656137
mozilla-b2g/gaia	13342	12014	0.9999993489
symfony/symfony	9015	9002	0.9972791936
servo/servo	14664	14312	0.0416493796
kubernetes/kubernetes	15401	15224	0.04484522513
kubernetes/kubernetes	28606	28206	0.9999983712
twbs/bootstrap	21136	18462	0.03336204608
joomla/joomla-cms	3534	1500	0.9999997262
twbs/bootstrap	13519	13014	0.04692148784
symfony/symfony	11651	11516	0.999999762
pydata/pandas	15253	15248	0.9999916193
ansible/ansible	2366	2282	0.9945553192
kubernetes/kubernetes	6949	6938	0.02384433637
nodejs/node	1424	493	0.02441929379
ansible/ansible	20840	14583	0.9907096214
JuliaLang/julia	13062	10835	0.03680429679
pydata/pandas	12576	12566	0.9999981763
rails/rails	13455	8920	0.991968173
rust-lang/rust	17063	17029	0.02273242799
dotnet/corefx	16069	9537	0.02386651996
symfony/symfony	12109	11327	0.02417385578
rails/rails	18706	9052	0.9366702167
cocos2d/cocos2d-x	7561	7501	0.02273242799
kubernetes/kubernetes	28414	24299	0.9999997624
rust-lang/rust	27100	26955	0.03571491733
kubernetes/kubernetes	18449	13838	0.02299736757
elastic/elasticsearch	8729	8148	0.9999983239
joomla/joomla-cms	4739	4517	0.03823370909
zendframework/zf2	3291	2973	0.9999999507
twbs/bootstrap	20795	20174	0.9999991383
zendframework/zf2	754	747	0.9917562571
ansible/ansible	4508	4189	0.9999841607
rails/rails	20697	20050	0.9950352196
joomla/joomla-cms	7832	5368	0.02300335943
joomla/joomla-cms	3222	1469	0.9960119222
hashicorp/terraform	2411	2086	0.9999984857
symfony/symfony-docs	2957	2904	0.9973337061
cocos2d/cocos2d-x	13778	12071	0.9999982314
scikit-learn/scikit-learn	5835	5771	0.9910426255
scikit-learn/scikit-learn	6087	5513	0.9999982859
nodejs/node	12901	12426	0.9999988692
nodejs/node	8923	3062	0.9999964901
joomla/joomla-cms	5293	3602	0.02273242799
symfony/symfony	3057	3002	0.9966927114
cocos2d/cocos2d-x	9218	9166	0.08586943125
ansible/ansible	22620	22521	0.9969919817
django/django	6267	6266	0.9999999927
django/django	7825	7814	0.999999994
rails/rails	10992	10920	0.9999998589
mozilla-b2g/gaia	13480	12010	0.9999951428
facebook/react	2512	2511	0.9999961923
nodejs/node	7626	7311	0.9999993947
symfony/symfony	15530	9682	0.9999997783
hashicorp/terraform	6344	5893	0.9999986471
rails/rails	28355	27198	0.9999973786
symfony/symfony	20858	20743	0.9999998584
symfony/symfony	17760	17372	0.9999998572
django/django	5052	5049	0.9999999428
saltstack/salt	35382	35376	0.9999988836
django/django	2564	2432	0.9999999226
hashicorp/terraform	9398	7617	0.9999998201
kubernetes/kubernetes	36195	36186	0.9999999919
emberjs/ember.js	3774	3764	0.9999996135
symfony/symfony	16177	16100	0.9999999794
hashicorp/terraform	14514	13852	0.9999999707
hashicorp/terraform	11157	10870	0.9999999841
cocos2d/cocos2d-x	5008	3981	0.9999999858
angular/angular.js	6807	6801	0.9999999716
symfony/symfony	9377	8133	0.9999998931
servo/servo	12384	10942	0.9999998452
rails/rails	13900	13715	0.9999998646
rails/rails	20828	12286	0.9999998272
symfony/symfony	5522	4937	0.999999517
ceph/ceph	13506	13450	0.9999995249
emberjs/ember.js	2892	2485	0.9999994445
rust-lang/rust	30719	30718	0.9999993723
zendframework/zf2	5064	4973	0.9999992171
emberjs/ember.js	4532	3740	0.9999975738
ceph/ceph	7037	7033	0.9999982365
hashicorp/terraform	1764	1697	0.999998679
nodejs/node	12491	12487	0.999997652
joomla/joomla-cms	7097	6660	0.9999969012
symfony/symfony	19186	18788	0.9999903189
ceph/ceph	11128	10715	0.9999970857
ansible/ansible	7943	6049	0.9999973036
symfony/symfony	17543	10539	0.9999909626
symfony/symfony	10970	10179	0.9999969107
scikit-learn/scikit-learn	7011	7009	0.9999966217
kubernetes/kubernetes	3200	3199	0.999996672
angular/angular.js	1851	1701	0.9999944719
facebook/react	2121	1301	0.9999937568
elastic/elasticsearch	18545	16731	0.9999870785
hashicorp/terraform	5299	5285	0.9999826535
twbs/bootstrap	14360	13718	0.9955112332
rails/rails	16796	13548	0.9931429841
servo/servo	9401	7832	0.05956657552
symfony/symfony-docs	5605	5188	0.9964888148
kubernetes/kubernetes	11450	11364	0.02201343179
rails/rails	25828	25355	0.9956695424
pydata/pandas	16441	15971	0.9896257061
rails/rails	6936	1777	0.995094537
symfony/symfony-docs	4591	4545	0.9953344475
symfony/symfony-docs	7800	7128	0.9870067814
docker/docker	4194	3853	0.9923060553
kubernetes/kubernetes	29995	29447	0.9973455602
rails/rails	8064	5384	0.9969999227
twbs/bootstrap	14630	13965	0.9967033555
hashicorp/terraform	1525	1214	0.9965578784
angular/angular.js	14967	6412	0.992943251
kubernetes/kubernetes	43902	43871	0.9956999675
symfony/symfony	5457	5391	0.9956388657
ansible/ansible	5287	4034	0.9952611701
kubernetes/kubernetes	43719	42815	0.9952545414
twbs/bootstrap	11664	11215	0.9952404486
ansible/ansible	19228	19049	0.9939471062
ceph/ceph	14616	13592	0.9937489734
angular/angular.js	9481	9478	0.02296127621
rails/rails	2062	1139	0.9933786167
ceph/ceph	13378	13367	0.02324318641
symfony/symfony-docs	3495	3477	0.9919016787
twbs/bootstrap	15895	15801	0.9917712841
joomla/joomla-cms	16146	13500	0.9897039579
nodejs/node	4814	4813	0.9342604494
symfony/symfony	15975	14235	0.9889719868
ansible/ansible	15738	14300	0.9730250934
scikit-learn/scikit-learn	5784	2073	0.986503496
JuliaLang/julia	16255	16253	0.8893137373
django/django	767	344	0.9733075575
hashicorp/terraform	1974	1952	0.9858176573
twbs/bootstrap	16628	14552	0.9848732644
ansible/ansible	9032	7639	0.9763802787
ceph/ceph	5208	5205	0.03511812015
symfony/symfony-docs	5214	4773	0.9794115895
ansible/ansible	6638	6595	0.8183702189
twbs/bootstrap	13165	12604	0.9833297699
django/django	767	344	0.9702026526
symfony/symfony	9148	7999	0.9786471624
elastic/elasticsearch	11512	8376	0.02628280779
kubernetes/kubernetes	46823	46739	0.9715783525
rails/rails	28399	28068	0.02936555444
facebook/react	3281	2549	0.9710660573
emberjs/ember.js	11146	10983	0.9765656987
angular/angular.js	2260	2216	0.9758076933
ansible/ansible	11461	11459	0.9754552459
rust-lang/rust	19486	18770	0.4490119788
docker/docker	6766	6579	0.02966738417
django/django	5404	5378	0.9721691767
scikit-learn/scikit-learn	6307	5642	0.8704961744
ceph/ceph	11363	11353	0.01842628415
angular/angular.js	12933	12166	0.8982365037
ceph/ceph	6250	6108	0.9620635334
saltstack/salt	23500	23497	0.9657224272
scikit-learn/scikit-learn	6717	1939	0.02671287577
facebook/react	3589	3533	0.9521095979
ansible/ansible	23748	23732	0.9565748216
servo/servo	14737	12154	0.9424707496
scikit-learn/scikit-learn	7350	7312	0.9440742062
ceph/ceph	13643	13450	0.9369662175
kubernetes/kubernetes	15043	14871	0.9522377589
angular/angular.js	7582	5674	0.9506329651
angular/angular.js	14635	12682	0.8162848372
JuliaLang/julia	12058	11242	0.8396035355
angular/angular.js	3699	3697	0.03356158924
mozilla-b2g/gaia	10373	10253	0.02942946204
docker/docker	9715	9233	0.8917275795
saltstack/salt	33916	33670	0.05555848599
mozilla-b2g/gaia	10980	10738	0.9358164158
ansible/ansible	24789	24722	0.9189292381
servo/servo	11235	11191	0.06031210133
scikit-learn/scikit-learn	7261	6028	0.9371096966
docker/docker	12768	12180	0.9355650434
zendframework/zf2	4761	4749	0.928987177
angular/angular.js	12524	12477	0.9306181875
facebook/react	2121	1301	0.9264388924
scikit-learn/scikit-learn	6841	5064	0.9020111718
symfony/symfony	19888	19614	0.4438800625
scikit-learn/scikit-learn	7350	5393	0.03845598564
cocos2d/cocos2d-x	6726	5978	0.02273242799
symfony/symfony-docs	6152	6089	0.8604924371
rails/rails	24450	23103	0.05331727325
joomla/joomla-cms	6641	6629	0.8418737551
servo/servo	8900	8884	0.2544234417
rust-lang/rust	14014	13832	0.8947151452
symfony/symfony-docs	7830	7547	0.06111782793
docker/docker	30290	29121	0.02613774346
JuliaLang/julia	22233	22169	0.6024955936
ceph/ceph	8260	7289	0.02589683265
kubernetes/kubernetes	45455	40210	0.4803669784
saltstack/salt	15352	15333	0.8741956933
nodejs/node	8491	8334	0.02669941126
rust-lang/rust	11388	11364	0.1064417976
nodejs/node	12231	12204	0.6621846367
emberjs/ember.js	1070	1066	0.02669992081
dotnet/corefx	19477	19463	0.8279531888
rust-lang/rust	25837	25816	0.1740713579
saltstack/salt	25843	25835	0.5912234686
rust-lang/rust	5663	5660	0.8207393187
facebook/react	2512	2511	0.8196260764
facebook/react	722	703	0.5912234686
symfony/symfony	233	228	0.8046806046
symfony/symfony-docs	4981	4644	0.5912234686
scikit-learn/scikit-learn	5152	4845	0.0836825839
rails/rails	15674	13792	0.2791250817
docker/docker	756	743	0.0288397129
django/django	7135	6660	0.7498525974
twbs/bootstrap	3610	3593	0.7254764994
ceph/ceph	9006	8853	0.02813831553
saltstack/salt	11989	11988	0.2337750907
elastic/elasticsearch	10582	10499	0.08374674198
scikit-learn/scikit-learn	7819	6077	0.6149653942
joomla/joomla-cms	4755	4517	0.4183876399
cocos2d/cocos2d-x	13913	13877	0.3457046797
rust-lang/rust	42631	42059	0.07755988571
elastic/elasticsearch	11570	7929	0.485853073
scikit-learn/scikit-learn	7825	6307	0.531340412
scikit-learn/scikit-learn	4308	4087	0.2059373493
facebook/react	8112	8101	0.2000618848
twbs/bootstrap	20745	19541	0.5
facebook/react	8764	8655	0.61244865
scikit-learn/scikit-learn	3735	2979	0.09547403159
rails/rails	18706	10891	0.09466732349
rails/rails	24608	24493	0.4348976085
nodejs/node	12231	12230	0.3778763071
nodejs/node	2727	2726	0.2403188627
ansible/ansible	6597	6595	0.4360942194
rails/rails	14030	12413	0.03649790247
pydata/pandas	9292	7462	0.3031460449
docker/docker	7666	7658	0.3805254556
ansible/ansible	11127	10819	0.02283313987
kubernetes/kubernetes	5775	5714	0.06165711047
scikit-learn/scikit-learn	7015	5900	0.3441807331
cocos2d/cocos2d-x	5018	3861	0.07131031144
joomla/joomla-cms	4751	4517	0.1070366418
rust-lang/rust	19980	19974	0.1438707034
facebook/react	6419	5884	0.03658700619
angular/angular.js	3025	2522	0.3221959542
kubernetes/kubernetes	29226	29204	0.1557844436
rust-lang/rust	42089	42081	0.2497674608
ansible/ansible	12528	12140	0.2584219185
scikit-learn/scikit-learn	7026	1742	0.1465948928
scikit-learn/scikit-learn	3181	2632	0.1600167553
django/django	4419	4151	0.2587825582
cocos2d/cocos2d-x	7008	6876	0.1783647939
symfony/symfony-docs	5727	5695	0.211985454
rails/rails	15674	13428	0.1631140183
twbs/bootstrap	17080	17051	0.02273242799
scikit-learn/scikit-learn	6337	6332	0.1209688868
pydata/pandas	3914	3893	0.1046065183
pydata/pandas	10857	10656	0.1298835216
hashicorp/terraform	1426	1285	0.05488716493
zendframework/zf2	5904	5802	0.04812305168