almasaeed2010/AdminLTE 91 904 0.013232167170649288
almasaeed2010/AdminLTE 540 666 0.018188242947601976
almasaeed2010/AdminLTE 679 212 0.05809662164490868
almasaeed2010/AdminLTE 1587 699 0.012836344113807545
almasaeed2010/AdminLTE 1279 1569 0.016139756756441723
almasaeed2010/AdminLTE 298 212 0.01400427077329911
almasaeed2010/AdminLTE 473 1149 0.012812050378660051
almasaeed2010/AdminLTE 97 538 0.012674945111030326
almasaeed2010/AdminLTE 42 91 0.03183207868923922
almasaeed2010/AdminLTE 640 298 0.015292952955684521
almasaeed2010/AdminLTE 699 56 0.012832973244967714
almasaeed2010/AdminLTE 1374 1569 0.015108440952360769
almasaeed2010/AdminLTE 654 1359 0.012847824436506793
almasaeed2010/AdminLTE 1056 91 0.01289351413265334
almasaeed2010/AdminLTE 1374 672 0.014382817230806729
almasaeed2010/AdminLTE 75 31 0.014510483763555496
almasaeed2010/AdminLTE 556 298 0.012842768097524836
almasaeed2010/AdminLTE 325 263 0.013225448278437848
almasaeed2010/AdminLTE 679 1817 0.016125025464952647
almasaeed2010/AdminLTE 1739 699 0.01590409696290147
almasaeed2010/AdminLTE 200 655 0.015134780177684312
almasaeed2010/AdminLTE 666 1070 0.01835993403138816
almasaeed2010/AdminLTE 1153 1334 0.012784734077738747
almasaeed2010/AdminLTE 97 385 0.015279988572302014
almasaeed2010/AdminLTE 679 91 0.014738063648311128
almasaeed2010/AdminLTE 816 1084 0.012781445926805815
almasaeed2010/AdminLTE 1040 816 0.012803212482072293
almasaeed2010/AdminLTE 666 37 0.01806959393239015
almasaeed2010/AdminLTE 61 200 0.012916196481708279
almasaeed2010/AdminLTE 1558 706 0.01283915287074887
almasaeed2010/AdminLTE 56 666 0.014597604635982905
almasaeed2010/AdminLTE 259 1558 0.01284308803273999
almasaeed2010/AdminLTE 1446 1117 0.01319301748380406
almasaeed2010/AdminLTE 816 1177 0.033900163158610816
almasaeed2010/AdminLTE 401 1149 0.013794834073422668
almasaeed2010/AdminLTE 666 1040 0.012852795364070647
almasaeed2010/AdminLTE 1177 491 0.012760247116756739
almasaeed2010/AdminLTE 655 1619 0.012812770219947924
almasaeed2010/AdminLTE 450 97 0.013495484616392751
almasaeed2010/AdminLTE 679 248 0.012864638178551964
almasaeed2010/AdminLTE 816 1587 0.012876199611655257
almasaeed2010/AdminLTE 298 1569 0.014466251556068564
almasaeed2010/AdminLTE 36 259 0.01332059915644081
almasaeed2010/AdminLTE 1117 983 0.10026588795508723
almasaeed2010/AdminLTE 655 679 0.05716144647904685
almasaeed2010/AdminLTE 91 721 0.012746863844656104
almasaeed2010/AdminLTE 503 1153 0.012829377635918337
almasaeed2010/AdminLTE 706 260 0.016258516431335156
almasaeed2010/AdminLTE 1424 31 0.01352386624315331
almasaeed2010/AdminLTE 1166 31 0.01364790751094526
almasaeed2010/AdminLTE 861 459 0.013318902101129664
almasaeed2010/AdminLTE 1104 672 0.013931508622683868
almasaeed2010/AdminLTE 816 276 0.07047908372683849
almasaeed2010/AdminLTE 706 564 0.012696833235651855
almasaeed2010/AdminLTE 779 699 0.012800531669764291
almasaeed2010/AdminLTE 1871 672 0.014581775521258814
almasaeed2010/AdminLTE 706 85 0.03127982699989359
almasaeed2010/AdminLTE 1177 1149 0.014568049021034484
almasaeed2010/AdminLTE 42 861 0.012831154560922611
almasaeed2010/AdminLTE 1177 200 0.01301120521208344
almasaeed2010/AdminLTE 1562 1117 0.016622788795040963
almasaeed2010/AdminLTE 679 1376 0.014119309665569567
almasaeed2010/AdminLTE 679 1398 0.02051017702795947
almasaeed2010/AdminLTE 1851 1177 0.0127708514168005
almasaeed2010/AdminLTE 97 571 0.012882445899801406
almasaeed2010/AdminLTE 1117 450 0.013577897758920576
almasaeed2010/AdminLTE 1738 1117 0.012884065518133857
almasaeed2010/AdminLTE 298 1424 0.012858236986797587
almasaeed2010/AdminLTE 325 1104 0.11072064953910354
almasaeed2010/AdminLTE 608 259 0.013951069394024027
almasaeed2010/AdminLTE 1166 1569 0.012840151003437607
almasaeed2010/AdminLTE 1569 1562 0.012842479136296646
almasaeed2010/AdminLTE 1294 861 0.012849131760717336
almasaeed2010/AdminLTE 508 325 0.016251868149928
almasaeed2010/AdminLTE 1569 1089 0.3480973435312051
almasaeed2010/AdminLTE 1569 304 0.28022880681163337
almasaeed2010/AdminLTE 907 666 0.018204750102407564
almasaeed2010/AdminLTE 1084 426 0.31652086555918674
almasaeed2010/AdminLTE 699 1104 0.08325604103337197
almasaeed2010/AdminLTE 200 730 0.013690703965444001
almasaeed2010/AdminLTE 1424 1177 0.01470728020996021
almasaeed2010/AdminLTE 1166 681 0.012792266163209162
almasaeed2010/AdminLTE 259 656 0.013187402589187555
almasaeed2010/AdminLTE 298 1153 0.014787627672466037
almasaeed2010/AdminLTE 1166 553 0.01284199265255945
almasaeed2010/AdminLTE 672 473 0.013585090356874467
almasaeed2010/AdminLTE 1619 1871 0.012804842458636112
almasaeed2010/AdminLTE 1279 666 0.013231435443153814
almasaeed2010/AdminLTE 679 337 0.01281304922115468
almasaeed2010/AdminLTE 401 816 0.012643255226460103
almasaeed2010/AdminLTE 31 1526 0.01395260991084856
almasaeed2010/AdminLTE 861 729 0.012801836340703743
almasaeed2010/AdminLTE 412 1569 0.012852248082727218
almasaeed2010/AdminLTE 1177 449 0.014467173122565727
almasaeed2010/AdminLTE 734 706 0.01886473970486301
almasaeed2010/AdminLTE 263 200 0.012842678455555308
almasaeed2010/AdminLTE 325 1739 0.012817041552828978
almasaeed2010/AdminLTE 1751 1117 0.012699169770123852
almasaeed2010/AdminLTE 555 1149 0.0128323661787695
angular/angular.js 11585 15836 0.020158674540664775
angular/angular.js 13952 10496 0.013205950779735605
angular/angular.js 11695 11772 0.018091138079889733
angular/angular.js 7700 4217 0.040981408355723906
angular/angular.js 7158 15626 0.018337056627867866
angular/angular.js 4778 9233 0.013147009194980712
angular/angular.js 9579 13886 0.021561618366405418
angular/angular.js 8540 5613 0.023790626025563224
angular/angular.js 486 5747 0.013959140151543476
angular/angular.js 3698 14438 0.01529696982370854
angular/angular.js 15486 12226 0.013868992194679764
angular/angular.js 8720 16119 0.01267979797322156
angular/angular.js 14822 5208 0.018900912132324213
angular/angular.js 3191 8944 0.013292251705053848
angular/angular.js 10393 14093 0.014681432179777345
angular/angular.js 11905 771 0.012882409768038394
angular/angular.js 16129 944 0.018987030312898834
angular/angular.js 10311 5775 0.012592641535299591
angular/angular.js 16043 15754 0.018089514158878765
angular/angular.js 16042 1310 0.017170402906635105
angular/angular.js 5690 14550 0.0146937416220771
angular/angular.js 16133 6467 0.013196853588162414
angular/angular.js 3327 6849 0.015590316215909329
angular/angular.js 14035 3240 0.012524448021010541
angular/angular.js 7152 1889 0.01777364830116975
angular/angular.js 1685 9290 0.013796273686349378
angular/angular.js 9610 630 0.014969139049042039
angular/angular.js 14848 16376 0.02691040989204756
angular/angular.js 7884 9757 0.012504779706858746
angular/angular.js 10733 13443 0.05302844695723269
angular/angular.js 2889 2474 0.013507229578326525
angular/angular.js 6593 1926 0.02270124786093271
angular/angular.js 2273 12935 0.015370424402433046
angular/angular.js 7339 659 0.013715944028734594
angular/angular.js 564 6995 0.013561053001532314
angular/angular.js 4037 16284 0.011714463756332491
angular/angular.js 5847 6965 0.020627771965498448
angular/angular.js 2932 6737 0.01617942925292527
angular/angular.js 15117 6381 0.01842441066227898
angular/angular.js 2199 9365 0.0148764918775871
angular/angular.js 9410 13467 0.013977409607403903
angular/angular.js 593 14960 0.014288972073306849
angular/angular.js 8465 13798 0.013796717481805897
angular/angular.js 3517 5661 0.013605631755716073
angular/angular.js 2488 14613 0.015070239158585687
angular/angular.js 2083 12633 0.017572929538328244
angular/angular.js 8736 8875 0.03178378658702178
angular/angular.js 15763 125 0.015966910002361646
angular/angular.js 4312 2094 0.014040517840100169
angular/angular.js 9317 11973 0.02204549028812618
angular/angular.js 7149 7739 0.015178866725319552
angular/angular.js 7641 11044 0.02316840932584899
angular/angular.js 14458 1646 0.012672937833061311
angular/angular.js 7579 5646 0.012533795328939954
angular/angular.js 1402 9193 0.014723416387780216
angular/angular.js 3006 1983 0.024541512294563708
angular/angular.js 9318 10826 0.01996925237731927
angular/angular.js 13036 9262 0.02020970686015906
angular/angular.js 6894 7751 0.018626087530189905
angular/angular.js 3278 14890 0.019384809183794493
angular/angular.js 3571 6706 0.013390902419431118
angular/angular.js 10647 6385 0.02441094863827362
angular/angular.js 1077 8011 0.019435287224199793
angular/angular.js 8228 5686 0.01707376467934854
angular/angular.js 16065 6181 0.30635531608706396
angular/angular.js 15654 1595 0.013949624424278358
angular/angular.js 2580 8802 0.04196331129044722
angular/angular.js 13598 9772 0.023045043935442173
angular/angular.js 12201 15573 0.014252757664631733
angular/angular.js 7649 9312 0.012323287983705038
angular/angular.js 10724 12240 0.015896724464796702
angular/angular.js 16490 8253 0.020050857072320738
angular/angular.js 16518 14394 0.024349973384110466
angular/angular.js 14309 13945 0.016648594842520365
angular/angular.js 6261 9072 0.014473653254001417
angular/angular.js 14147 15117 0.04543197597414684
angular/angular.js 13293 4329 0.012416476115489374
angular/angular.js 12898 8065 0.017689905526562768
angular/angular.js 12436 7571 0.012745195445206092
angular/angular.js 12745 9037 0.018827983909948387
angular/angular.js 9706 10068 0.01765872063966441
angular/angular.js 10373 4694 0.015545200077042376
angular/angular.js 8753 3198 0.048597571646227584
angular/angular.js 4665 15713 0.016579937869820496
angular/angular.js 13058 13438 0.013686596717345087
angular/angular.js 12046 11695 0.011159713945132153
angular/angular.js 9818 1926 0.013499874677188816
angular/angular.js 332 12654 0.017469096355912272
angular/angular.js 14218 8851 0.015489649886647198
angular/angular.js 14901 1359 0.01715104551022362
angular/angular.js 7176 1910 0.02245869635503754
angular/angular.js 15384 11725 0.018154466680679816
angular/angular.js 3696 8857 0.014436583637519497
angular/angular.js 9619 11156 0.013705831387319881
angular/angular.js 312 883 0.015091867430139558
angular/angular.js 12465 8913 0.0163188464052491
angular/angular.js 5579 15104 0.01910538805169323
angular/angular.js 9221 964 0.018057392883483132
angular/angular.js 10276 7828 0.015770951358300152
angular/angular.js 7674 8407 0.012722235531372467
angular/angular.js 24 14402 0.014195325844592765
angular/angular.js 8303 7007 0.016178159358903432
angular/angular.js 6405 3353 0.014413510912340752
angular/angular.js 13634 15522 0.8272707091898446
angular/angular.js 6346 16203 0.017780170233095017
angular/angular.js 2236 4784 0.012511478612813315
angular/angular.js 6083 14011 0.012003068498082681
angular/angular.js 10680 10298 0.01799225998473573
angular/angular.js 936 10138 0.019365001197051167
angular/angular.js 7374 9260 0.016853659747026576
angular/angular.js 7502 884 0.012765265783327033
angular/angular.js 14640 7948 0.025483273973053788
angular/angular.js 12745 7816 0.01381590540195699
angular/angular.js 8941 3331 0.05033252703774496
angular/angular.js 2960 10056 0.01355605611639956
angular/angular.js 2834 7086 0.013612710705471702
angular/angular.js 8429 15828 0.019274586592184884
angular/angular.js 14033 15055 0.014260393706265206
angular/angular.js 6595 7475 0.019731310142442633
angular/angular.js 2858 10297 0.02612001538375021
angular/angular.js 14341 13417 0.014514808942097642
angular/angular.js 12852 2096 0.018496277483375796
angular/angular.js 5557 10820 0.016504132509303854
angular/angular.js 14277 6761 0.014425482216537635
angular/angular.js 14795 4929 0.012480102800137135
angular/angular.js 1984 14856 0.014625880471572133
angular/angular.js 13183 2116 0.015148957532348394
angular/angular.js 4807 15244 0.013087594656554836
angular/angular.js 8735 4616 0.013115665191121815
angular/angular.js 12040 677 0.013161986545070921
angular/angular.js 11413 6851 0.01767350226882652
angular/angular.js 4602 11958 0.016962752491515156
angular/angular.js 14825 8697 0.01764968275643045
angular/angular.js 14794 6907 0.020483662199686597
angular/angular.js 12585 5669 0.03856406900772202
angular/angular.js 991 13504 0.013614768336514491
angular/angular.js 2238 15313 0.01520024662931682
angular/angular.js 4125 13524 0.013234353072677561
angular/angular.js 3927 9650 0.018849225968893567
angular/angular.js 7792 4201 0.02287268789170763
angular/angular.js 14890 10265 0.017782553850419578
angular/angular.js 12174 6067 0.01379496779212782
angular/angular.js 14341 1299 0.012732112778503283
angular/angular.js 7922 6299 0.018508013862953646
angular/angular.js 2677 12347 0.014627899022690473
angular/angular.js 11593 2108 0.012809411224018918
angular/angular.js 9126 9533 0.017373532571632752
angular/angular.js 14177 15676 0.03251679288502556
angular/angular.js 15244 7591 0.013342179106246329
angular/angular.js 3378 7214 0.06119083900502495
angular/angular.js 891 13504 0.013150080512811389
angular/angular.js 15522 10653 0.01386667842769794
angular/angular.js 4125 10574 0.01041263914006866
angular/angular.js 13868 13905 0.02237121576787667
angular/angular.js 5923 13773 0.014083293647346716
angular/angular.js 15383 12866 0.013663273864045842
angular/angular.js 2493 7634 0.013105418206405699
angular/angular.js 10493 2359 0.013015517194228813
angular/angular.js 2821 7529 0.016925951999273835
django/django 3485 7633 0.03610336363478077
django/django 2633 4793 0.012795203378034881
django/django 543 9581 0.019435310740677572
django/django 7920 7294 0.019099123485342727
django/django 1314 4919 0.01687121052897449
django/django 5178 3511 0.014553760055044938
django/django 190 8322 0.018969957583674178
django/django 2422 9177 0.023462456703963783
django/django 7759 9893 0.038718455406858344
django/django 7565 9688 0.021187744951250587
django/django 4772 1049 0.04037538448937728
django/django 2113 9455 0.02724772313229517
django/django 9172 639 0.02225189723953178
django/django 9079 1 0.013063473476788004
django/django 1996 3705 0.023110120481520478
django/django 5610 6762 0.018913332716199993
django/django 9055 4574 0.02005324213732673
django/django 3469 7649 0.013494088891639458
django/django 275 6668 0.08181995184873575
django/django 2186 3229 0.014923231905982723
django/django 7654 8930 0.017849695123587528
django/django 4527 1737 0.01431581446319261
django/django 9662 8322 0.022340330584437674
django/django 453 8749 0.013489423497867855
django/django 3440 8040 0.011462605635026539
django/django 1317 5472 0.012269626575821454
django/django 6256 4041 0.017430506711658942
django/django 8888 6242 0.013253202512931283
django/django 1508 558 0.017654883538905916
django/django 9603 4055 0.04572291185753319
django/django 221 5993 0.012784500884859986
django/django 7424 2583 0.014411389438170953
django/django 9178 4528 0.014782440614825965
django/django 8182 1554 0.01543185699894269
django/django 4171 848 0.013733917920939689
django/django 6744 9659 0.025736044681697642
django/django 7750 3634 0.024637202475364616
django/django 248 9794 0.014458481513985376
django/django 8040 3071 0.013352269038670234
django/django 6584 5012 0.029922880587654386
django/django 71 6536 0.07020533536387533
django/django 8695 8063 0.0638031425137272
django/django 6154 3182 0.018335195236069524
django/django 3743 3813 0.019736466309991412
django/django 87 6824 0.0179871460290448
django/django 7419 9804 0.04086293594879867
django/django 5309 8469 0.01493464346682697
django/django 4484 1420 0.013956972685734639
django/django 1972 6005 0.015583170450831976
django/django 6885 5426 0.06292206471776626
django/django 2492 334 0.017682768299088016
django/django 331 3379 0.018264088013805697
django/django 1225 7077 0.017228719694078957
django/django 8235 7083 0.054325785036790565
django/django 3520 9534 0.012412632885622213
django/django 8106 9874 0.01862420904122716
django/django 8856 8121 0.034544729141197994
django/django 6895 3291 0.025919945206097982
django/django 3945 6322 0.0186124274114129
django/django 1005 6586 0.018821019602454112
django/django 9673 1699 0.020919939780132298
django/django 6843 6217 0.019750954171064226
django/django 6942 9021 0.028009199128319014
django/django 8676 6477 0.053929589174001674
django/django 743 8245 0.011758827847318081
django/django 1354 8143 0.019342255670100984
django/django 5554 4596 0.01776471897988333
django/django 4244 6276 0.012651290264816813
django/django 5679 8519 0.020347922304833076
django/django 6885 9799 0.017887123431708105
django/django 5627 6428 0.023055657914028888
django/django 4772 7975 0.023577285918216194
django/django 1077 5823 0.019470218856882483
django/django 323 4792 0.02010056437314545
django/django 1779 1359 0.026147451442631153
django/django 4528 1981 0.01645610871787673
django/django 8387 9817 0.017804631996455444
django/django 942 1951 0.023288318524057026
django/django 4058 5478 0.01315575214198413
django/django 1743 9248 0.01618474412750009
django/django 7256 7548 0.05485842581537733
django/django 1508 9064 0.025326714060570514
django/django 722 2990 0.035970393389098874
django/django 1043 3092 0.012995627359987327
django/django 6866 5431 0.021774036736832765
django/django 7548 5421 0.01918329582224242
django/django 1603 7445 0.013196954348890151
django/django 5562 661 0.014288408783212525
django/django 7700 430 0.028896357517610275
django/django 2260 6537 0.01840124513818549
django/django 925 4090 0.022306523211351844
django/django 8091 1668 0.014076606232292899
django/django 503 2066 0.04091743707724631
django/django 3244 9936 0.05162261944300545
django/django 925 838 0.0224715961221807
django/django 1779 6853 0.02631440697385686
django/django 4713 4926 0.017952918590827507
django/django 5551 8773 0.01980838012945675
django/django 1910 1757 0.014465684737673899
django/django 2116 8279 0.011191936680975529
django/django 5342 8823 0.02592960189823335
django/django 6719 9290 0.012799376381500636
django/django 1427 7233 0.013197091719970142
django/django 6515 9405 0.0276747252926476
django/django 3582 3435 0.020715908264289942
django/django 6750 3272 0.026332611467488918
django/django 803 5029 0.017491402992539276
django/django 2830 7548 0.02036387694348992
django/django 8280 8307 0.048595528038818815
django/django 9864 5012 0.021782055714626297
django/django 9897 3340 0.014527847379236302
django/django 5665 173 0.012788589451731855
django/django 7083 6031 0.06695785827956903
django/django 4329 2942 0.020479418570862228
django/django 3611 4986 0.017931484134988643
django/django 9318 2779 0.013442051934388969
django/django 8308 5018 0.01458081216718876
django/django 8526 4588 0.021081386640441933
django/django 9645 9059 0.012540741390942045
django/django 7487 9801 0.018399379757656095
django/django 223 5337 0.024331379970361146
django/django 5435 6088 0.012620290667089687
django/django 3797 2633 0.012633622457319046
django/django 1879 8224 0.021357624207803693
django/django 8047 8405 0.01367905176703066
django/django 4056 2728 0.014660377098675934
django/django 5864 8469 0.013382533046533902
django/django 2740 1359 0.030937360202171256
django/django 173 6153 0.013032600867736773
django/django 9296 5674 0.016421944405579272
django/django 9906 9706 0.01855380313827215
django/django 7845 3074 0.012302673355196192
django/django 8103 694 0.04456516308164207
django/django 8453 3523 0.06689861439970578
django/django 6874 7067 0.0639188944880718
django/django 6099 7555 0.030086418111703133
django/django 878 1136 0.03210114260436483
django/django 5194 2602 0.01599902979138851
django/django 1292 9598 0.013147248274014346
django/django 3985 1043 0.012146496317921638
django/django 5366 3801 0.023758171262040675
django/django 9230 7165 0.02052662969762528
django/django 6031 4322 0.014154208767418401
django/django 871 4690 0.016329496105449686
django/django 9477 9341 0.02302309328830796
django/django 3637 2730 0.7377007688161391
django/django 7553 1539 0.018954378606522798
django/django 9058 1596 0.021720965319699196
django/django 7136 1337 0.01349122755375787
django/django 3554 845 0.013173471616215045
django/django 7153 238 0.021388372536858675
django/django 1738 4487 0.05656877736312205
django/django 222 5435 0.0178755023127244
django/django 4175 5216 0.013478870921538755
lord/slate 299 197 0.06261508660757116
lord/slate 485 637 0.1210199292142822
lord/slate 930 67 0.19637234930695058
lord/slate 327 963 0.22559664932182172
lord/slate 67 576 0.017940485685012546
lord/slate 652 67 0.012783267521767238
lord/slate 980 228 0.014591648956773918
lord/slate 302 197 0.0476386892370917
lord/slate 89 932 0.09458089281709972
lord/slate 480 828 0.015581154304861788
lord/slate 88 705 0.01274036784409504
lord/slate 94 460 0.01286179730519496
lord/slate 63 327 0.012882380368051508
lord/slate 327 931 0.01492055826926153
lord/slate 460 349 0.021187776413327135
lord/slate 799 113 0.012768018512446647
lord/slate 331 932 0.018144677011417157
lord/slate 708 576 0.01245159566994422
lord/slate 480 963 0.013571520489529759
lord/slate 410 834 0.014132486640787633
lord/slate 632 354 0.29575345605779935
lord/slate 418 327 0.032043589108417835
lord/slate 803 932 0.018444093652255827
lord/slate 769 447 0.013432448573486896
lord/slate 189 484 0.01148674291961592
lord/slate 420 67 0.7806079468721974
lord/slate 556 956 0.6408684186532458
lord/slate 841 875 0.012863943685667277
lord/slate 151 217 0.5715049336119775
lord/slate 480 794 0.012459728916609819
lord/slate 695 91 0.023403636325998914
lord/slate 653 769 0.1861192041539227
lord/slate 194 839 0.012737419989050642
lord/slate 665 769 0.047533136110312596
lord/slate 970 194 0.01288282600093502
lord/slate 680 228 0.017585811678108968
lord/slate 963 931 0.013527749835486142
lord/slate 418 484 0.01397322747617739
lord/slate 380 769 0.05358848646828094
lord/slate 228 556 0.014465715807463033
lord/slate 339 632 0.01302893193515963
lord/slate 353 298 0.013003685462132169
lord/slate 380 419 0.02331239873674845
lord/slate 302 21 0.013301866113146644
lord/slate 419 817 0.012900303085900894
lord/slate 708 695 0.02382032142646598
lord/slate 970 418 0.01403632485993083
lord/slate 708 188 0.012009657928863493
lord/slate 637 113 0.013041210332514175
lord/slate 327 67 0.5947383903223579
lord/slate 410 94 0.016118380339767435
lord/slate 769 480 0.030891023752303966
lord/slate 561 298 0.01295359937984221
lord/slate 743 460 0.012299102962174962
lord/slate 754 834 0.04380842547129064
lord/slate 632 130 0.015460812355251359
lord/slate 878 418 0.013138394108670506
lord/slate 480 841 0.7850029172864358
lord/slate 705 446 0.017851970821741545
lord/slate 189 511 0.013043246492391759
lord/slate 705 963 0.01286124733177574
lord/slate 632 318 0.015712814234139668
lord/slate 315 695 0.10632394824314692
lord/slate 354 956 0.014282209892295982
lord/slate 67 217 0.5
lord/slate 262 579 0.01382233985985186
lord/slate 420 579 0.013365135206244194
lord/slate 42 502 0.02036362184963512
lord/slate 931 302 0.013870132359814524
lord/slate 705 484 0.0159592041466245
lord/slate 579 189 0.014359141176905139
lord/slate 817 873 0.05048706003281818
lord/slate 208 460 0.013437533559294503
lord/slate 705 878 0.014831464181437585
lord/slate 124 556 0.012950271480877167
lord/slate 353 194 0.013013048368949445
lord/slate 588 769 0.13841512019247146
lord/slate 967 680 0.016033111240517275
lord/slate 194 41 0.0128587019121689
lord/slate 228 349 0.024097747439599415
lord/slate 447 113 0.02179854152190462
lord/slate 556 327 0.012662801469246218
lord/slate 743 113 0.02510312665300642
lord/slate 632 956 0.13540473566637123
lord/slate 419 867 0.054563665039443675
lord/slate 485 828 0.011178880822139525
lord/slate 410 743 0.013462924262242406
lord/slate 803 197 0.01265410706085432
lord/slate 707 113 0.017983038024038753
lord/slate 391 754 0.013283127722750754
lord/slate 197 803 0.01265410706085432
lord/slate 695 956 0.09843005241121482
lord/slate 828 151 0.059420402182405185
lord/slate 841 419 0.012993053360644461
lord/slate 208 410 0.012932762400194255
lord/slate 834 447 0.013514496608353932
lord/slate 918 956 0.012941557608324755
lord/slate 956 420 0.013844500878504834
lord/slate 217 659 0.012803413471337139
lord/slate 124 194 0.2190937877479111
lord/slate 89 446 0.013831182705824643
lord/slate 803 419 0.017585397505823268
lord/slate 41 480 0.012636486834986001
lord/slate 461 67 0.013009836291251712
lord/slate 331 579 0.09392587016173472
lord/slate 588 932 0.012850154191326159
lord/slate 410 828 0.016485406523352838
lord/slate 695 841 0.03126799649677878
lord/slate 299 217 0.012875393169780067
lord/slate 331 875 0.01760378742746353
lord/slate 418 576 0.0697872185567555
lord/slate 89 508 0.015221722130439166
lord/slate 803 89 0.018046605289941432
lord/slate 420 875 0.012969458592418761
lord/slate 327 208 0.012819575638672418
lord/slate 964 228 0.020274323191283458
lord/slate 932 659 0.05759909681267404
lord/slate 228 67 0.11332489034496944
lord/slate 353 502 0.013761200020947922
lord/slate 695 410 0.039963291377328326
lord/slate 113 91 0.01814774033384732
lord/slate 67 108 0.7929059800435077
lord/slate 708 67 0.012954230715713168
lord/slate 480 302 0.017405466195721357
lord/slate 63 754 0.012911913377108813
lord/slate 480 188 0.012615049460212604
lord/slate 419 67 0.13321237212744066
lord/slate 946 932 0.01963376727574358
lord/slate 576 828 0.10833426278894899
lord/slate 157 680 0.10381907919867853
lord/slate 194 10 0.10283942736561445
lord/slate 217 932 0.015127875454143935
lord/slate 331 931 0.08866723633916904
lord/slate 56 637 0.013597418443529657
lord/slate 637 42 0.016435892145120874
lord/slate 461 419 0.01771275171839991
lord/slate 419 349 0.024012607241492314
lord/slate 228 418 0.8351815524481933
lord/slate 841 217 0.013049214783995353
lord/slate 353 576 0.013115850771367971
lord/slate 660 817 0.01353265308776891
lord/slate 94 828 0.28899736489938
lord/slate 113 42 0.02675396670224669
lord/slate 931 188 0.012070496378730587
lord/slate 189 832 0.013111481367382691
lord/slate 556 653 0.015760915753844192
lord/slate 561 194 0.012853600270064392
nathanmarz/storm 113 488 0.014735622225946788
nathanmarz/storm 710 618 0.01281254450878218
nathanmarz/storm 783 585 0.9478133182343266
nathanmarz/storm 448 633 0.019035647071180755
nathanmarz/storm 459 746 0.01818671787336393
nathanmarz/storm 555 662 0.01284394584979493
nathanmarz/storm 238 651 0.013180487524084551
nathanmarz/storm 416 460 0.015216012260779073
nathanmarz/storm 715 669 0.012819210566079393
nathanmarz/storm 487 238 0.01321386372176829
nathanmarz/storm 256 402 0.012995459660911302
nathanmarz/storm 597 567 0.03222566359087578
nathanmarz/storm 161 427 0.013212938736208848
nathanmarz/storm 181 348 0.012828205818099885
nathanmarz/storm 682 746 0.013049834652057453
nathanmarz/storm 715 465 0.014300202514240768
nathanmarz/storm 167 459 0.012873065526834754
nathanmarz/storm 652 726 0.01896034048197189
nathanmarz/storm 756 200 0.012759322122096222
nathanmarz/storm 499 626 0.012783793035656858
nathanmarz/storm 636 478 0.014134017279585213
nathanmarz/storm 128 632 0.01797459528615267
nathanmarz/storm 328 105 0.013030331774859393
nathanmarz/storm 731 634 0.01400013057690109
nathanmarz/storm 238 395 0.015029325981077743
nathanmarz/storm 681 518 0.018702315452353343
nathanmarz/storm 461 416 0.012943871359008758
nathanmarz/storm 731 114 0.012749187151844473
nathanmarz/storm 597 459 0.012875847938504268
nathanmarz/storm 681 327 0.018032965034170182
nathanmarz/storm 733 187 0.012860398321191397
nathanmarz/storm 659 457 0.01481607285295358
nathanmarz/storm 67 607 0.013695171681795229
nathanmarz/storm 584 382 0.012772750015095174
nathanmarz/storm 236 719 0.016466260255058953
nathanmarz/storm 606 597 0.015300654106233628
nathanmarz/storm 519 727 0.016618870418717357
nathanmarz/storm 270 448 0.01283466075270659
nathanmarz/storm 406 238 0.02027748209990293
nathanmarz/storm 319 759 0.013495546169545892
nathanmarz/storm 157 469 0.013776916765711907
nathanmarz/storm 768 691 0.013316666722932281
nathanmarz/storm 454 488 0.01322169231461837
nathanmarz/storm 399 476 0.012871949320396939
nathanmarz/storm 611 380 0.027386231961215073
nathanmarz/storm 550 427 0.012865186267355404
nathanmarz/storm 733 424 0.012872014778249482
nathanmarz/storm 344 658 0.015269617346204318
nathanmarz/storm 327 329 0.012829388176630128
nathanmarz/storm 710 125 0.023995213885599963
nathanmarz/storm 138 256 0.05735157937845328
nathanmarz/storm 142 138 0.013827692309919638
nathanmarz/storm 136 633 0.018708731794346435
nathanmarz/storm 366 378 0.013028245261553743
nathanmarz/storm 102 93 0.8386608272808648
nathanmarz/storm 781 713 0.012748068096276037
nathanmarz/storm 600 427 0.01300939018592052
nathanmarz/storm 237 135 0.013062554770710989
nathanmarz/storm 402 564 0.014002618336950079
nathanmarz/storm 584 473 0.012773040865164136
nathanmarz/storm 632 470 0.01283120940201128
nathanmarz/storm 187 471 0.01607351806201528
nathanmarz/storm 768 399 0.013807472774731835
nathanmarz/storm 651 781 0.012806129761251783
nathanmarz/storm 102 429 0.01684731437620337
nathanmarz/storm 478 101 0.01858745893983149
nathanmarz/storm 748 29 0.02590984137578127
nathanmarz/storm 663 378 0.01603039502146334
nathanmarz/storm 348 722 0.012965468087642656
nathanmarz/storm 429 469 0.017878716683419442
nathanmarz/storm 585 460 0.016772078598882106
nathanmarz/storm 607 783 0.037834674307743434
nathanmarz/storm 225 629 0.013754776193026263
nathanmarz/storm 607 147 0.013364039726089544
nathanmarz/storm 561 597 0.013457851528458176
nathanmarz/storm 597 501 0.03367085021893319
nathanmarz/storm 402 650 0.015450822199720118
nathanmarz/storm 113 478 0.0140905932080237
nathanmarz/storm 288 731 0.015032869860575893
nathanmarz/storm 671 600 0.01373311610856516
nathanmarz/storm 518 80 0.013246376668306822
nathanmarz/storm 681 585 0.0219893197101797
nathanmarz/storm 135 578 0.013357652631288868
nathanmarz/storm 471 682 0.012726312378156806
nathanmarz/storm 416 197 0.012872950242185101
nathanmarz/storm 478 80 0.013075830718842777
nathanmarz/storm 667 270 0.016678923005456637
nathanmarz/storm 344 476 0.10782421466448958
nathanmarz/storm 457 197 0.012951934598651611
nathanmarz/storm 680 710 0.014299225899775477
nathanmarz/storm 195 710 0.016959614271398474
nathanmarz/storm 264 727 0.017086477789334222
nathanmarz/storm 585 380 0.017751484065148104
nathanmarz/storm 606 592 0.012842786127274323
nathanmarz/storm 225 102 0.012902872134547156
nathanmarz/storm 237 673 0.013129216905742492
nathanmarz/storm 713 200 0.012832251014507015
nathanmarz/storm 555 520 0.01827488743832274
nathanmarz/storm 652 686 0.039540154593040416
nathanmarz/storm 658 700 0.013209615322404028
nathanmarz/storm 256 125 0.014057059395459393
nathanmarz/storm 669 102 0.012939975686023316
nathanmarz/storm 443 694 0.013648683467546826
nathanmarz/storm 682 288 0.014238921258303928
nathanmarz/storm 50 640 0.013558159194045566
nathanmarz/storm 698 710 0.012936518139386217
nathanmarz/storm 547 671 0.029762411922182208
nathanmarz/storm 476 238 0.013193995723043268
nathanmarz/storm 453 584 0.01382759775493385
nathanmarz/storm 658 471 0.013860710480487641
nathanmarz/storm 20 629 0.013653109889351575
nathanmarz/storm 700 375 0.014864104312213565
nathanmarz/storm 327 552 0.018060989914220952
nathanmarz/storm 727 344 0.013273007318413159
nathanmarz/storm 236 682 0.013251174466024364
nathanmarz/storm 128 448 0.01862606214759471
nathanmarz/storm 505 606 0.012848625888396522
nathanmarz/storm 127 348 0.01289333003781221
nathanmarz/storm 555 756 0.018934768221386036
nathanmarz/storm 700 424 0.014332685181736316
nathanmarz/storm 660 157 0.013127790128166816
nathanmarz/storm 380 585 0.017751484065148104
nathanmarz/storm 715 485 0.012742347902666597
nathanmarz/storm 348 694 0.027190054348605622
nathanmarz/storm 29 378 0.02414261202844564
nathanmarz/storm 635 123 0.012847887795272859
nathanmarz/storm 380 142 0.01285518981087412
nathanmarz/storm 165 695 0.012823015559577343
nathanmarz/storm 607 100 0.013793595624088226
nathanmarz/storm 726 467 0.013199009507644044
nathanmarz/storm 80 715 0.013188185005346449
nathanmarz/storm 407 136 0.013698556750931498
nathanmarz/storm 167 700 0.013794765605909209
nathanmarz/storm 759 567 0.02394342201656589
nathanmarz/storm 105 578 0.012831403472467673
nathanmarz/storm 329 626 0.01278170123646781
nathanmarz/storm 662 465 0.013280973106855434
nathanmarz/storm 585 545 0.013386006064042099
nathanmarz/storm 753 123 0.015106280658409462
nathanmarz/storm 328 135 0.03093317396949744
nathanmarz/storm 769 585 0.01661917478679191
nathanmarz/storm 505 378 0.014549653782443259
nathanmarz/storm 731 136 0.018033483521588404
nathanmarz/storm 485 768 0.012998276098342986
nathanmarz/storm 733 447 0.012903033901729304
nathanmarz/storm 592 550 0.01439077283182458
nathanmarz/storm 478 161 0.014018121157467896
nathanmarz/storm 375 478 0.07034892942119879
nathanmarz/storm 167 584 0.013195625182761286
nathanmarz/storm 236 594 0.018146324633644153
nathanmarz/storm 102 167 0.014208133452309906
nathanmarz/storm 505 102 0.013071537479906794
nathanmarz/storm 520 467 0.01323426183361416
nathanmarz/storm 157 715 0.013701586545280553
nathanmarz/storm 443 344 0.014265388054607104
nathanmarz/storm 284 157 0.013900492815485898
nathanmarz/storm 698 652 0.01977017049256787
nathanmarz/storm 686 295 0.013635582624137402
nathanmarz/storm 694 670 0.013310061020938558
nathanmarz/storm 488 142 0.012836288839967323
nathanmarz/storm 472 427 0.014540963463723059
nathanmarz/storm 461 284 0.012830779679395457
nathanmarz/storm 652 518 0.018949426719574388
nathanmarz/storm 561 416 0.012974310065209608
nathanmarz/storm 469 505 0.01285923825131112
nathanmarz/storm 713 344 0.013188546715761336
nathanmarz/storm 691 550 0.01273703618427534
nathanmarz/storm 167 161 0.014537180982821134
nathanmarz/storm 501 733 0.013334971209065892
nathanmarz/storm 378 523 0.012794855698017919
nathanmarz/storm 756 518 0.013113295820606868
nathanmarz/storm 555 197 0.01287769874698333
nathanmarz/storm 328 427 0.012846848609798362
nathanmarz/storm 101 769 0.016141555158214145
nathanmarz/storm 478 406 0.014855322246339734
nathanmarz/storm 615 686 0.01289512836174526
nathanmarz/storm 626 632 0.023595836824515007
nathanmarz/storm 294 625 0.02078082019836979
nathanmarz/storm 658 727 0.015364437334843906
nathanmarz/storm 499 380 0.014701347182823564
nathanmarz/storm 197 165 0.07451741560126462
nathanmarz/storm 469 294 0.013714272888059556
nathanmarz/storm 200 211 0.01442183404768237
nathanmarz/storm 550 727 0.028466609631635692
nathanmarz/storm 663 471 0.016337943858871586
nathanmarz/storm 136 361 0.019084195475618952
nathanmarz/storm 647 746 0.012873008977256637
nathanmarz/storm 67 667 0.013290742083239951
nathanmarz/storm 488 366 0.01385161609965509
nathanmarz/storm 746 653 0.015299139914540384
nathanmarz/storm 380 662 0.015981504480185222
nathanmarz/storm 167 659 0.014103942407637293
nathanmarz/storm 294 518 0.015412549692010976
nathanmarz/storm 402 753 0.017973399903076285
nathanmarz/storm 633 497 0.018306212318830756
nathanmarz/storm 769 128 0.01308615510915325
nathanmarz/storm 727 597 0.014448578711553247
nathanmarz/storm 640 740 0.014318307195838011
nathanmarz/storm 713 200 0.012832251014507015
nathanmarz/storm 402 136 0.013669767909206198
nathanmarz/storm 682 327 0.012826088952315842
nathanmarz/storm 567 471 0.012795637954655353
nathanmarz/storm 698 606 0.014321004548073203
nathanmarz/storm 427 501 0.018684413140240462
nathanmarz/storm 277 715 0.01474520093370997
nathanmarz/storm 755 667 0.014923224604801912
nathanmarz/storm 67 488 0.014554289156204558
nathanmarz/storm 312 662 0.013093451627516356
nathanmarz/storm 431 471 0.012881530323553285
nathanmarz/storm 472 726 0.015553050733036393
nathanmarz/storm 114 733 0.013066545862325007
nathanmarz/storm 629 471 0.01634111074140507
nathanmarz/storm 691 748 0.015747758952111272
nathanmarz/storm 465 694 0.014077185676378267
nathanmarz/storm 271 135 0.01283219629276932
nathanmarz/storm 768 127 0.013319942845249818
nathanmarz/storm 378 473 0.012826868208991328
nathanmarz/storm 461 715 0.012851249665893297
nathanmarz/storm 478 523 0.013709519390665134
nathanmarz/storm 157 424 0.013686962667290307
nathanmarz/storm 662 552 0.014043985872324954
nathanmarz/storm 650 459 0.012851118966323436
nathanmarz/storm 618 700 0.013391749332448818
nathanmarz/storm 1 726 0.013011179304661339
nathanmarz/storm 361 157 0.012958617100770722
nathanmarz/storm 659 344 0.013353505287928188
nathanmarz/storm 648 700 0.013665305675842216
nathanmarz/storm 505 695 0.023967011999139334
nathanmarz/storm 686 652 0.039540154593040416
nathanmarz/storm 264 606 0.012817948050467095
nathanmarz/storm 768 399 0.013807472774731835
nathanmarz/storm 426 727 0.014198043844729068
nathanmarz/storm 497 673 0.01805951865808361
nathanmarz/storm 561 519 0.012877234430397918
nathanmarz/storm 197 135 0.012837364938984703
nathanmarz/storm 328 618 0.012884314335390265
nathanmarz/storm 748 460 0.01991565369643321
nathanmarz/storm 673 472 0.01285856263746487
nathanmarz/storm 443 652 0.015084365887587829
nathanmarz/storm 447 473 0.012957387750897387
nathanmarz/storm 600 138 0.01316514909821296
nathanmarz/storm 607 319 0.013120569744485406
nathanmarz/storm 727 635 0.012974163713712137
nathanmarz/storm 651 634 0.03916374922659821
nathanmarz/storm 147 344 0.013137052888673544
nathanmarz/storm 295 667 0.013615685624511445
nathanmarz/storm 650 686 0.04259420122263739
nathanmarz/storm 277 488 0.01400123912366651
nathanmarz/storm 768 211 0.012737141536235553
nathanmarz/storm 105 80 0.012867037776807462
nathanmarz/storm 116 759 0.0811577275854151
nathanmarz/storm 328 783 0.013324418614901282
nathanmarz/storm 633 469 0.018664641355679225
nathanmarz/storm 471 650 0.01284060781361985
nathanmarz/storm 781 634 0.012976503979235499
nathanmarz/storm 105 640 0.01479072707126698
nathanmarz/storm 93 457 0.01902457030580849
nathanmarz/storm 439 378 0.012775979369256805
nathanmarz/storm 448 585 0.015000812818348235
nathanmarz/storm 545 606 0.012824971966710171
nathanmarz/storm 564 448 0.013113776152233367
nathanmarz/storm 659 128 0.05186497407218839
nathanmarz/storm 658 136 0.018232946499807598
nathanmarz/storm 647 746 0.012873008977256637
nathanmarz/storm 382 662 0.013800762100272989
nathanmarz/storm 406 652 0.03749416953916346
nathanmarz/storm 29 607 0.013494775327620952
nathanmarz/storm 518 20 0.013538408564019931
nathanmarz/storm 653 607 0.013443208360148737
nathanmarz/storm 473 615 0.012849529301655841
nathanmarz/storm 294 473 0.012921178756595606
nathanmarz/storm 658 550 0.01267705840681675
