kubernetes/kubernetes 661 657 [0.0, 0.4281815422093539, 0.1232876712328767, 0.5, 0.6944444444444444] 1
kubernetes/kubernetes 2716 2694 [0.5179676379975665, 0.36833153231108173, 0.0, 1.0, 1.0] 1
kubernetes/kubernetes 17024 14548 [0.5327979989300841, 0.141985201312982, 0.4318181818181818, 0.0, 0.0] 1
kubernetes/kubernetes 45263 43027 [0.5874403852318846, 0.5602830996697311, 0.2964912280701754, 0.1111111111111111, 0.24667931688804554] 1
kubernetes/kubernetes 41036 41006 [0.5602956341706156, 0.13408976255000246, 0.0, 1.0, 0.4117647058823529] 1
kubernetes/kubernetes 56 52 [0.0, 0.0, 0, 1.0, 1.0] 1
kubernetes/kubernetes 35745 32790 [0.5828411201522677, 0.561903953768764, 0.3469387755102041, 0.5, 0.6578947368421053] 1
kubernetes/kubernetes 8639 7439 [0.02490213307805705, 0.28028695095959055, 0.06589147286821706, 0.0, 0.0] 1
kubernetes/kubernetes 61 52 [0.0, 0.0, 0, 1.0, 1.0] 1
kubernetes/kubernetes 19759 15998 [0.315664693737545, 0.041761944013355576, 0.0, 0.16666666666666666, 0.3564356435643564] 1
kubernetes/kubernetes 30993 28284 [0.6600308078543777, 0.6590813883864726, 0.0, 0.26666666666666666, 0.40941176470588236] 1
kubernetes/kubernetes 10895 10784 [0.693990282242092, 0.0, 0.20253164556962025, 0.125, 0.8985507246376812] 1
kubernetes/kubernetes 10232 9264 [0.7028167471685731, 0.0, 0.18522483940042828, 0.1, 0.6666666666666666] 1
kubernetes/kubernetes 31372 31361 [0.0, 0.9873637790407862, 0.2857142857142857, 0.5, 0.6666666666666666] 1
kubernetes/kubernetes 21531 21357 [0.4983016740288674, 0.40700845986349465, 0.0, 1.0, 1.0] 1
kubernetes/kubernetes 33276 32120 [0.0, 0.723286588629971, 0.004106776180698152, 1.0, 0.0] 1
kubernetes/kubernetes 54 52 [0.0, 0.0, 0, 1.0, 1.0] 1
kubernetes/kubernetes 30772 30771 [0.0, 0.7541926771570814, 0.0, 0.5, 0.24175824175824176] 1
kubernetes/kubernetes 28037 28026 [0.0, 0.0, 0.2, 1.0, 0.6666666666666666] 1
kubernetes/kubernetes 3916 3915 [0.4992024603525376, 0.0, 0.0, 0.5, 0.32558139534883723] 1
kubernetes/kubernetes 44344 43215 [0.0, 0.0, 0.0, 0.038461538461538464, 0.0] 1
kubernetes/kubernetes 40322 39503 [0.0, 0.22522412541453551, 0.26666666666666666, 0.5, 0.5882352941176471] 1
kubernetes/kubernetes 45455 40210 [0.0, 0.11322876307412061, 0.0, 1.0, 0.6666666666666666] 1
kubernetes/kubernetes 36168 36163 [0.0, 0.9624155680197328, 0.0, 0.05555555555555555, 0.0] 1
kubernetes/kubernetes 46923 46913 [0.0, 0.9398314187891061, 0, 0.16666666666666666, 0.0] 1
kubernetes/kubernetes 1211 1210 [0.0, 0.010584582834390323, 0.39416058394160586, 1.0, 1.0] 1
kubernetes/kubernetes 13322 13144 [0.020569499762747127, 0.32067299109700964, 0.012658227848101266, 0.08695652173913043, 0.18739448508722567] 1
kubernetes/kubernetes 21786 21601 [0.0, 0.15522252166717695, 0.0, 0.993805918788713, 0.9608030592734226] 1
kubernetes/kubernetes 4065 4056 [0.47219344561121873, 0.0, 0.0, 0, 0.0] 1
kubernetes/kubernetes 47455 47074 [0.0, 0.18861963876469826, 0, 1.0, 1.0] 1
kubernetes/kubernetes 24783 24549 [0.0, 0.503175003286305, 0.0, 1.0, 0.4838709677419355] 1
kubernetes/kubernetes 7503 7456 [0.13809650048830316, 0.2626187184845247, 0.0, 0.5, 0.1518987341772152] 1
kubernetes/kubernetes 47322 46193 [0.0, 0.027419732971394536, 0.0, 0.09090909090909091, 0.05426356589147287] 1
kubernetes/kubernetes 28996 28978 [0.0, 0.22776702080955447, 0.10416666666666667, 1.0, 1.0] 1
kubernetes/kubernetes 42529 42138 [0.0, 0.16767393005875672, 0.0, 0.0, 0.0] 1
kubernetes/kubernetes 37269 275 [0.0, 0.0, 0.0034739454094292804, 0.0, 0.0] 1
kubernetes/kubernetes 45273 44727 [0.0, 0.06983177903987017, 0.8, 1.0, 0.0] 1
kubernetes/kubernetes 34502 32109 [0.0, 0.2408503360229798, 0.0006787330316742081, 0.01282051282051282, 0.014730498828255775] 1
kubernetes/kubernetes 20810 19559 [0.06531057512769615, 0.09711445528389305, 0.0, 0.2, 0.0] 1
kubernetes/kubernetes 41210 41106 [0.0, 0.06482621460661611, 0.0, 0.2222222222222222, 0.18857142857142858] 1
kubernetes/kubernetes 26066 26059 [0.5432772283312562, 0.02690179991712503, 0.0, 0.0, 0.0] 1
kubernetes/kubernetes 5741 5735 [0.04771069653692466, 0.0, 0.0, 0.5, 0.0] 1
kubernetes/kubernetes 38751 38370 [0.0, 0.059797841377542425, 1.0, 1.0, 1.0] 1
kubernetes/kubernetes 10883 10819 [0.0, 0.0, 1.0, 0.5, 0.32222222222222224] 1
kubernetes/kubernetes 38296 38285 [0.0, 0.08225682850291662, 0.0, 0.1111111111111111, 0.0] 1
kubernetes/kubernetes 25591 24509 [0.0, 0.028175091237241275, 0.00013099292638197538, 0.045454545454545456, 0.008793356130923302] 1
kubernetes/kubernetes 9966 9854 [0.0, 0.11389509612493288, 0.17417417417417416, 1.0, 0.44660194174757284] 1
kubernetes/kubernetes 44496 39342 [0.7349236957014978, 0.5604178479504506, 0.2912391475927388, 0.0, 0.0] 1
kubernetes/kubernetes 18449 13838 [0.0, 0.019321662386977256, 0.0, 0.0, 0.0] 1
kubernetes/kubernetes 46927 46784 [0.0, 0.09252235231072575, 0.0, 0.0, 0.0] 1
kubernetes/kubernetes 12111 11679 [0.0, 0.0, 0.24044654358093603, 0.0, 0.0] 1
kubernetes/kubernetes 42883 42630 [0.0, 0.0045778098445181555, 0.0, 0.2, 0.21875] 1
kubernetes/kubernetes 451 356 [0.0, 0.18198689798771311, 0.0004005607850991388, 0.0, 0.0] 1
kubernetes/kubernetes 5775 5714 [0.0, 0.12048614207201774, 0.03383084577114428, 0.1111111111111111, 0.05566037735849057] 1
kubernetes/kubernetes 38789 33757 [0.0, 0.09629489780910902, 0.0297723292469352, 0.047619047619047616, 0.01950585175552666] 1
kubernetes/kubernetes 11113 11085 [0.0, 0.0, 0.007022953066118534, 0.00423728813559322, 0.016079158936301793] 1
kubernetes/kubernetes 29226 29204 [0.0, 0.0, 0.1920374707259953, 0.75, 0.3218390804597701] 1
kubernetes/kubernetes 33683 33675 [0.4885058627751377, 0.7955289477482074, 0, 0.9714285714285714, 0.6111111111111112] 1
kubernetes/kubernetes 40550 39903 [0.0, 0.04361189771911809, 0.00380517503805175, 0.07692307692307693, 0.0] 1
kubernetes/kubernetes 11450 11364 [0.0, 0.10658806135878729, 0.0, 0.05, 0.0] 1
kubernetes/kubernetes 40901 40193 [0.0, 0.027895521931214244, 0.0, 1.0, 0.0] 1
kubernetes/kubernetes 36673 36425 [0.0, 0.2706500303756779, 0.013847624460691864, 0.005257623554153523, 0.004682859971065255] 1
kubernetes/kubernetes 39883 38317 [0.0, 0.07151201265042618, 0.10714285714285714, 0.23529411764705882, 0.12920592193808883] 1
kubernetes/kubernetes 11322 11317 [0.0, 0.0, 0.03197674418604651, 0.2, 0.0] 1
kubernetes/kubernetes 15401 15224 [0.0, 0.014999196248617036, 0.0, 0.03333333333333333, 0.044171779141104296] 1
kubernetes/kubernetes 46953 46909 [0.0, 0.3102283867677282, 0.05398457583547558, 0.5, 0.0979020979020979] 1
kubernetes/kubernetes 41480 41478 [0.0, 0.0, 0.0, 0.0, 0.0] 1
kubernetes/kubernetes 33964 30787 [0.18040722173316456, 0.2269370739382598, 0.021701388888888888, 0.038461538461538464, 0.2113587347232207] 1
kubernetes/kubernetes 42113 42049 [0.011450767450250665, 0.09256635323543297, 0.0, 0.08333333333333333, 0.4012738853503185] 1
kubernetes/kubernetes 15339 15004 [0.1571401799116829, 0.0, 0.12047012732615084, 0.0, 0.0] 1
kubernetes/kubernetes 30147 30137 [0.05826306576053201, 0.13839535625135277, 0.08090614886731391, 0.5, 0.44623655913978494] 1
kubernetes/kubernetes 14472 14448 [0.0, 0.0, 0.256198347107438, 1.0, 0.0] 1
kubernetes/kubernetes 7142 6847 [0.14758297590997077, 0.0, 0.2222222222222222, 1.0, 0.5526315789473685] 1
kubernetes/kubernetes 6949 6938 [0.0, 0.033252927971747726, 0.0, 0.0, 0.0] 1
kubernetes/kubernetes 32311 32268 [0.6823122906098834, 0.7289779773575558, 1.0, 1.0, 1.0] 1
kubernetes/kubernetes 7021 6886 [0.0537759017707902, 0.28790384893501664, 0.02185792349726776, 0.5, 0.1724137931034483] 1
kubernetes/kubernetes 25888 24861 [0.261314141050585, 0.060556665459506165, 0.0966796875, 0.2727272727272727, 0.0] 1
kubernetes/kubernetes 45804 45768 [0.0, 0.0, 0.0, 0.0, 0.0] 1
kubernetes/kubernetes 18073 17769 [0.04013896256787593, 0.0, 0.0, 1.0, 0.0] 1
kubernetes/kubernetes 37347 37332 [0.10479624843402159, 0.4927689213374355, 0.7441860465116279, 1.0, 1.0] 1
kubernetes/kubernetes 25996 25634 [0.1692134270354471, 0.0849731074511822, 0.004770447688167659, 0.03260869565217391, 0.01838785546290357] 1
kubernetes/kubernetes 6614 6239 [0.3063342386903427, 0.16337736166370057, 0.07835820895522388, 0.16666666666666666, 0.2037037037037037] 1
kubernetes/kubernetes 25688 25326 [0.11755807273977494, 0.10093252649190555, 0.024615384615384615, 0.375, 0.31359649122807015] 1
kubernetes/kubernetes 22501 21535 [0.08350594441587023, 0.0, 0.10555555555555556, 0.2727272727272727, 0.39111747851002865] 1
kubernetes/kubernetes 44288 40234 [0.0, 0.43406952385751374, 0.0440084835630965, 0.09090909090909091, 0.01790830945558739] 1
kubernetes/kubernetes 45065 45034 [0.16497146885110117, 0.015007743408046073, 0.022540983606557378, 0.42857142857142855, 0.22285714285714286] 1
kubernetes/kubernetes 24881 24201 [0.2501747524784423, 0.3054102271659923, 0.14102564102564102, 0.75, 0.36792452830188677] 1
kubernetes/kubernetes 44313 44312 [0.11065165857956179, 0.11160311821268312, 0.09042553191489362, 0.0, 0.0] 1
kubernetes/kubernetes 13758 13738 [0.06397927721055079, 0.09457275170599957, 0.125, 1.0, 0.8627450980392157] 1
kubernetes/kubernetes 7679 7615 [0.12250576592643245, 0.0, 0.003890735186836346, 0.06153846153846154, 0.02459349593495935] 1
kubernetes/kubernetes 29150 25524 [0.1106260582684586, 0.22086985453193397, 0.025803054239073198, 0.1111111111111111, 0.0] 1
kubernetes/kubernetes 33101 33099 [0.19225072667814092, 0.7967722387351114, 0.02631578947368421, 0.0, 0.0] 1
kubernetes/kubernetes 13628 13616 [0.6785679296294186, 0.005462968790215031, 0.06164383561643835, 0.0, 0.0] 1
kubernetes/kubernetes 35320 33616 [0.17162942851393162, 0.38203621177572505, 0.02957906712172924, 0.09090909090909091, 0.08791208791208792] 1
kubernetes/kubernetes 30884 30802 [0.12339313274249628, 0.43739280468570346, 0.0, 0.0, 0.0] 1
kubernetes/kubernetes 10440 7053 [0.4577564881185211, 0.0019453208177156924, 0.05780609922621757, 0.10975609756097561, 0.0981012658227848] 1
kubernetes/kubernetes 23043 22845 [0.17160158934293215, 0.6545878027871709, 0.0, 0.5, 0.1357142857142857] 1
kubernetes/kubernetes 35609 35556 [0.16348644868382198, 0.5341083001703407, 0.0, 0.0017761989342806395, 0.0004160426027625229] 1
kubernetes/kubernetes 3200 3199 [0.2682040551029243, 0.0, 0.3793103448275862, 0.2727272727272727, 0.36363636363636365] 1
kubernetes/kubernetes 40421 40400 [0.2926989412268778, 0.03981683056257195, 0, 0.14285714285714285, 0.3673469387755102] 1
kubernetes/kubernetes 21130 20665 [0.16973999421918712, 0.33528473319971464, 0.0, 0.13333333333333333, 0.004673677182440327] 1
kubernetes/kubernetes 44839 44583 [0.2110924569373679, 0.05862806279317402, 0.0, 0.07692307692307693, 0.16666666666666666] 1
kubernetes/kubernetes 10609 10453 [0.1958530989724633, 0.0, 0, 0.5, 0.7571428571428571] 1
kubernetes/kubernetes 15043 14871 [0.5365572915052084, 0.0, 0.010498687664041995, 0.25, 0.1515748031496063] 1
kubernetes/kubernetes 6976 5012 [0.24171406267507953, 0.15480393652832405, 0.010208816705336427, 0.043478260869565216, 0.012237093690248566] 1
kubernetes/kubernetes 14675 14564 [0.16336566011670792, 0.0, 0.3225806451612903, 0.0, 0.0] 1
kubernetes/kubernetes 46478 46383 [0.2519848051865185, 0.29166524470347827, 0.0, 0.5, 0.48214285714285715] 1
kubernetes/kubernetes 44838 44583 [0.24292325969306208, 0.07474677816836624, 0.0, 0.07692307692307693, 0.07048458149779736] 1
kubernetes/kubernetes 44727 44463 [0.2669963292104413, 0.2130458248094207, 0.014749262536873156, 0.0, 0.0] 1
kubernetes/kubernetes 34246 34083 [0.23517956758637, 0.49285782999171396, 0.015657189946435928, 0.03571428571428571, 0.020086648286727057] 1
kubernetes/kubernetes 25512 22737 [0.6120106584422932, 0.26307574390509114, 0.014732965009208104, 0.2, 0.1407766990291262] 1
kubernetes/kubernetes 26097 25973 [0.01598264431611897, 0.0, 0.13333333333333333, 1.0, 0.6296296296296297] 1
kubernetes/kubernetes 29995 29447 [0.10972432299362933, 0.03997853249518076, 0.5774099318403116, 1.0, 0.9030226700251889] 1
kubernetes/kubernetes 5466 5022 [0.17771983943456798, 0.020402122575461798, 0.03363518758085381, 0.3333333333333333, 0.17034700315457413] 1
kubernetes/kubernetes 16283 14493 [0.23651947588493583, 0.3262457501699857, 0.22674418604651161, 1.0, 0.5081967213114754] 1
kubernetes/kubernetes 41761 41756 [0.14842248793454818, 0.0062859268914279955, 0, 1.0, 0.52] 1
kubernetes/kubernetes 5784 5775 [0.10640153488006968, 0.0, 0.0, 0.3, 0.24080882352941177] 1
kubernetes/kubernetes 31287 31282 [0.19503291869649506, 0.6192708030932399, 0.0, 0.25, 0.0] 1
kubernetes/kubernetes 24556 24537 [0.047064503796299284, 0.14984240080622258, 0.52, 1.0, 0.5407725321888412] 1
kubernetes/kubernetes 14229 14213 [0.02605088686688397, 0.0, 0.27848101265822783, 0.5, 0.49230769230769234] 1
kubernetes/kubernetes 21532 21357 [0.11372265784159402, 0.06353366063212963, 0.0, 1.0, 1.0] 1
kubernetes/kubernetes 2412 2397 [0.2824601046413033, 0.0, 0.8734525447042641, 0.8888888888888888, 0.9646464646464646] 1
kubernetes/kubernetes 4393 4390 [0.2287245927094591, 0.14829827245991103, 0, 1.0, 1.0] 1
kubernetes/kubernetes 8931 8743 [0.483308388410888, 0.012676390239531182, 0, 0.0, 0.0] 1
kubernetes/kubernetes 39342 39293 [0.1714521847284005, 0.021989114877652084, 0.41710427606901723, 0.001349527665317139, 0.028390367553865654] 1
kubernetes/kubernetes 10746 10512 [0.2517680636887477, 0.16846804719095443, 0.23636363636363636, 1.0, 0.0] 1
kubernetes/kubernetes 5763 5233 [0.38217981644268323, 0.06772081633400259, 0.0658953722334004, 0.057692307692307696, 0.05] 1
kubernetes/kubernetes 41546 41427 [0.14285767563516846, 0.04158867200797292, 0.3750140417883622, 0.5632754342431762, 0.36272155883514207] 1
kubernetes/kubernetes 17264 17195 [0.13547643577134605, 0.0583834933301116, 0.008, 0.1111111111111111, 0.3441762854144806] 1
kubernetes/kubernetes 9838 9730 [0.37541244846719923, 0.049991945512886306, 0, 1.0, 0.6956521739130435] 1
kubernetes/kubernetes 38546 1932 [0.03455474045117513, 0.0, 0.0, 0.0, 0.0] 1
kubernetes/kubernetes 28966 25342 [0.3923471427578969, 0.1721067496060871, 0.18967334035827185, 0.5, 0.5530085959885387] 1
kubernetes/kubernetes 32064 32049 [0.5561571523270754, 0.6110560682144623, 0, 1.0, 1.0] 1
kubernetes/kubernetes 40379 40378 [0.3685251671116398, 0.0, 0.0, 1.0, 0.0] 1
kubernetes/kubernetes 36597 36294 [0.3064302558100693, 0.8383015135817168, 0.17391304347826086, 0.5, 0.2222222222222222] 1
kubernetes/kubernetes 11475 11474 [0.509132683568709, 0.0, 0, 1.0, 1.0] 1
kubernetes/kubernetes 36434 32811 [0.8446447077897552, 0.9049894975376336, 0.6360759493670886, 0.75, 0.4748858447488584] 1
kubernetes/kubernetes 41942 37571 [0.42849048722185207, 0.29683961853287527, 0.3329875518672199, 0.0, 0.0] 1
kubernetes/kubernetes 11219 10234 [0.4104662227011132, 0.12469808589491568, 0.03571428571428571, 0.0, 0.0] 1
kubernetes/kubernetes 35835 35817 [0.5580390347107501, 0.6040754229766088, 0.0, 1.0, 1.0] 1
kubernetes/kubernetes 45920 45918 [0.37236438461806465, 0.12105249847022602, 0.21160042964554243, 0.29545454545454547, 0.36569808646350105] 1
kubernetes/kubernetes 16495 16152 [0.5105517541857593, 0.36498439646543546, 0.234375, 0.6666666666666666, 0.6855791962174941] 1
kubernetes/kubernetes 31741 31682 [0.6074381933208619, 0.3610604492000565, 0, 1.0, 1.0] 1
kubernetes/kubernetes 16227 15791 [0.18769782653846104, 0.07072058049660494, 0.019420783645655876, 0.3333333333333333, 0.20182291666666666] 1
kubernetes/kubernetes 20141 19706 [0.2376043583953041, 0.1131356385865279, 0, 1.0, 0] 1
kubernetes/kubernetes 35732 34152 [0.33109022584186515, 0.5102920989401537, 0.07536764705882353, 0.5, 0.0] 1
kubernetes/kubernetes 19932 19807 [0.7244830424311461, 0.0, 0.30477470028937576, 0.2037037037037037, 0.2551570340085486] 1
kubernetes/kubernetes 8309 8303 [0.38569496540667403, 0.11142950562224603, 0.2, 1.0, 1.0] 1
kubernetes/kubernetes 38591 38452 [0.4354868534831598, 0.24249390212340732, 0.06451612903225806, 1.0, 0.28735632183908044] 1
kubernetes/kubernetes 22163 22131 [0.27078829877811406, 0.017506902712376964, 0.0, 0.0, 0.0] 1
kubernetes/kubernetes 46695 46346 [0.12437952782212863, 0.9533261989861772, 0.3402777777777778, 0.5, 0.0] 1
kubernetes/kubernetes 34811 34144 [0.18380638464489646, 0.5306076950843513, 0.04192054594199366, 0.1, 0.03915530136383634] 1
kubernetes/kubernetes 14098 14083 [0.5289321168963538, 0.28402616049184826, 0, 1.0, 1.0] 1
kubernetes/kubernetes 17169 17167 [0.42627206361285663, 0.0465685645184718, 1.0, 1.0, 1.0] 1
kubernetes/kubernetes 13894 12717 [0.32289182427200785, 0.0, 0.17625899280575538, 0.3333333333333333, 0.5551839464882943] 1
kubernetes/kubernetes 5307 5302 [0.5550377468732146, 0.0, 0, 1.0, 1.0] 1
kubernetes/kubernetes 46666 45575 [0.5766588399882397, 0.3461040697058993, 0.015151515151515152, 0.0, 0.0] 1
kubernetes/kubernetes 43145 42152 [0.3508514447294072, 0.1950424890781981, 0, 1.0, 0.7142857142857143] 1
kubernetes/kubernetes 5298 5293 [0.6230704660519486, 0.23422483611815398, 0, 1.0, 1.0] 1
kubernetes/kubernetes 42202 41745 [0.3977585172926925, 0.42203855395771966, 0.6367915277505394, 0.78125, 0.8539098807839968] 1
kubernetes/kubernetes 28994 28604 [0.5604592725367774, 0.0, 0.13857290589451912, 0.13333333333333333, 0.04972972972972973] 1
kubernetes/kubernetes 44500 42007 [0.32050080620262344, 0.2973613845819542, 0.0, 0.14285714285714285, 0.0790273556231003] 1
kubernetes/kubernetes 44934 44908 [0.5452093196773314, 0.06291284486137183, 0.042600896860986545, 0.3333333333333333, 0.06463878326996197] 1
kubernetes/kubernetes 4698 4494 [0.06125550968014197, 0.692041700302866, 0.2714285714285714, 0.3333333333333333, 0.6183745583038869] 1
kubernetes/kubernetes 46307 45649 [0.5862113953454885, 0.06372686957894107, 0.5518134715025906, 1.0, 0.9608938547486033] 1
kubernetes/kubernetes 41959 41663 [0.6230088309068775, 0.45365010508605175, 0.01684717208182912, 0.1, 0.12474437627811862] 1
kubernetes/kubernetes 28414 24299 [0.3910460723393304, 0.7577880272153789, 0.16831683168316833, 0.3333333333333333, 0.19198312236286919] 1
kubernetes/kubernetes 30848 29741 [0.7775292015559881, 0.6047014589763715, 0.684400826446281, 0.6666666666666666, 0.9098011363636364] 1
kubernetes/kubernetes 273 169 [0.38251997690763545, 0.0, 0.10416666666666667, 0.3333333333333333, 0.3829787234042553] 1
kubernetes/kubernetes 22110 20384 [0.4369956573711321, 0.25989750903222447, 0.8705501618122977, 0.8571428571428571, 0.8716981132075472] 1
kubernetes/kubernetes 30654 30476 [0.617095328511688, 0.6449400260623857, 0.013333333333333334, 1.0, 0.0] 1
kubernetes/kubernetes 15902 15840 [0.4423874443860569, 0.09012487207591606, 0.0, 1.0, 0.0] 1
kubernetes/kubernetes 45463 45263 [0.5874403852318846, 0.3305877532137932, 0.17444843509492047, 0.11764705882352941, 0.18915929203539822] 1
kubernetes/kubernetes 9575 7227 [0.5787414055457231, 0.43963696796093193, 0.009950248756218905, 0.8571428571428571, 0.8418803418803419] 1
kubernetes/kubernetes 85 82 [0.8732440585936148, 0.0, 0.7894736842105263, 1.0, 1.0] 1
kubernetes/kubernetes 46869 46863 [0.4630206028286746, 0.19147275433769112, 0, 0.5, 0.6666666666666666] 1
kubernetes/kubernetes 18377 18341 [0.6356134617355047, 0.0, 0.0, 0.5, 0.0] 1
kubernetes/kubernetes 34972 29489 [0.5716491097944487, 0.6769199223992556, 0.1553398058252427, 0.5, 0.8378378378378378] 1
kubernetes/kubernetes 37137 35550 [0.37168408219460985, 0.4720131634782774, 0.10657596371882086, 0.0, 0.0] 1
kubernetes/kubernetes 3274 3270 [0.29116660041635833, 0.04624176012191234, 0.12544802867383512, 0.38461538461538464, 0.2074235807860262] 1
kubernetes/kubernetes 28294 28251 [0.4104888965622383, 0.09353397496618185, 0.0, 0.5, 0.6078431372549019] 1
kubernetes/kubernetes 44909 44462 [0.4712184298684841, 0.11133426883940271, 0.0, 0.5, 0.23333333333333334] 1
kubernetes/kubernetes 40380 40379 [0.4403389983382883, 0.0, 0.0, 1.0, 0.6666666666666666] 1
kubernetes/kubernetes 12980 12895 [0.548970435441339, 0.0, 0.04564315352697095, 0.5, 0.0] 1
kubernetes/kubernetes 28606 28206 [0.7051153923701075, 0.020382521107893264, 0.06878306878306878, 0.25, 0.20212765957446807] 1
kubernetes/kubernetes 43902 43871 [0.5200730363143021, 0.38812382622855, 0.494716618635927, 1.0, 0.7850799289520426] 1
kubernetes/kubernetes 13800 13680 [0.4901928154135257, 0.4171228346415794, 0.11632270168855535, 1.0, 0.14225941422594143] 1
kubernetes/kubernetes 3577 3555 [0.6549907460290108, 0.0, 0.023809523809523808, 0.0, 0.0] 1
kubernetes/kubernetes 13165 13154 [0.34786588849770145, 0.12297105728223252, 1.0, 1.0, 1.0] 1
kubernetes/kubernetes 41342 41308 [0.5537132762774113, 0.0567925310627737, 0.25925925925925924, 1.0, 0.5714285714285714] 1
kubernetes/kubernetes 47684 47223 [0.24032292703037528, 0.04422874014735594, 0.0, 1.0, 1.0] 1
kubernetes/kubernetes 19406 19324 [0.6148590167146504, 0.0, 0.0, 1.0, 0.9090909090909091] 1
kubernetes/kubernetes 11284 10824 [0.2401305644304824, 0.1456435492379383, 0.0, 1.0, 1.0] 1
kubernetes/kubernetes 38587 38571 [0.7424147597327023, 0.07619738487915445, 1.0, 1.0, 1.0] 1
kubernetes/kubernetes 20057 19510 [0.4647772840976683, 0.0, 0.09310344827586207, 0.9444444444444444, 0.9618722797729644] 1
kubernetes/kubernetes 44966 44943 [0.6858014102392508, 0.3381641063884431, 1.0, 1.0, 1.0] 1
kubernetes/kubernetes 36195 36186 [0.6839059600997617, 0.6768005325460682, 0.7476808905380334, 0.5, 0.9776649746192894] 1
kubernetes/kubernetes 34424 32408 [0.7959115247457135, 0.6209749582453724, 0.17704517704517705, 0.125, 0.21245421245421245] 1
kubernetes/kubernetes 30928 30880 [0.5680166508019019, 0.5034897338041828, 0.5681818181818182, 0.75, 0.9578947368421052] 1
kubernetes/kubernetes 2669 2652 [0.703390077840557, 0.20407780569468031, 0, 1.0, 1.0] 1
kubernetes/kubernetes 29854 29185 [0.4891210869070051, 0.3847515578186079, 0.0, 0.25, 0.4358974358974359] 1
kubernetes/kubernetes 21365 21361 [0.2826862214175211, 0.0, 0.1111111111111111, 0.5, 0.631578947368421] 1
kubernetes/kubernetes 35839 35760 [0.8339649708917535, 0.4017695374511053, 0.26936416184971096, 0.4166666666666667, 0.3231292517006803] 1
kubernetes/kubernetes 43666 42717 [0.9499344382106262, 0.24992154621860402, 0.6453900709219859, 0.8529411764705882, 0.7771509167842031] 1
kubernetes/kubernetes 25995 23473 [0.9075302673528032, 0.07153911376201637, 0.25806451612903225, 0.3333333333333333, 0.5148514851485149] 1
kubernetes/kubernetes 6964 6952 [0.7430844182701307, 0.08021933128166749, 0.037037037037037035, 0.25, 0.0] 1
kubernetes/kubernetes 28053 28052 [0.7183984502924878, 0.2463143083302872, 1.0, 1.0, 1.0] 1
kubernetes/kubernetes 46823 46739 [0.8977705009942207, 0.14219055369657935, 0.0, 1.0, 0.8586497890295358] 1
kubernetes/kubernetes 37140 36826 [0.5140535924247585, 0.7420124623687014, 0.004597701149425287, 0.2, 0.041791044776119404] 1
kubernetes/kubernetes 19884 19725 [1.0000000000000002, 0.9063907856378361, 1.0, 1.0, 1.0] 1
kubernetes/kubernetes 44969 43936 [1.0, 0.5772737037349437, 0.5921137685843568, 1.0, 0.8656429942418427] 1
kubernetes/kubernetes 43719 42815 [1.0000000000000002, 0.729594116824467, 1.0, 0.625, 0.962852897473997] 1
kubernetes/kubernetes 39634 39632 [1.0, 0.8632267962848715, 0.43478260869565216, 1.0, 0.8837209302325582] 1
cocos2d/cocos2d-x 6951 6939 [0.0, 0.0, 0.945631067961165, 1.0, 1.0] 1
cocos2d/cocos2d-x 13913 13877 [0.0, 0.0, 0.18867924528301888, 0.3333333333333333, 0.5357142857142857] 1
cocos2d/cocos2d-x 7008 6876 [0.0, 0.19321886205964017, 0.08620689655172414, 0.5, 0.0] 1
cocos2d/cocos2d-x 3276 3275 [0.0, 0.0, 0.016376663254861822, 0.047619047619047616, 0.02641802641802642] 1
cocos2d/cocos2d-x 2873 2871 [0.0, 0.054786160177969376, 0, 0.25, 0.11333333333333333] 1
cocos2d/cocos2d-x 4927 4925 [0.12993753327066962, 0.0, 0.0, 0.0, 0.0] 1
cocos2d/cocos2d-x 16751 16597 [0.0, 0.0, 0.022222222222222223, 0.3333333333333333, 0.3611111111111111] 1
cocos2d/cocos2d-x 9963 9901 [0.0, 0.0, 0.29148936170212764, 0.6666666666666666, 0.3140096618357488] 1
cocos2d/cocos2d-x 1266 1198 [0.09855058578030049, 0.0, 0.06353591160220995, 0.0, 0.0] 1
cocos2d/cocos2d-x 17756 17670 [0.2775058003454853, 0.24704009976692423, 0.3888888888888889, 1.0, 0.0] 1
cocos2d/cocos2d-x 13125 13092 [0.18757817457043408, 0.0, 0.00128783000643915, 0.041666666666666664, 0.002098635886673662] 1
cocos2d/cocos2d-x 4107 4087 [0.15096214214471232, 0.0, 0.041666666666666664, 0.3333333333333333, 0.42857142857142855] 1
cocos2d/cocos2d-x 10526 10485 [0.12330709249810899, 0.0, 0.3141654978962132, 0.3448275862068966, 0.03053026245313337] 1
cocos2d/cocos2d-x 6726 5978 [0.0, 0.0, 0.25043327556325823, 0.0, 0.0] 1
cocos2d/cocos2d-x 6588 6553 [0.1364989374393108, 0.0, 0.0, 0.125, 0.1953125] 1
cocos2d/cocos2d-x 13778 12071 [0.14777492311879592, 0.1949700484240897, 1.0, 1.0, 1.0] 1
cocos2d/cocos2d-x 5018 3861 [0.2460311442570498, 0.0, 0.0, 0.0, 0.0] 1
cocos2d/cocos2d-x 9218 9166 [0.2642132383323981, 0.16018086889232136, 0.0, 0.0, 0.0] 1
cocos2d/cocos2d-x 7561 7501 [0.0, 0.0, 0.1, 0.0, 0.0] 1
cocos2d/cocos2d-x 13518 13363 [0.0, 0.18071132284967548, 0.017699115044247787, 0.0, 0.0] 1
cocos2d/cocos2d-x 12762 11952 [0.0, 0.0422731817775088, 0.06666666666666667, 1.0, 0.9528795811518325] 1
cocos2d/cocos2d-x 2540 2538 [0.33885939066752996, 0.0, 1.0, 1.0, 1.0] 1
cocos2d/cocos2d-x 2212 2174 [0.0, 0.06764325626025311, 0.0, 0.0, 0.0] 1
cocos2d/cocos2d-x 10439 10425 [0.0, 0.0, 1.0, 0.5, 0.5957446808510638] 1
cocos2d/cocos2d-x 10800 10340 [0.3048112734960909, 0.0, 0.0, 0.25, 0.0] 1
cocos2d/cocos2d-x 16838 16812 [0.0, 0.12488462405211183, 0.1683381088825215, 0.2610294117647059, 0.46460065507684556] 1
cocos2d/cocos2d-x 5423 3306 [0.6439309261375946, 0.0, 1.0, 0.0, 0.0] 1
cocos2d/cocos2d-x 6734 6670 [0.3474361227178786, 0.4097644134358845, 1.0, 1.0, 1.0] 1
cocos2d/cocos2d-x 1431 1422 [0.4132521976493679, 0.0, 0.0, 0.5, 0.8518518518518519] 1
cocos2d/cocos2d-x 6182 6159 [0.030698057842655686, 0.0, 0.07142857142857142, 0.0, 0.0] 1
cocos2d/cocos2d-x 5197 5185 [0.27008438963419495, 0.0, 0.010230179028132993, 0.2, 0.0] 1
cocos2d/cocos2d-x 14727 14712 [0.6338930603243002, 0.0, 0.6666666666666666, 1.0, 1.0] 1
cocos2d/cocos2d-x 5918 5683 [0.2735492673543001, 0.0, 0.0, 0.5, 0.8362831858407079] 1
cocos2d/cocos2d-x 11540 3860 [0.13288575610193473, 0.14783677313592636, 0.1875, 0.0, 0.0] 1
cocos2d/cocos2d-x 9257 9057 [0.5433083034437084, 0.6358152278417986, 0.005673758865248227, 0.25, 0.32646048109965636] 1
cocos2d/cocos2d-x 2370 2142 [0.03463861566547917, 0.0, 0.0, 0.3333333333333333, 0.0] 1
cocos2d/cocos2d-x 5782 5769 [0.08238383678058152, 0.115106202575996, 0.0013610071452875127, 0.2826086956521739, 0.009285051067780872] 1
cocos2d/cocos2d-x 12083 10362 [0.7170384379020255, 0.0, 0.49393939393939396, 0.5, 0.7208333333333333] 1
cocos2d/cocos2d-x 5422 3251 [1.0000000000000002, 0.0, 1.0, 0.0, 0.0] 1
cocos2d/cocos2d-x 5496 3639 [0.4415845443765358, 0.0, 0.2826086956521739, 0.25, 0.0] 1
cocos2d/cocos2d-x 13982 13843 [0.1714423448734552, 0.0, 0.3125, 0.0, 0.0] 1
cocos2d/cocos2d-x 2327 2212 [0.0, 0.24551204742958538, 0.6666666666666666, 1.0, 1.0] 1
cocos2d/cocos2d-x 709 707 [0.2585498136280733, 0.0, 0, 1.0, 1.0] 1
cocos2d/cocos2d-x 10426 10388 [0.34079071625596324, 0.0, 0.0058823529411764705, 0.5, 0.6060606060606061] 1
cocos2d/cocos2d-x 10909 9118 [0.014334373834498355, 0.007959267371415904, 0.0, 0.14285714285714285, 0.0] 1
cocos2d/cocos2d-x 16620 16384 [0.7095013656361879, 0.0, 0.0, 0.09090909090909091, 0.1836734693877551] 1
cocos2d/cocos2d-x 4571 4562 [0.6553748455181586, 0.45713033498354655, 0, 0.25, 0.18947368421052632] 1
cocos2d/cocos2d-x 13084 11640 [0.41534463284963075, 0.0, 0.0, 0.16666666666666666, 0.09701492537313433] 1
cocos2d/cocos2d-x 1428 1421 [0.4033788153643895, 0.0, 0.2222222222222222, 1.0, 0.32608695652173914] 1
cocos2d/cocos2d-x 15377 15376 [0.14841644572086063, 0.3764677172142262, 0.125, 1.0, 0.0] 1
cocos2d/cocos2d-x 8640 8204 [0.26322190017022357, 0.0, 0.29523809523809524, 1.0, 0.8584905660377359] 1
cocos2d/cocos2d-x 5013 3872 [0.6715905395777397, 0.0, 0, 0.5, 0.46875] 1
cocos2d/cocos2d-x 13640 13634 [0.5919748844247161, 0.0, 0.0, 1.0, 0.8615384615384616] 1
cocos2d/cocos2d-x 5008 3981 [0.642832084826257, 0.0, 0.5, 1.0, 0.7811447811447811] 1
cocos2d/cocos2d-x 5927 5925 [0.6537874792695733, 0.0, 0, 1.0, 0.22580645161290322] 1
cocos2d/cocos2d-x 3209 3189 [0.6084997090510407, 0.0, 0.42105263157894735, 1.0, 1.0] 1
cocos2d/cocos2d-x 11583 11441 [1.0, 0.3659073056453581, 0.9004120879120879, 0.8, 0.9810534293292914] 1
django/django 4419 4151 [0.0, 0.26973838252825655, 0.10240963855421686, 0.75, 0.8811881188118812] 1
django/django 2152 1888 [0.03271807693351203, 0.0, 0.0399002493765586, 0.6363636363636364, 0.4803921568627451] 1
django/django 5324 5166 [0.0741155248270222, 0.01924674487951165, 0.21078037007240547, 0.2631578947368421, 0.3022151898734177] 1
django/django 2706 2615 [0.03821478394439569, 0.0, 0.1766304347826087, 1.0, 0.918918918918919] 1
django/django 767 344 [0.0, 0.7356896951947481, 0.6887417218543046, 0.6666666666666666, 0.8324324324324325] 1
django/django 4115 3984 [0.3536178891735309, 0.0, 0.2797704447632712, 0.42857142857142855, 0.2769556025369979] 1
django/django 440 390 [0.0, 0.0, 0.0, 0.029411764705882353, 0.03051643192488263] 1
django/django 4152 4143 [0.3230581230549536, 0.0, 0.018032786885245903, 0.038461538461538464, 0.0] 1
django/django 5664 5553 [0.14423984359513714, 0.0, 0.35714285714285715, 0.5, 0.6542056074766355] 1
django/django 2662 2627 [0.25838782626938345, 0.4956880355276885, 0.28991596638655465, 0.6666666666666666, 0.7983193277310925] 1
django/django 3506 3502 [0.20261309720327905, 0.0, 0.0, 0.010526315789473684, 0.0] 1
django/django 1480 1478 [0.22660644630094626, 0.03648800382497111, 0.14925373134328357, 0.16666666666666666, 0.35655737704918034] 1
django/django 5404 5378 [0.12353289717712644, 0.0, 0.09772296015180265, 0.26666666666666666, 0.03333333333333333] 1
django/django 875 871 [0.15454487352221305, 0.11315623496415363, 0.0958904109589041, 0.3333333333333333, 0.07731958762886598] 1
django/django 1123 629 [0.0, 0.0, 0.1071192417897289, 0.08064516129032258, 0.22253129346314326] 1
django/django 8405 8303 [0.5884940651465046, 0.30536812021979115, 0.3614457831325301, 0.0, 0.0] 1
django/django 5074 5066 [0.36965814258875374, 0.0011764275209547124, 1.0, 1.0, 1.0] 1
django/django 2859 2408 [0.5883047974197174, 0.16487553618738743, 0.09090909090909091, 0.25, 0.0] 1
django/django 2388 2313 [0.4766585995594751, 0.0, 0.007194244604316547, 0.2, 0.14893617021276595] 1
django/django 3060 1845 [0.32526337443945047, 0.0, 0.041666666666666664, 0.0, 0.0] 1
django/django 6207 6088 [0.42908406626582724, 0.252248402084786, 0.09696969696969697, 0.25, 0.3157894736842105] 1
django/django 3999 3957 [0.5412849499776966, 0.3856790454056228, 0.0781758957654723, 0.16666666666666666, 0.0] 1
django/django 3144 2861 [0.37927020317535376, 0.0, 0.18435754189944134, 0.2857142857142857, 0.5378787878787878] 1
django/django 5464 5463 [0.4146551790301906, 0.002554968010228793, 0.006329113924050633, 0.25, 0.18181818181818182] 1
django/django 3521 3500 [0.7612891422847182, 0.06726029940589436, 0.3109919571045576, 0.25, 0.375] 1
django/django 1328 1284 [0.7887169615952353, 0.0, 0.04702627939142462, 0.1, 0.059233449477351915] 1
django/django 1690 1197 [0.08002791930065976, 0.18324020595488535, 0.34513274336283184, 0.2857142857142857, 0.0] 1
django/django 2425 2366 [0.0, 0.1529611345659662, 0.01793103448275862, 0.1111111111111111, 0.25] 1
django/django 3938 3475 [0.3055750660951416, 0.0, 0.040784065760354093, 0.12121212121212122, 0.08256880733944955] 1
django/django 1758 1752 [0.46535265631742767, 0.21828016811511075, 0.06936416184971098, 0.2, 0.5546218487394958] 1
django/django 3503 3497 [0.13671054856785095, 0.48917912384050116, 0.0, 0.25, 0.2077922077922078] 1
django/django 5756 5751 [0.25095527291397685, 0.0, 0.2595419847328244, 0.25, 0.0] 1
django/django 1995 1989 [0.7870082897939802, 0.0825023437695111, 0.028089887640449437, 0.5, 0.21052631578947367] 1
django/django 1489 1376 [0.7902578268037628, 0.3985816891536313, 0.033012379642365884, 0.01904761904761905, 0.018563357546408393] 1
django/django 1971 1966 [0.405510256465615, 0.0, 0.10869565217391304, 1.0, 0.6444444444444445] 1
django/django 6801 6758 [0.41996674077523005, 0.0, 0.16326530612244897, 0.25, 0.23333333333333334] 1
django/django 1478 1435 [0.2856161021548255, 0.056265176588104225, 0.4166666666666667, 0.5, 0.7339449541284404] 1
django/django 2159 2155 [0.9545217198044854, 0.8412013053403059, 1.0, 1.0, 1.0] 1
django/django 5158 5149 [0.5983754058586419, 0.0, 0.1328125, 0.6666666666666666, 0.9416666666666667] 1
django/django 7135 6660 [0.3018663659804637, 0.049773423707548545, 0.012345679012345678, 0.25, 0.1337579617834395] 1
django/django 3847 3529 [0.5973613640516092, 0.49552518473036244, 0.6305732484076433, 1.0, 0.1415929203539823] 1
django/django 5052 5049 [0.6633864034709145, 0.28804414348479485, 0.2894736842105263, 0.6666666666666666, 0.0] 1
django/django 7329 7326 [0.4569189151416941, 0.0, 0.06, 0.3333333333333333, 0.0] 1
django/django 1772 1763 [0.4363192130015991, 0.0, 0.041379310344827586, 0.1111111111111111, 0.28431372549019607] 1
django/django 1211 1014 [0.2172907165432347, 0.0, 0.6844444444444444, 1.0, 1.0] 1
django/django 5628 5621 [0.6118288659234842, 0.0, 0.0821917808219178, 0.3333333333333333, 0.0] 1
django/django 7825 7814 [0.7525028337799958, 0.0, 0.7681159420289855, 1.0, 1.0] 1
django/django 2564 2432 [0.9909397712022032, 0.0, 0.5416666666666666, 1.0, 0.9556962025316456] 1
django/django 5220 4250 [0.9742772964433832, 0.0, 0.78125, 1.0, 0.5] 1
django/django 7644 7496 [0.5987144656691631, 0.0, 0.006211180124223602, 0.5, 0.22950819672131148] 1
django/django 3410 3399 [0.6537585499359158, 0.10879918691963934, 0.021834061135371178, 0.5, 0.3424657534246575] 1
django/django 2099 1759 [1.0, 0.0, 0.23550087873462214, 0.6, 0.7204301075268817] 1
django/django 6267 6266 [1.0, 0.0, 0.4394736842105263, 0.5, 0.6396396396396397] 1
django/django 2985 2959 [1.0, 1.0, 0.8245614035087719, 1.0, 1.0] 1
django/django 5951 5742 [1.0000000000000002, 0.5120957658973088, 0.22580645161290322, 0.42857142857142855, 0.5391304347826087] 1
docker/docker 8616 8614 [0.05548303735302833, 0.0, 0, 1.0, 1.0] 1
docker/docker 30290 29121 [0.0, 0.10522519773797141, 0, 0.0, 0.0] 1
docker/docker 32237 31744 [0.3797822406745651, 0.12042347763546984, 0.07112970711297072, 0.0, 0.0] 1
docker/docker 1443 1442 [0.10512369639181746, 0.0, 0.0, 0.046511627906976744, 0.0] 1
docker/docker 1312 607 [0.0, 0.0, 0, 1.0, 0.0] 1
docker/docker 6766 6579 [0.0, 0.05412671061676113, 0.0029154518950437317, 0.1, 0.060897435897435896] 1
docker/docker 7163 7155 [0.0, 0.1677712806502236, 0.1201923076923077, 0.3333333333333333, 0.0] 1
docker/docker 11794 11782 [0.03659699106105363, 0.089550602255878, 0.4, 1.0, 1.0] 1
docker/docker 19760 19693 [0.11933742271975258, 0.005639604935315872, 0.9615082482325216, 0.7906976744186046, 0.9394121175764847] 1
docker/docker 756 743 [0.0, 0.0, 0.004608294930875576, 0.2, 0.0782608695652174] 1
docker/docker 2295 1577 [0.25023562467415245, 0.21506904054620382, 0.20265151515151514, 0.25, 0.4978540772532189] 1
docker/docker 16172 16149 [0.0, 0.2140291459541354, 0, 0.25, 0.36363636363636365] 1
docker/docker 20816 20686 [0.1132427573190668, 0.08085728919428324, 0.0, 1.0, 1.0] 1
docker/docker 29850 29733 [0.0, 0.04402435797079905, 0.0319634703196347, 0.3333333333333333, 0.2608695652173913] 1
docker/docker 15001 14957 [0.506077934244922, 0.4326405665611392, 0.09523809523809523, 1.0, 0.0] 1
docker/docker 4231 4203 [0.28986303526152635, 0.0, 0, 1.0, 1.0] 1
docker/docker 16512 16009 [0.5142085793538017, 0.01060646552141182, 0.1769436997319035, 0.0, 0.0] 1
docker/docker 1778 1775 [0.0, 0.0, 0.0, 0.024390243902439025, 0.02367797947908445] 1
docker/docker 15749 14513 [0.019274937151898604, 0.1579458542174336, 0, 1.0, 1.0] 1
docker/docker 1645 1644 [0.7634580722970099, 0.0, 0, 1.0, 0.6129032258064516] 1
docker/docker 12920 10255 [0.16391109541397056, 0.21954837136933408, 0.14705882352941177, 0.25, 0.4942528735632184] 1
docker/docker 3332 3303 [0.0, 0.029476668182702413, 0.28205128205128205, 1.0, 0.7878787878787878] 1
docker/docker 7717 7716 [0.3567343385457827, 0.017572386345953928, 0.5555555555555556, 1.0, 1.0] 1
docker/docker 19137 18887 [0.3165728666284775, 0.06482846147729658, 0.0, 0.017543859649122806, 0.006072315760419542] 1
docker/docker 4247 4231 [0.16005308921609754, 0.0, 0, 1.0, 1.0] 1
docker/docker 29218 29138 [0.18492108262539195, 0.3336963357425242, 0.08069164265129683, 0.0, 0.0] 1
docker/docker 1775 1774 [0.0, 0.044364216572273796, 0.0, 0.024390243902439025, 0.019809825673534072] 1
docker/docker 14196 13923 [0.0, 0.0, 0, 1.0, 1.0] 1
docker/docker 2937 2906 [0.0, 0.0, 0, 1.0, 1.0] 1
docker/docker 11632 10992 [0.129663638816939, 0.0, 0.12364425162689804, 0.25, 0.0] 1
docker/docker 10126 10005 [0.2638904958935965, 0.01899171017464898, 0.014992503748125937, 0.4, 0.5611814345991561] 1
docker/docker 7946 7945 [0.18199297316601598, 0.0, 0.12, 0.0, 0.0] 1
docker/docker 25158 25133 [0.04677423153661763, 0.04521124130523869, 0.225, 1.0, 1.0] 1
docker/docker 1624 1565 [0.08873325010441449, 0.0, 0.061224489795918366, 0.5, 0.17777777777777778] 1
docker/docker 21801 21723 [0.2686533087627559, 0.36102435305487895, 0.09333333333333334, 1.0, 0.7058823529411765] 1
docker/docker 22099 22098 [0.18303012273612324, 0.044645848875342106, 0, 1.0, 1.0] 1
docker/docker 20206 20205 [0.15439330378782742, 0.159184769068466, 0.021505376344086023, 0.2222222222222222, 0.2302839116719243] 1
docker/docker 15479 14868 [0.2326773244293718, 0.060702756215659674, 0, 1.0, 1.0] 1
docker/docker 4723 4601 [0.24174859879182067, 0.019690801577709565, 0.0, 1.0, 1.0] 1
docker/docker 12299 11857 [0.6487002960946399, 0.10073215581476397, 0.0, 1.0, 0.0] 1
docker/docker 9426 9405 [0.36631740005103575, 0.4004073818599604, 0.018867924528301886, 0.0, 0.0] 1
docker/docker 30281 29702 [0.07818393426658163, 0.15578524639342503, 0.009345794392523364, 0.0, 0.0] 1
docker/docker 5226 5131 [0.3134692763214149, 0.0, 1.0, 1.0, 1.0] 1
docker/docker 6178 6061 [0.426294596901842, 0.0302436276192044, 0.9304703476482618, 0.9, 0.8832116788321168] 1
docker/docker 7666 7658 [0.01673393202314481, 0.003208678762985124, 0.014705882352941176, 0.3333333333333333, 0.16666666666666666] 1
docker/docker 4989 4976 [0.2103225185862347, 0.08968974025299477, 0.01818181818181818, 0.5, 0.4666666666666667] 1
docker/docker 13939 13041 [0.5290927130525104, 0.04300329452733556, 0.007874015748031496, 0.0, 0.0] 1
docker/docker 9230 9215 [0.3258464048772748, 0.190438676853125, 0.5, 1.0, 0.6666666666666666] 1
docker/docker 4270 3956 [0.34155427263269345, 0.07756210177592546, 0.05970149253731343, 0.2857142857142857, 0.0] 1
docker/docker 31352 29766 [0.6584109742299171, 0.15351092790667517, 0.052130044843049325, 0.16666666666666666, 0.0] 1
docker/docker 12416 11857 [0.8038775610313146, 0.1769526805817271, 0.0, 1.0, 0.0] 1
docker/docker 12445 12416 [0.8489745135930964, 0.14698453467526085, 0.16666666666666666, 1.0, 1.0] 1
docker/docker 4194 3853 [0.4871820023448107, 0.04966989511491808, 0.7815126050420168, 0.25, 0.0] 1
docker/docker 12768 12180 [0.7822773853511265, 0.35802740226045326, 0.6375711574952562, 0.6818181818181818, 0.4968553459119497] 1
docker/docker 10843 10833 [0.8471221440076248, 0.09158198676085104, 0, 1.0, 0.8205128205128205] 1
docker/docker 5929 5921 [0.7523185281156484, 0.05848964074948563, 0.1206896551724138, 1.0, 1.0] 1
docker/docker 12424 12282 [0.7699239457784408, 0.0, 0.1272264631043257, 0.2, 0.16083916083916083] 1
docker/docker 16406 16403 [0.3998056737497259, 0.3108981173280218, 0.13089005235602094, 0.3333333333333333, 0.17073170731707318] 1
docker/docker 14991 14910 [0.8516802906368338, 0.5593116960819392, 0.19117647058823528, 1.0, 1.0] 1
docker/docker 27160 26987 [0.7210076167134595, 0.017419758337598477, 0.5208333333333334, 0.7727272727272727, 0.6426666666666667] 1
docker/docker 9715 9233 [1.0, 0.12218147628256047, 0.17647058823529413, 0.0, 0.0] 1
