django/django 8293 9554 [0.2857142857142857, 0.04, 0.3079019073569482, 1.0, 0.12643678160919541, 1, 2] 1
django/django 9527 9814 [0.5, 0.10843373493975904, 0.25, 1.0, 1.0, 0, 1] 1
angular/angular.js 5199 5472 [0.05555555555555555, 0, 0.17647058823529413, 0.5, 1.0, 1, 1] 1
angular/angular.js 5774 7436 [0.1, 0, 0.0, 1.0, 0.0, 0, 1] 1
angular/angular.js 4098 5472 [0.18181818181818182, 0.08536585365853659, 0.30448717948717946, 1.0, 0.0, 1, 2] 1
angular/angular.js 12477 12524 [0.1111111111111111, 0, 0.14622178606476938, 0.45454545454545453, 0.8939226519337017, 0, 5] 1
angular/angular.js 6716 6692 [0.2222222222222222, 0, 0, 1.0, 0.0, 0, 1] 1
angular/angular.js 9555 9529 [1.0, 0.5098039215686274, 0.9708029197080292, 1.0, 0.7446808510638298, 0, 2] 1
angular/angular.js 8684 8233 [0.26666666666666666, 0.08670520231213873, 0.12554112554112554, 1.0, 0.0, 0, 2] 1
angular/angular.js 5580 5089 [0.24, 0.05405405405405406, 0.03225806451612903, 0.5, 0.0, 1, 1] 1
angular/angular.js 5472 4098 [0.18181818181818182, 0.08536585365853659, 0.30448717948717946, 1.0, 0.0, 1, 2] 1
spring-projects/spring-boot 11149 10672 [0.17647058823529413, 0.13513513513513514, 0.36444444444444446, 1.0, 0.7686567164179104, 0, 2] 1
spring-projects/spring-boot 5234 5417 [0.125, 0.09615384615384616, 0.4357142857142857, 1.0, 0.7803030303030303, 0, 3] 1
spring-projects/spring-boot 12151 12149 [0.42857142857142855, 0.39166666666666666, 0, 1.0, 1.0, 0, 1] 1
spring-projects/spring-boot 4607 4502 [0.07142857142857142, 0.0, 1.0, 1.0, 0.6666666666666666, 0, 1] 1
rails/rails 32031 32267 [0.09090909090909091, 0.03333333333333333, 1.0, 0.9285714285714286, 0.9744990892531876, 0, 104] 1
rails/rails 31621 32256 [0.625, 0.006289308176100629, 0, 0.3333333333333333, 1.0, 0, 1] 1
rails/rails 8308 11851 [0.8, 0.04854368932038835, 0.5191424196018377, 0.6666666666666666, 1.0, 1, 2] 1
BVLC/caffe 4021 3731 [0.08333333333333333, 0.046632124352331605, 0.0738255033557047, 0.5, 0.4919786096256685, 0, 3] 1
BVLC/caffe 6029 5869 [0.1, 0.052132701421800945, 1.0, 1.0, 1.0, 0, 1] 1
BVLC/caffe 4397 3954 [0.4, 0.05084745762711865, 0.17647058823529413, 1.0, 1.0, 0, 1] 1
BVLC/caffe 2363 1479 [0.5, 0.13157894736842105, 0.5434782608695652, 1.0, 0.0, 0, 2] 1
MarlinFirmware/Marlin 3538 3542 [0.3333333333333333, 0.0, 0.0, 1.0, 1.0, 0, 1] 1
apache/spark 14111 14548 [0.46153846153846156, 0.20930232558139536, 0.3228995057660626, 0.2, 0.9641873278236914, -1, 2] 1
apache/spark 1886 1944 [0.08333333333333333, 0, 0.7303370786516854, 0.75, 0.5095541401273885, 0, 3] 1
apache/spark 1864 1825 [0.3333333333333333, 0.06837606837606838, 0.7468879668049793, 0.8, 1.0, 1, 4] 1
apache/spark 7097 6827 [0.2777777777777778, 0.14772727272727273, 0.26304347826086955, 1.0, 0.7299270072992701, 1, 2] 1
hakimel/reveal.js 1739 1774 [0.42857142857142855, 0.13043478260869565, 0.8571428571428571, 0.3333333333333333, 0.72, 1, 1] 1
adobe/brackets 13846 13842 [0.375, 0.8421052631578947, 0.9205983889528193, 0.8, 1.0, 0, 4] 1
airbnb/javascript 310 298 [0.3, 0.038461538461538464, 1.0, 1.0, 1.0, 0, 1] 1
ariya/phantomjs 13493 13471 [0.0, 0, 0.3333333333333333, 1.0, 0.5, 0, 1] 1
Homebrew/homebrew-core 1183 1123 [0.3333333333333333, 1.0, 0.8631578947368421, 1.0, 0.9772727272727273, 0, 1] 1
opencv/opencv 11166 11033 [0.36363636363636365, 0.2, 1.0, 1.0, 1.0, 0, 1] 1
opencv/opencv 11166 11033 [0.36363636363636365, 0.2, 1.0, 1.0, 1.0, 0, 1] 1
Homebrew/homebrew 12807 12612 [0.6666666666666666, 0.012578616352201259, 0.0889487870619946, 1.0, 1.0, 0, 1] 1
docker/docker 17253 16898 [0.2, 0.11627906976744186, 1.0, 1.0, 1.0, 0, 21] 1
scikit-learn/scikit-learn 2736 2079 [0.2, 0.06451612903225806, 0.14176829268292682, 0.2222222222222222, 0.8308115543328748, -1, 2] 1
scikit-learn/scikit-learn 4294 3340 [0.21052631578947367, 0.020802377414561663, 0.1264705882352941, 0.18518518518518517, 0.532033426183844, 1, 10] 1
scikit-learn/scikit-learn 10365 10367 [0.5555555555555556, 0.11214953271028037, 1.0, 0.5, 1.0, 1, 1] 1
scikit-learn/scikit-learn 10365 10363 [0.0, 0.0967741935483871, 0.3333333333333333, 1.0, 1.0, 1, 1] 1
pytorch/vision 492 493 [1.0, 0.05847953216374269, 0.380977130977131, 0.5, 1.0, 0, 1] 1
