django/django 8293 9554 [0.6739330125639783, 0.05893970500524887, 0.6378193674478976, 1.0, 0.12643678160919541, 1] 1
django/django 9527 9814 [0.7645381276901201, 0.34489576062704463, 0.40824829046386296, 1.0, 1.0, 0] 1
angular/angular.js 5199 5472 [0.004289994909221345, 0.0, 0.6840133266480454, 0.5, 1.0, 1] 1
angular/angular.js 5774 7436 [0.3332386681366875, 0.0, 0.0, 1.0, 0.0, 0] 1
angular/angular.js 4098 5472 [0.1007777119808555, 0.17290307667573798, 0.7053106985099878, 1.0, 0.0, 1] 1
angular/angular.js 12477 12524 [0.18391435560395297, 0.0, 0.4125926379862166, 0.45454545454545453, 0.8939226519337017, 0] 1
angular/angular.js 6716 6692 [0.3191762047648256, 0.0, 0.0, 1.0, 0.0, 0] 1
angular/angular.js 9555 9529 [1.0, 0.3874919059609176, 0.9952720841080434, 1.0, 0.7446808510638298, 0] 1
angular/angular.js 8684 8233 [0.34151103846267217, 0.09364127207655892, 0.32501678035794, 1.0, 0.0, 0] 1
angular/angular.js 5580 5089 [0.4011452515487386, 0.3114981002502507, 0.14467284665112362, 0.5, 0.0, 1] 1
angular/angular.js 5472 4098 [0.1007777119808555, 0.17290307667573798, 0.7053106985099878, 1.0, 0.0, 1] 1
spring-projects/spring-boot 11149 10672 [0.2591958892342967, 0.24457486211831359, 0.8612325193004667, 1.0, 0.7686567164179104, 0] 1
spring-projects/spring-boot 5234 5417 [0.14331738075515477, 0.26211689189487297, 0.5992593218899006, 1.0, 0.7803030303030303, 0] 1
spring-projects/spring-boot 12151 12149 [0.6446491541556836, 0.8074800087378488, 0.0, 1.0, 1.0, 0] 1
spring-projects/spring-boot 4607 4502 [0.022885595978502378, 0.0, 0.9999999999999998, 1.0, 0.6666666666666666, 0] 1
rails/rails 32031 32267 [0.024273271902451703, 0.08901202638378015, 1.0, 0.9285714285714286, 0.9744990892531876, 0] 1
rails/rails 31621 32256 [0.8398590908474588, 0.0019100784517474521, 0.0, 0.3333333333333333, 1.0, 0] 1
rails/rails 8308 11851 [0.9295667042114053, 0.11264614356570117, 0.9592534275171433, 0.6666666666666666, 1.0, 1] 1
BVLC/caffe 4021 3731 [0.1200828165455785, 0.14860286621213586, 0.1943854785875588, 0.5, 0.4919786096256685, 0] 1
BVLC/caffe 6029 5869 [0.1805829020912761, 0.3895888881914783, 0.9999999999999998, 1.0, 1.0, 0] 1
BVLC/caffe 4397 3954 [0.6468031433717456, 0.25738422673900485, 0.36563621206356534, 1.0, 1.0, 0] 1
BVLC/caffe 2363 1479 [0.729074122575187, 0.19669315951910535, 0.7466278748617675, 1.0, 0.0, 0] 1
MarlinFirmware/Marlin 3538 3542 [0.40583243257195134, 0.0, 0.0, 1.0, 1.0, 0] 1
apache/spark 14111 14548 [0.32546400181555424, 0.41545972628144645, 0.5782245185338593, 0.2, 0.9641873278236914, -1] 1
apache/spark 1886 1944 [0.017112467224826837, 0.0, 0.94922501017364, 0.75, 0.5095541401273885, 0] 1
apache/spark 1864 1825 [0.5512470510713843, 0.09563293939013212, 0.9352753164379776, 0.8, 1.0, 1] 1
apache/spark 7097 6827 [0.4588238114639857, 0.4285776251637668, 0.6043526559409659, 1.0, 0.7299270072992701, 1] 1
hakimel/reveal.js 1739 1774 [0.6879642238344651, 0.38502635232724464, 0.9525793444156805, 0.3333333333333333, 0.72, 1] 1
adobe/brackets 13846 13842 [0.6781470843243765, 0.9685861100626975, 0.9896277963179418, 0.8, 1.0, 0] 1
airbnb/javascript 310 298 [0.4979044861002605, 0.015578217210480994, 1.0, 1.0, 1.0, 0] 1
ariya/phantomjs 13493 13471 [0.0, 0.0, 1.0, 1.0, 0.5, 0] 1
Homebrew/homebrew-core 1183 1123 [0.49737795781019406, 1.0, 0.9676807429414087, 1.0, 0.9772727272727273, 0] 1
opencv/opencv 11166 11033 [0.3972426104605162, 0.2853364746717258, 0.9999999999999998, 1.0, 1.0, 0] 1
opencv/opencv 11166 11033 [0.3972426104605162, 0.2853364746717258, 0.9999999999999998, 1.0, 1.0, 0] 1
Homebrew/homebrew 12807 12612 [0.6907906236000039, 0.17683886295482001, 0.4591341654651551, 1.0, 1.0, 0] 1
docker/docker 17253 16898 [0.5395819891042815, 0.032958145305095915, 0.9999923580994593, 1.0, 1.0, 0] 1
scikit-learn/scikit-learn 2736 2079 [0.29783187779109555, 0.14850475206090769, 0.4238907592257148, 0.2222222222222222, 0.8308115543328748, -1] 1
scikit-learn/scikit-learn 4294 3340 [0.41531049767888956, 0.09457877521130538, 0.26383027497648764, 0.18518518518518517, 0.532033426183844, 1] 1
scikit-learn/scikit-learn 10365 10367 [0.892062728609555, 0.23529414300503618, 1.0, 0.5, 1.0, 1] 1
scikit-learn/scikit-learn 10365 10363 [0.0, 0.19396664518675874, 0.6546536707079771, 1.0, 1.0, 1] 1
pytorch/vision 492 493 [1.0, 0.1828080384949592, 0.8260682721827188, 0.5, 1.0, 0] 1
