django/django 8293 9554 [1.7091456887697292, 1.3320087766025694, 0.3079019073569482, 1.0, 0.12643678160919541, 1, 2] 1
django/django 9527 9814 [1.9865046158844921, 2.947482820935764, 0.25, 1.0, 1.0, 0, 1] 1
angular/angular.js 5199 5472 [1.0, 0, 0.17647058823529413, 0.5, 1.0, 1, 1] 1
angular/angular.js 5774 7436 [1.2656528097293556, 0, 0.0, 1.0, 0.0, 0, 1] 1
angular/angular.js 4098 5472 [1.2455853278202, 2.2430271107635678, 0.30448717948717946, 1.0, 0.0, 1, 2] 1
angular/angular.js 12477 12524 [1.0, 0, 0.14622178606476938, 0.45454545454545453, 0.8939226519337017, 0, 5] 1
angular/angular.js 6716 6692 [1.413437807785808, 0, 0, 1.0, 0.0, 0, 1] 1
angular/angular.js 9555 9529 [2.6847559029815895, 4.469529034912626, 0.9708029197080292, 1.0, 0.7446808510638298, 0, 2] 1
angular/angular.js 8684 8233 [1.7881020397680705, 3.19016858147669, 0.12554112554112554, 1.0, 0.0, 0, 2] 1
angular/angular.js 5580 5089 [1.9514074913910697, 1.161500603226915, 0.03225806451612903, 0.5, 0.0, 1, 1] 1
angular/angular.js 5472 4098 [1.2455853278202, 2.2430271107635678, 0.30448717948717946, 1.0, 0.0, 1, 2] 1
spring-projects/spring-boot 11149 10672 [1.7055921778723138, 2.8810860237389186, 0.36444444444444446, 1.0, 0.7686567164179104, 0, 2] 1
spring-projects/spring-boot 5234 5417 [1.392177198705034, 1.9157346193755167, 0.4357142857142857, 1.0, 0.7803030303030303, 0, 3] 1
spring-projects/spring-boot 12151 12149 [1.576750309654265, 5.052497280711195, 0, 1.0, 1.0, 0, 1] 1
spring-projects/spring-boot 4607 4502 [1.0, 0, 1.0, 1.0, 0.6666666666666666, 0, 1] 1
rails/rails 32031 32267 [1.0, 1.413108797142752, 1.0, 0.9285714285714286, 0.9744990892531876, 0, 104] 1
rails/rails 31621 32256 [2.0638811498529837, 1.0, 0, 0.3333333333333333, 1.0, 0, 1] 1
rails/rails 8308 11851 [1.9736402033101563, 1.9757025206943637, 0.5191424196018377, 0.6666666666666666, 1.0, 1, 2] 1
BVLC/caffe 4021 3731 [1.0, 2.7715082471135375, 0.0738255033557047, 0.5, 0.4919786096256685, 0, 3] 1
BVLC/caffe 6029 5869 [1.0, 2.879184997874329, 1.0, 1.0, 1.0, 0, 1] 1
BVLC/caffe 4397 3954 [1.8313129517085625, 1.6934752307103393, 0.17647058823529413, 1.0, 1.0, 0, 1] 1
BVLC/caffe 2363 1479 [1.6814243057692324, 2.1011582069987136, 0.5434782608695652, 1.0, 0.0, 0, 2] 1
MarlinFirmware/Marlin 3538 3542 [1.3747887308035183, 0, 0.0, 1.0, 1.0, 0, 1] 1
apache/spark 14111 14548 [2.1238468496050342, 5.497490489870797, 0.3228995057660626, 0.2, 0.9641873278236914, -1, 2] 1
apache/spark 1886 1944 [1.2262100797737219, 0, 0.7303370786516854, 0.75, 0.5095541401273885, 0, 3] 1
apache/spark 1864 1825 [1.4143474975896453, 2.1505028370578025, 0.7468879668049793, 0.8, 1.0, 1, 4] 1
apache/spark 7097 6827 [1.8349429768924146, 3.043493803938005, 0.26304347826086955, 1.0, 0.7299270072992701, 1, 2] 1
hakimel/reveal.js 1739 1774 [1.7077006570763005, 1.7102829397131556, 0.8571428571428571, 0.3333333333333333, 0.72, 1, 1] 1
adobe/brackets 13846 13842 [1.6935412893032735, 3.0488364483751837, 0.9205983889528193, 0.8, 1.0, 0, 4] 1
airbnb/javascript 310 298 [1.7055836542749856, 1.0, 1.0, 1.0, 1.0, 0, 1] 1
ariya/phantomjs 13493 13471 [0, 0, 0.3333333333333333, 1.0, 0.5, 0, 1] 1
Homebrew/homebrew-core 1183 1123 [1.3668349577657777, 6.384905253465988, 0.8631578947368421, 1.0, 0.9772727272727273, 0, 1] 1
opencv/opencv 11166 11033 [1.9900893450884345, 3.4492286557340233, 1.0, 1.0, 1.0, 0, 1] 1
opencv/opencv 11166 11033 [1.9900893450884345, 3.4492286557340233, 1.0, 1.0, 1.0, 0, 1] 1
Homebrew/homebrew 12807 12612 [1.3355112252920924, 1.3355112252920924, 0.0889487870619946, 1.0, 1.0, 0, 1] 1
docker/docker 17253 16898 [1.369331543975453, 2.0567897643765143, 1.0, 1.0, 1.0, 0, 21] 1
scikit-learn/scikit-learn 2736 2079 [1.4133699531934263, 3.3008024722968115, 0.14176829268292682, 0.2222222222222222, 0.8308115543328748, -1, 2] 1
scikit-learn/scikit-learn 4294 3340 [1.9352458554554142, 3.302881635973522, 0.1264705882352941, 0.18518518518518517, 0.532033426183844, 1, 10] 1
scikit-learn/scikit-learn 10365 10367 [2.184674140281519, 4.2878516793917765, 1.0, 0.5, 1.0, 1, 1] 1
scikit-learn/scikit-learn 10365 10363 [0, 3.9510152219270687, 0.3333333333333333, 1.0, 1.0, 1, 1] 1
pytorch/vision 492 493 [1.9162528476926681, 2.8043807632057427, 0.380977130977131, 0.5, 1.0, 0, 1] 1
