django/django 8293 9554 [0.34354271700212013, 0.16013757901778336, 0.6378193674478976, 1.0, 0.12643678160919541, 1] 1
django/django 9527 9814 [0.7617462171366631, 0.4851949854360167, 0.40824829046386296, 1.0, 1.0, 0] 1
angular/angular.js 5199 5472 [0.04759757811932749, 0.0, 0.6840133266480454, 0.5, 1.0, 1] 1
angular/angular.js 5774 7436 [0.5344850131599286, 0.0, 0.0, 1.0, 0.0, 0] 1
angular/angular.js 4098 5472 [0.21604156264174285, 0.3803447366638709, 0.7053106985099878, 1.0, 0.0, 1] 1
angular/angular.js 12477 12524 [0.4473901838630336, 0.0, 0.4125926379862166, 0.45454545454545453, 0.8939226519337017, 0] 1
angular/angular.js 6716 6692 [0.7039653264829557, 0.0, 0.0, 1.0, 0.0, 0] 1
angular/angular.js 9555 9529 [0.9999999999999998, 0.7093083409349409, 0.9952720841080434, 1.0, 0.7446808510638298, 0] 1
angular/angular.js 8684 8233 [0.4083681686552725, 0.23295436554952895, 0.32501678035794, 1.0, 0.0, 0] 1
angular/angular.js 5580 5089 [0.5119341953778225, 0.0710479168344435, 0.14467284665112362, 0.5, 0.0, 1] 1
angular/angular.js 5472 4098 [0.21604156264174285, 0.3803447366638709, 0.7053106985099878, 1.0, 0.0, 1] 1
spring-projects/spring-boot 11149 10672 [0.408382703844521, 0.39166546909470645, 0.8612325193004667, 1.0, 0.7686567164179104, 0] 1
spring-projects/spring-boot 5234 5417 [0.2507189935032732, 0.40474845128339393, 0.5992593218899006, 1.0, 0.7803030303030303, 0] 1
spring-projects/spring-boot 12151 12149 [0.8156009581972888, 0.9176926908116194, 0.0, 1.0, 1.0, 0] 1
spring-projects/spring-boot 4607 4502 [0.08832689662500262, -0.0029363516140705217, 0.9999999999999998, 1.0, 0.6666666666666666, 0] 1
rails/rails 32031 32267 [0.0902321195090353, 0.15631959898884737, 1.0, 0.9285714285714286, 0.9744990892531876, 0] 1
rails/rails 31621 32256 [0.7983984831378528, 0.007238058047494224, 0.0, 0.3333333333333333, 1.0, 0] 1
rails/rails 8308 11851 [0.9318927708186973, 0.07951513821483289, 0.9592534275171433, 0.6666666666666666, 1.0, 1] 1
BVLC/caffe 4021 3731 [0.16027378113859558, 0.2112261027287669, 0.1943854785875588, 0.5, 0.4919786096256685, 0] 1
BVLC/caffe 6029 5869 [0.2344861730768072, 0.5043584470873033, 0.9999999999999998, 1.0, 1.0, 0] 1
BVLC/caffe 4397 3954 [0.6809291832902801, 0.34311521003671785, 0.36563621206356534, 1.0, 1.0, 0] 1
BVLC/caffe 2363 1479 [0.8576366323932205, 0.3493596509035918, 0.7466278748617675, 1.0, 0.0, 0] 1
MarlinFirmware/Marlin 3538 3542 [0.7723065421826115, 0.002930623403901967, 0.0, 1.0, 1.0, 0] 1
apache/spark 14111 14548 [0.8297913664535839, 0.30283403453053076, 0.5782245185338593, 0.2, 0.9641873278236914, -1] 1
apache/spark 1886 1944 [0.08384615249873012, 0.0, 0.94922501017364, 0.75, 0.5095541401273885, 0] 1
apache/spark 1864 1825 [0.527855354245992, 0.2015003530651429, 0.9352753164379776, 0.8, 1.0, 1] 1
apache/spark 7097 6827 [0.43015772131880364, 0.6260381390419, 0.6043526559409659, 1.0, 0.7299270072992701, 1] 1
hakimel/reveal.js 1739 1774 [0.7205220459912756, 0.4462537733381626, 0.9525793444156805, 0.3333333333333333, 0.72, 1] 1
adobe/brackets 13846 13842 [0.6807621796039839, 0.9837126003789617, 0.9896277963179418, 0.8, 1.0, 0] 1
airbnb/javascript 310 298 [0.5643998151871317, 0.022026877948897756, 1.0, 1.0, 1.0, 0] 1
ariya/phantomjs 13493 13471 [6.615090424867645e-05, 0.0, 1.0, 1.0, 0.5, 0] 1
Homebrew/homebrew-core 1183 1123 [0.8830644717531492, 1.0000000000000002, 0.9676807429414087, 1.0, 0.9772727272727273, 0] 1
opencv/opencv 11166 11033 [0.3972426104605162, 0.2853364746717258, 0.9999999999999998, 1.0, 1.0, 0] 1
opencv/opencv 11166 11033 [0.3972426104605162, 0.2853364746717258, 0.9999999999999998, 1.0, 1.0, 0] 1
Homebrew/homebrew 12807 12612 [0.9950118347515476, 0.10780329131486015, 0.4591341654651551, 1.0, 1.0, 0] 1
docker/docker 17253 16898 [0.3582769823694001, 0.07166506373410417, 0.9999923580994593, 1.0, 1.0, 0] 1
scikit-learn/scikit-learn 2736 2079 [0.4367519329848869, 0.2548507184142184, 0.4238907592257148, 0.2222222222222222, 0.8308115543328748, -1] 1
scikit-learn/scikit-learn 4294 3340 [0.3382488178135605, 0.15928288841426688, 0.26383027497648764, 0.18518518518518517, 0.532033426183844, 1] 1
scikit-learn/scikit-learn 10365 10367 [0.9008839933891358, 0.2368247143679454, 1.0, 0.5, 1.0, 1] 1
scikit-learn/scikit-learn 10365 10363 [-0.00010101326056137619, 0.21589787874341562, 0.6546536707079771, 1.0, 1.0, 1] 1
pytorch/vision 492 493 [1.0, 0.293947214234471, 0.8260682721827188, 0.5, 1.0, 0] 1
