django/django 8293 9554 [0.6721989163631258, 0.08123535507441652, 0.2647058823529412, 1.0, 0.12643678160919541, 1] 1
django/django 9527 9814 [0.0, 0.17624767827179813, 0.0, 1.0, 1.0, 0] 1
angular/angular.js 5199 5472 [0.005940579570909957, 0.0, 0.13636363636363635, 0.5, 1.0, 1] 1
angular/angular.js 5774 7436 [0.0, 0.0, 0.0, 1.0, 0.0, 0] 1
angular/angular.js 4098 5472 [0.12022619197625758, 0.14583092090014504, 0.25654450261780104, 1.0, 0.0, 1] 1
angular/angular.js 12477 12524 [0.19541268030518705, 0.0, 0.11640953716690042, 0.45454545454545453, 0.8939226519337017, 0] 1
angular/angular.js 6716 6692 [0.5209903142408299, 0.0, 0, 1.0, 0.0, 0] 1
angular/angular.js 9555 9529 [1.0000000000000002, 0.7650797047999092, 0.9782608695652174, 1.0, 0.7446808510638298, 0] 1
angular/angular.js 8684 8233 [0.4532278690928887, 0.06873982976208949, 0.12269938650306748, 1.0, 0.0, 0] 1
angular/angular.js 5580 5089 [0.21995121533125386, 0.03328611659482505, 0.0, 0.5, 0.0, 1] 1
angular/angular.js 5472 4098 [0.12022619197625758, 0.14583092090014504, 0.25654450261780104, 1.0, 0.0, 1] 1
spring-projects/spring-boot 11149 10672 [0.0, 0.013945471577074939, 0.29213483146067415, 1.0, 0.7686567164179104, 0] 1
spring-projects/spring-boot 5234 5417 [0.04297640229641173, 0.21663476856981762, 0.3283582089552239, 1.0, 0.7803030303030303, 0] 1
spring-projects/spring-boot 12151 12149 [0.7109114493349656, 0.8187597105109219, 0, 1.0, 1.0, 0] 1
spring-projects/spring-boot 4607 4502 [0.022215031228988838, 0.0, 1.0, 1.0, 0.6666666666666666, 0] 1
rails/rails 32031 32267 [0.057128512296211846, 0.057245365922971185, 0.9583333333333334, 0.9285714285714286, 0.9744990892531876, 0] 1
rails/rails 31621 32256 [0.9122699904623246, 0.00861416552764771, 1.0, 0.3333333333333333, 1.0, 0] 1
rails/rails 8308 11851 [0.9316737017057348, 0.07022203841899527, 0.4518664047151277, 0.6666666666666666, 1.0, 1] 1
BVLC/caffe 4021 3731 [0.1200828165455785, 0.16451284102143812, 0.03597122302158273, 0.5, 0.4919786096256685, 0] 1
BVLC/caffe 6029 5869 [0.22121583581954815, 0.4072478676603356, 1.0, 1.0, 1.0, 0] 1
BVLC/caffe 4397 3954 [0.4605488269621354, 0.17799132812128254, 0.11764705882352941, 1.0, 1.0, 0] 1
BVLC/caffe 2363 1479 [0.5962904656836575, 0.16877287822464376, 0.5, 1.0, 0.0, 0] 1
MarlinFirmware/Marlin 3538 3542 [0.0, 0.0, 0.0, 1.0, 1.0, 0] 1
apache/spark 14111 14548 [0.5046906613750108, 0.2917355032786651, 0.275, 0.2, 0.9641873278236914, -1] 1
apache/spark 1886 1944 [0.023855308656057988, 0.0, 0.72, 0.75, 0.5095541401273885, 0] 1
apache/spark 1864 1825 [0.0, 0.02306821550976221, 0.7671232876712328, 0.8, 1.0, 1] 1
apache/spark 7097 6827 [0.23068062491675775, 0.4819272404317132, 0.2506811989100817, 1.0, 0.7299270072992701, 1] 1
hakimel/reveal.js 1739 1774 [0.2966709361864407, 0.40211568491191396, 0.9333333333333333, 0.3333333333333333, 0.72, 1] 1
adobe/brackets 13846 13842 [0.6119827346240039, 0.9654753378067962, 0.9070588235294118, 0.8, 1.0, 0] 1
airbnb/javascript 310 298 [0.4979044861002605, 0.015578217210480994, 1.0, 1.0, 1.0, 0] 1
ariya/phantomjs 13493 13471 [0.0, 0.0, 0.3333333333333333, 1.0, 0.5, 0] 1
Homebrew/homebrew-core 1183 1123 [0.4673216140551911, 1.0, 0.8611111111111112, 1.0, 0.9772727272727273, 0] 1
opencv/opencv 11166 11033 [0.39724261046051623, 0.2709182390323764, 1.0, 1.0, 1.0, 0] 1
opencv/opencv 11166 11033 [0.39724261046051623, 0.2709182390323764, 1.0, 1.0, 1.0, 0] 1
Homebrew/homebrew 12807 12612 [0.6347228100301275, 0.18921574855234588, 0.06752411575562701, 1.0, 1.0, 0] 1
docker/docker 17253 16898 [0.6008903135283677, 0.020869689694474964, 1.0, 1.0, 1.0, 0] 1
scikit-learn/scikit-learn 2736 2079 [0.30072651957196983, 0.01999138141714442, 0.1393939393939394, 0.2222222222222222, 0.8308115543328748, -1] 1
scikit-learn/scikit-learn 4294 3340 [0.4942029026630681, 0.09184146729449322, 0.10084033613445378, 0.18518518518518517, 0.532033426183844, 1] 1
scikit-learn/scikit-learn 10365 10367 [0.8558176205598904, 0.2001141303054475, 1.0, 0.5, 1.0, 1] 1
scikit-learn/scikit-learn 10365 10363 [0.0, 0.18409491149306387, 0.25, 1.0, 1.0, 1] 1
pytorch/vision 492 493 [1.0, 0.14039159677229088, 0.2706821480406386, 0.5, 1.0, 0] 1
