django/django 8293 9554 [0.6721989163631258, 0.058627129138145655, 0.5858133722253794, 1.0, 0.12643678160919541, 1] 1
django/django 9527 9814 [0.7555675112358357, 0.32779410074748305, 0.11264904821575224, 1.0, 1.0, 0] 1
angular/angular.js 5199 5472 [0.0044424264217529374, 0.0, 0.4058056173524267, 0.5, 1.0, 1] 1
angular/angular.js 5774 7436 [0.3390464909757002, 0.0, 0.7913889634111161, 1.0, 0.0, 0] 1
angular/angular.js 4098 5472 [0.10062591153770507, 0.1250120426948168, 0.5456080105711967, 1.0, 0.0, 1] 1
angular/angular.js 12477 12524 [0.19541268030518705, 0.0, 0.5560446202302318, 0.45454545454545453, 0.8939226519337017, 0] 1
angular/angular.js 6716 6692 [0.3183600874574826, 0.0, 0.0, 1.0, 0.0, 0] 1
angular/angular.js 9555 9529 [1.0, 0.460559660997489, 0.9939837849616624, 1.0, 0.7446808510638298, 0] 1
angular/angular.js 8684 8233 [0.3500001478158176, 0.0902899112728617, 0.21028956186603545, 1.0, 0.0, 0] 1
angular/angular.js 5580 5089 [0.3970905011672067, 0.20803552634888742, 0.6175351858750509, 0.5, 0.0, 1] 1
angular/angular.js 5472 4098 [0.10062591153770507, 0.1250120426948168, 0.5456080105711967, 1.0, 0.0, 1] 1
