django/django 8293 9554 [0.7351395050794394, 0.6370771301740509, 0.3079019073569482, 1.0, 0.12643678160919541, 1] 1
django/django 9527 9814 [0.5897734670433105, 0.8877341109297344, 0.25, 1.0, 1.0, 0] 1
angular/angular.js 5199 5472 [0.6371408996084507, 0.0, 0.17647058823529413, 0.5, 1.0, 1] 1
angular/angular.js 5774 7436 [0.77338705149622, 0.0, 0.0, 1.0, 0.0, 0] 1
angular/angular.js 4098 5472 [0.8234349723272545, 0.9172760234374968, 0.30448717948717946, 1.0, 0.0, 1] 1
angular/angular.js 12477 12524 [0.5692230100002701, 0.0, 0.14622178606476938, 0.45454545454545453, 0.8939226519337017, 0] 1
angular/angular.js 6716 6692 [0.6517357051986589, 0.0, 0, 1.0, 0.0, 0] 1
angular/angular.js 9555 9529 [1.0, 0.8723702986129802, 0.9708029197080292, 1.0, 0.7446808510638298, 0] 1
angular/angular.js 8684 8233 [0.724236099409234, 0.8718008641393631, 0.12554112554112554, 1.0, 0.0, 0] 1
angular/angular.js 5580 5089 [0.5486742903625151, 0.6180158874259098, 0.03225806451612903, 0.5, 0.0, 1] 1
angular/angular.js 5472 4098 [0.8234349723272545, 0.9172760234374968, 0.30448717948717946, 1.0, 0.0, 1] 1
spring-projects/spring-boot 11149 10672 [0.7286372440184402, 0.8417257293467207, 0.36444444444444446, 1.0, 0.7686567164179104, 0] 1
spring-projects/spring-boot 5234 5417 [0.68602336675235, 0.5965339553117394, 0.4357142857142857, 1.0, 0.7803030303030303, 0] 1
spring-projects/spring-boot 12151 12149 [0.7680825563142387, 0.9712273441118866, 0, 1.0, 1.0, 0] 1
spring-projects/spring-boot 4607 4502 [0.3729279133143401, 0.49955572326409853, 1.0, 1.0, 0.6666666666666666, 0] 1
rails/rails 32031 32267 [0.6812738279941892, 0.7630151387763769, 1.0, 0.9285714285714286, 0.9744990892531876, 0] 1
rails/rails 31621 32256 [0.858384304736927, 0.2220607121145622, 0, 0.3333333333333333, 1.0, 0] 1
rails/rails 8308 11851 [0.7329941535682576, 0.7374602362160401, 0.5191424196018377, 0.6666666666666666, 1.0, 1] 1
BVLC/caffe 4021 3731 [0.5179450705665803, 0.610530761725576, 0.0738255033557047, 0.5, 0.4919786096256685, 0] 1
BVLC/caffe 6029 5869 [0.27490347562770173, 0.5153483055059387, 1.0, 1.0, 1.0, 0] 1
BVLC/caffe 4397 3954 [0.701350304996416, 0.602888946248989, 0.17647058823529413, 1.0, 1.0, 0] 1
BVLC/caffe 2363 1479 [0.651099381763913, 0.7552548162667977, 0.5434782608695652, 1.0, 0.0, 0] 1
MarlinFirmware/Marlin 3538 3542 [0.7356438304855063, 0.2965069058633036, 0.0, 1.0, 1.0, 0] 1
apache/spark 14111 14548 [0.769890773641705, 0.9735473552217545, 0.3228995057660626, 0.2, 0.9641873278236914, -1] 1
apache/spark 1886 1944 [0.7001815574885084, 0.0, 0.7303370786516854, 0.75, 0.5095541401273885, 0] 1
apache/spark 1864 1825 [0.686087010638765, 0.886836808295536, 0.7468879668049793, 0.8, 1.0, 1] 1
apache/spark 7097 6827 [0.5554069680431477, 0.8474518840141427, 0.26304347826086955, 1.0, 0.7299270072992701, 1] 1
hakimel/reveal.js 1739 1774 [0.7671032613597144, 0.5001596283803647, 0.8571428571428571, 0.3333333333333333, 0.72, 1] 1
adobe/brackets 13846 13842 [0.6715453992177277, 0.9846596692497066, 0.9205983889528193, 0.8, 1.0, 0] 1
airbnb/javascript 310 298 [0.7808630701412015, 0.5306062440329021, 1.0, 1.0, 1.0, 0] 1
ariya/phantomjs 13493 13471 [0.5102435106490766, 1.0, 0.3333333333333333, 1.0, 0.5, 0] 1
Homebrew/homebrew-core 1183 1123 [0.5254030901567159, 0.9997506542663238, 0.8631578947368421, 1.0, 0.9772727272727273, 0] 1
opencv/opencv 11166 11033 [0.8069752805490435, 0.8146087915688542, 1.0, 1.0, 1.0, 0] 1
opencv/opencv 11166 11033 [0.8069752805490435, 0.8146087915688542, 1.0, 1.0, 1.0, 0] 1
Homebrew/homebrew 12807 12612 [0.7341169333931644, 0.39573997175574915, 0.0889487870619946, 1.0, 1.0, 0] 1
docker/docker 17253 16898 [0.7061468140828739, 0.8280283546736363, 1.0, 1.0, 1.0, 0] 1
scikit-learn/scikit-learn 2736 2079 [0.5577579288219789, 0.7829690734151153, 0.14176829268292682, 0.2222222222222222, 0.8308115543328748, -1] 1
scikit-learn/scikit-learn 4294 3340 [0.7497428757611797, 0.6750597110716232, 0.1264705882352941, 0.18518518518518517, 0.532033426183844, 1] 1
scikit-learn/scikit-learn 10365 10367 [0.7799609378880062, 0.851448671030799, 1.0, 0.5, 1.0, 1] 1
scikit-learn/scikit-learn 10365 10363 [0.04625002879512719, 0.866262262231251, 0.3333333333333333, 1.0, 1.0, 1] 1
pytorch/vision 492 493 [0.3934574176135493, 0.7661415775208349, 0.380977130977131, 0.5, 1.0, 0] 1
