dotnet/corefx 3267 3264 [1.0, 1.3239257590190643, 0, 0.0, 0.0, 0, 0] 1
dotnet/corefx 6337 6335 [0, 0, 0.0, 0.06666666666666667, 1.0, 0, 1] 1
dotnet/corefx 6202 6181 [0, 1.3694039300134833, 0, 0.5, 0.47058823529411764, 0, 3] 1
dotnet/corefx 20697 20599 [0, 2.3523435932050365, 0.346586298829257, 0.84375, 0.8405519356075124, 0, 54] 1
dotnet/corefx 17428 17419 [0, 1.0, 0.32142857142857145, 0.1, 1.0, 0, 1] 1
dotnet/corefx 10460 10450 [0, 1.0, 0, 0.0, 0.0, 0, 0] 1
dotnet/corefx 15044 14939 [0, 0, 0, 0.0038819875776397515, 0.6342857142857142, -1, 5] 1
dotnet/corefx 34 32 [1.0, 1.7230144725294851, 0.02857142857142857, 0.14285714285714285, 1.0, 0, 1] 1
dotnet/corefx 419 406 [0, 1.0, 0, 0.0, 0.0, 0, 0] 1
dotnet/corefx 7925 7886 [0, 1.3955861607181181, 0.3333333333333333, 0.1, 1.0, 0, 1] 1
dotnet/corefx 16069 9537 [0, 2.1944351873175774, 0, 0.0, 0.0, 0, 0] 1
dotnet/corefx 6089 6058 [1.0, 2.8679032550573287, 0, 0, 0.0, 0, 0] 1
dotnet/corefx 7627 7610 [1.4132584396318535, 0, 0, 0.7, 1.0, 0, 7] 1
dotnet/corefx 17151 17137 [1.0, 2.947981349385924, 0.07423580786026202, 0.25, 0.0, 1, 1] 1
dotnet/corefx 2694 2675 [1.0, 2.2292648590836777, 0, 0.0, 0.0, 0, 0] 1
dotnet/corefx 4160 4157 [0, 1.701448197351972, 0.4851063829787234, 0.25, 0.952755905511811, 0, 1] 1
dotnet/corefx 7562 6293 [1.0, 1.3791893206552608, 0, 0.09090909090909091, 0.0, 0, 1] 1
dotnet/corefx 16826 16814 [1.3019716997070718, 1.3918449340224464, 1.0, 1.0, 1.0, 0, 1] 1
dotnet/corefx 8741 8740 [1.6525009845643766, 0, 0, 1.0, 1.0, 0, 3] 1
dotnet/corefx 14641 14631 [1.351959899309752, 1.0, 0.504, 1.0, 0.8921161825726142, 1, 2] 1
dotnet/corefx 441 438 [1.6813405659271643, 0, 0.5, 0.21052631578947367, 0.34615384615384615, 0, 4] 1
dotnet/corefx 6585 6194 [1.3996472648399019, 1.6605982220090372, 0.4814356435643564, 0.9, 0.942381562099872, 0, 9] 1
dotnet/corefx 19477 19463 [1.3019716997070718, 1.5490570602365779, 0, 0.0, 0.0, 1, 0] 1
dotnet/corefx 12873 12863 [1.6816342006056262, 2.1179935727734023, 0.10872313527180784, 0.04878048780487805, 0.084375, 0, 2] 1
dotnet/corefx 9560 9557 [1.6976239625711458, 1.9690895264088235, 0.0, 0.005780346820809248, 1.0, 0, 1] 1
dotnet/corefx 3686 3046 [1.8005244095904596, 2.1685612075175036, 0.22972972972972974, 0.4, 0.5116279069767442, 0, 2] 1
dotnet/corefx 5345 5327 [1.0, 0, 0.0, 1.0, 1.0, 0, 2] 1
dotnet/corefx 10718 10715 [2.1082804359943856, 0, 0, 0.007352941176470588, 0.8, 0, 2] 1
dotnet/corefx 9113 9112 [2.3665982867748943, 1.4139007900552762, 0, 1.0, 0.999341816586222, 1, 333] 1
dotnet/corefx 9312 9310 [1.9282367719798916, 0, 0, 1.0, 1.0, 0, 29] 1
nodejs/node 12878 12875 [1.3552761717957964, 3.4152276103472134, 0.16939890710382513, 0.8307692307692308, 0.6856106408706167, 0, 54] 1
nodejs/node 1424 493 [0, 1.4254460170879466, 0, 0.0, 0.0, 0, 0] 1
nodejs/node 2350 1785 [1.0, 2.2071693123376535, 0.0, 0.16666666666666666, 0.7121771217712177, 0, 2] 1
nodejs/node 3701 2253 [0, 1.7155351951660736, 0, 0.0, 0.0, 0, 0] 1
nodejs/node 12490 12105 [0, 6.011995773897198, 0.20454545454545456, 0.0625, 0.9047619047619048, -1, 1] 1
nodejs/node 7185 7160 [0, 4.407191579629755, 0, 0.0, 0.0, -1, 0] 1
nodejs/node 2727 2726 [0, 1.9264107289127375, 0, 0.0, 0.0, 1, 0] 1
nodejs/node 2727 2725 [0, 1.0, 0, 0.0, 0.0, 1, 0] 1
nodejs/node 11848 11762 [0, 6.931701842569524, 0.0, 0.5, 0.0, 0, 1] 1
nodejs/node 8491 8334 [0, 7.511302223179497, 0.01006036217303823, 0.05555555555555555, 0.0, 0, 1] 1
nodejs/node 10339 10239 [1.0, 5.597802110160923, 0.0, 1.0, 0.0, 1, 1] 1
nodejs/node 12231 12230 [1.0, 4.230234271409466, 0, 0.1111111111111111, 0.1625, 0, 1] 1
nodejs/node 2556 2312 [1.0, 2.6624649716790163, 0, 0.0, 0.0, 0, 0] 1
nodejs/node 4814 4813 [1.3806324547080728, 2.596742009787681, 0, 0.9333333333333333, 0.934640522875817, 0, 14] 1
nodejs/node 4265 4254 [1.0, 3.548863622381009, 1.0, 0.3333333333333333, 1.0, 0, 1] 1
nodejs/node 12469 12387 [1.0, 3.036689922998609, 0.2631578947368421, 1.0, 1.0, 0, 1] 1
nodejs/node 7617 7028 [1.0, 4.528957342957861, 0, 0.5, 1.0, 1, 1] 1
nodejs/node 11828 8491 [1.0, 8.878035904363921, 0.5582595870206489, 0.004235907461713913, 0.5685763888888888, 0, 13] 1
nodejs/node 11099 10343 [1.2797709150748218, 7.227437324215732, 0, 0.0, 0.0, 0, 0] 1
nodejs/node 11074 10320 [1.2403350544035046, 6.842829788298134, 0, 0.0, 0.0, 0, 0] 1
nodejs/node 6987 6947 [1.0, 4.119294762356243, 0.0005078720162519045, 1.0, 0.24444444444444444, 0, 1] 1
nodejs/node 3068 3059 [1.0, 2.2608367237182265, 0.11678832116788321, 0.5, 0.4536082474226804, 1, 1] 1
nodejs/node 10579 10282 [1.0, 7.504283723489964, 0.0, 0.3333333333333333, 0.0, 0, 1] 1
nodejs/node 5786 5782 [1.0, 2.4171723444383906, 0.07174887892376682, 0.3333333333333333, 0.27626459143968873, 1, 1] 1
nodejs/node 6986 6947 [1.5330518165761822, 4.064674139499626, 0.0005128205128205128, 1.0, 0.022818026240730177, 0, 1] 1
nodejs/node 2262 1936 [1.5749370179959852, 1.7188822052816433, 0.0, 0.5, 0.0, 0, 1] 1
nodejs/node 7616 7311 [1.0, 4.655759194954777, 0.5, 0.037037037037037035, 0.6666666666666666, 0, 1] 1
nodejs/node 11397 11375 [1.0, 3.9248438546165674, 0, 0.14285714285714285, 1.0, 0, 1] 1
nodejs/node 11610 8551 [1.0, 5.16967728057788, 0, 0.000992063492063492, 0.0, 0, 1] 1
nodejs/node 8016 8010 [1.0, 6.37317873376004, 0, 1.0, 0.0, 0, 1] 1
nodejs/node 6937 6206 [1.229053670614863, 3.495622611301844, 0.11032863849765258, 0.5, 1.0, 0, 1] 1
nodejs/node 12231 12204 [1.2437633581860081, 4.080039182182354, 0, 0.1111111111111111, 0.37142857142857144, 0, 1] 1
nodejs/node 10937 10525 [1.0, 5.112465123218346, 0, 0.5, 1.0, 0, 1] 1
nodejs/node 539 239 [1.4094143524599645, 1.640965248360204, 0.12121212121212122, 0.3333333333333333, 1.0, 0, 1] 1
nodejs/node 4585 3823 [1.413757557774252, 2.0756621978455034, 0.03571428571428571, 0.3333333333333333, 0.0, 0, 1] 1
nodejs/node 9335 9334 [1.5641037455167832, 5.312087326371849, 0, 1.0, 1.0, 0, 1] 1
nodejs/node 3853 3848 [1.4106312782513253, 0, 0.2, 1.0, 1.0, 1, 1] 1
nodejs/node 6531 5056 [1.3255261858586471, 3.6313171116114145, 0.01694915254237288, 1.0, 0.7482014388489209, 0, 2] 1
nodejs/node 5690 5689 [1.7040792374623193, 6.765686876570577, 0, 0.25, 0.5, 1, 1] 1
nodejs/node 10916 10890 [1.2287003731435142, 7.285725200694093, 0.6511627906976745, 1.0, 0.0, 0, 1] 1
nodejs/node 11310 9351 [1.0, 2.3054452731031874, 0.0, 1.0, 0.7644444444444445, 0, 2] 1
nodejs/node 12437 9961 [1.3052787640057026, 3.808213739488329, 0.06896551724137931, 0.6666666666666666, 0.5233644859813084, 0, 4] 1
nodejs/node 9243 9220 [1.4136312571358498, 0, 0.0, 1.0, 1.0, 0, 1] 1
nodejs/node 7626 7311 [1.4012245842685438, 3.510082554760326, 1.0, 0.037037037037037035, 1.0, 1, 1] 1
nodejs/node 3813 2205 [1.6592632081943663, 2.36059267229672, 0, 0.04, 1.0, 0, 1] 1
nodejs/node 561 161 [1.9366727622174076, 1.6930506319145016, 0.3119015047879617, 0.6, 0.6706586826347305, 0, 3] 1
nodejs/node 8263 8231 [1.8711051574952577, 3.3799794525119324, 1.0, 1.0, 1.0, 0, 1] 1
nodejs/node 10753 10734 [1.3456877834712144, 4.4767185940426755, 0.2261904761904762, 1.0, 0.45714285714285713, 0, 1] 1
nodejs/node 9111 8016 [1.0, 6.247123438893125, 0, 1.0, 0.0, 0, 1] 1
nodejs/node 2252 2251 [1.0, 1.0, 0.2222222222222222, 0.3333333333333333, 1.0, 1, 1] 1
nodejs/node 8717 8505 [1.0, 7.096455481211691, 0.0, 1.0, 0.52, 0, 1] 1
nodejs/node 9233 9184 [1.3420839095896255, 2.3999375710596382, 0.0, 0.25, 1.0, 0, 1] 1
nodejs/node 385 382 [0, 0, 0.5, 1.0, 0.6666666666666666, 0, 1] 1
nodejs/node 5520 5519 [1.8030799706565392, 2.493721911911033, 0, 1.0, 1.0, 1, 2] 1
nodejs/node 9535 9482 [1.3019561680434988, 3.92784052577922, 1.0, 1.0, 1.0, 0, 1] 1
nodejs/node 7911 7745 [1.0, 1.861676140865992, 0, 0.0, 0.0, 0, 0] 1
nodejs/node 81 56 [2.2774061514845867, 2.403234577091386, 0.0, 0.5, 0.0, 0, 1] 1
nodejs/node 3568 3567 [1.3250543572943991, 2.594281157242487, 0.34375, 0.3333333333333333, 0.0, 1, 1] 1
nodejs/node 8923 3062 [1.5357082868712988, 3.6643727620656135, 0.02127659574468085, 1.0, 1.0, 0, 2] 1
nodejs/node 6537 6536 [1.6656575262351807, 3.91886439249183, 0.2727272727272727, 0.3157894736842105, 0.8217054263565892, 1, 6] 1
nodejs/node 12777 12316 [0, 7.076599886109631, 0, 0, 0.0, 0, 0] 1
nodejs/node 7634 7590 [0, 6.919920135267574, 0.0, 0.0001467782181124321, 1.0, 0, 1] 1
nodejs/node 5020 4975 [1.0, 3.614888382938659, 0.0, 0.03225806451612903, 0.18815331010452963, 0, 1] 1
nodejs/node 3774 3722 [0, 1.6830238782623073, 0.0, 0.6666666666666666, 0.8089887640449438, 0, 2] 1
nodejs/node 6044 5722 [1.4029487048023048, 2.9157370544823307, 0.03680981595092025, 0.25, 0.43564356435643564, -1, 1] 1
nodejs/node 489 482 [2.0666456444461168, 3.6533795415322214, 0.07142857142857142, 0.3333333333333333, 1.0, 1, 1] 1
nodejs/node 5783 5544 [1.0, 2.597443973234286, 0, 0.5, 1.0, 0, 2] 1
nodejs/node 7465 5458 [0, 4.029269945014618, 0.0, 0.5, 0.9147286821705426, 0, 1] 1
nodejs/node 4124 3511 [2.1180164077543053, 3.8073214086863967, 0.16624365482233502, 0.8, 0.5412844036697247, 1, 4] 1
nodejs/node 6982 6947 [1.5330518165761822, 4.064674139499626, 0.0, 1.0, 0.02167712492869367, 0, 1] 1
nodejs/node 5251 4277 [1.7279944913937693, 2.6028234934181715, 0.10256410256410256, 0.05263157894736842, 0.4827586206896552, 0, 1] 1
nodejs/node 11278 10423 [1.722104582388114, 4.835592549479161, 0, 0.0, 0.0, 0, 0] 1
nodejs/node 13650 13570 [1.4142127574667889, 5.06583508954637, 0.0234375, 1.0, 0.0, 1, 1] 1
nodejs/node 8697 8549 [1.5134774965435125, 4.337007454411096, 0.0, 0.5, 0.42105263157894735, 0, 1] 1
nodejs/node 12590 12544 [1.6432238521625817, 7.608075064639416, 0.11077844311377245, 1.0, 1.0, 0, 1] 1
nodejs/node 8957 8953 [1.3723360895862657, 0, 1.0, 1.0, 1.0, 0, 1] 1
nodejs/node 601 533 [1.3842499453185004, 1.5284736512370274, 0.11711711711711711, 0.5, 0.617948717948718, 0, 1] 1
nodejs/node 5316 5306 [1.141178800896238, 1.2985437210616342, 0, 1.0, 1.0, 0, 1] 1
nodejs/node 11533 9352 [1.3826096728989838, 3.801356920628281, 0, 1.0, 0.8280616382806164, 0, 2] 1
nodejs/node 11599 7850 [1.6645982426880654, 7.286927383622524, 0.09090909090909091, 0.42857142857142855, 0.3333333333333333, 1, 3] 1
nodejs/node 11143 10786 [1.8584218231666672, 4.012399267269194, 0, 0.0, 0.0, 0, 0] 1
nodejs/node 6728 6718 [1.124128807854553, 8.103028681754258, 0.0, 1.0, 0.0, 0, 1] 1
nodejs/node 11340 11308 [1.6683991712344697, 7.698474532082476, 0.1206140350877193, 1.0, 0.5144230769230769, 1, 4] 1
nodejs/node 12491 12487 [1.7558898914168495, 5.152855785318768, 0.015625, 0.5, 0.48, 1, 1] 1
nodejs/node 12492 12487 [1.7558898914168495, 5.177001794343017, 0.17857142857142858, 0.5, 0.8985507246376812, 0, 1] 1
nodejs/node 5251 4749 [1.7279944913937693, 2.3699685376620847, 0, 0.0, 0.0, 0, 0] 1
nodejs/node 8612 8587 [2.071665250988369, 7.287299097747677, 0.6923076923076923, 0.3333333333333333, 0.875, 0, 2] 1
nodejs/node 10055 9935 [1.9485550365340614, 7.511685972159173, 0.2222222222222222, 1.0, 1.0, 0, 1] 1
nodejs/node 12822 12732 [1.4327206814294677, 6.941982598335662, 0.0, 0.014285714285714285, 0.0, 0, 1] 1
nodejs/node 5434 5306 [1.4851961152890265, 0, 0, 1.0, 1.0, 0, 1] 1
nodejs/node 11838 11823 [1.553939795354298, 1.7491093763918748, 1.0, 1.0, 1.0, 0, 1] 1
nodejs/node 7933 7932 [1.9935156318647635, 3.8358362265331976, 0, 0.0, 0.0, 1, 0] 1
nodejs/node 4342 4062 [2.0115909195942208, 3.5344240294624165, 0.078125, 1.0, 1.0, 1, 1] 1
nodejs/node 7139 6788 [1.4140592360387347, 5.905862489664545, 0.24404272801972063, 0.16411378555798686, 0.8964346349745331, 1, 75] 1
nodejs/node 5211 5097 [1.4140592360387347, 3.5187463357461284, 0.9486663311524912, 0.873972602739726, 0.9870905587668594, 1, 318] 1
nodejs/node 12901 12426 [1.9569453299784971, 5.171967684706822, 0.10714285714285714, 1.0, 1.0, 0, 1] 1
nodejs/node 2207 2205 [2.349732411080465, 3.4825631445964467, 0, 0.45454545454545453, 0.8717948717948718, 0, 15] 1
nodejs/node 7771 7689 [2.2004679738648774, 6.167008848280498, 0, 0.0, 0.0, -1, 0] 1
nodejs/node 10583 10531 [2.0750833520410072, 4.603008007917003, 1.0, 1.0, 1.0, 0, 1] 1
nodejs/node 5007 5003 [1.9854267814875086, 0, 0, 1.0, 0.7407407407407407, 0, 1] 1
nodejs/node 9848 9284 [1.7229249208309643, 10.033178796864, 0.8110740681233933, 0.7704517704517705, 0.989535490605428, 1, 630] 1
nodejs/node 9578 9575 [2.348281512436851, 6.8192783764747835, 1.0, 1.0, 1.0, 1, 1] 1
nodejs/node 4310 4258 [2.1644144385037216, 1.764242502840287, 0.0, 1.0, 1.0, 0, 1] 1
nodejs/node 4958 4110 [1.7229249208309643, 3.801718979138001, 0.49350818816467673, 0.10073497622135755, 0.8822228074795891, 1, 233] 1
scikit-learn/scikit-learn 3181 2632 [0, 0, 0, 0.3333333333333333, 1.0, 0, 1] 1
scikit-learn/scikit-learn 5835 5771 [1.0, 1.6398523891670738, 0, 0.5, 1.0, 1, 1] 1
scikit-learn/scikit-learn 6337 6332 [0, 0, 0.16666666666666666, 0.16666666666666666, 0.6666666666666666, 0, 1] 1
scikit-learn/scikit-learn 7015 5900 [0, 1.0, 0.04938271604938271, 1.0, 0.41422594142259417, -1, 2] 1
scikit-learn/scikit-learn 3735 2979 [0, 1.9884154328530612, 0.00597609561752988, 0.6666666666666666, 0.4585365853658537, 0, 2] 1
scikit-learn/scikit-learn 7350 7312 [1.1341112888967184, 9.196327981949574, 0, 0.0, 0.0, 1, 0] 1
scikit-learn/scikit-learn 6720 6666 [0, 1.9744711338996783, 0.056, 0.05555555555555555, 0.0, -1, 1] 1
scikit-learn/scikit-learn 5152 4845 [0, 1.3817520323955748, 0.0, 0.02040816326530612, 1.0, 0, 1] 1
scikit-learn/scikit-learn 4802 4182 [0, 1.0, 0, 0.0, 0.0, 0, 0] 1
scikit-learn/scikit-learn 6841 5064 [0, 1.0, 0, 1.0, 0.963302752293578, 1, 1] 1
scikit-learn/scikit-learn 4308 4087 [0, 2.934148602790072, 0.009523809523809525, 1.0, 0.4117647058823529, 0, 2] 1
scikit-learn/scikit-learn 5607 5577 [0, 1.0, 0, 0.0, 0.0, 0, 0] 1
scikit-learn/scikit-learn 4802 4175 [0, 2.4848034646657746, 0, 0.0, 0.0, 0, 0] 1
scikit-learn/scikit-learn 3760 3655 [0, 1.688538287016116, 0.25161290322580643, 0.25, 0.0, 0, 1] 1
scikit-learn/scikit-learn 7350 5393 [1.0, 3.9647476684077647, 0, 0.0, 0.0, 0, 0] 1
scikit-learn/scikit-learn 6582 6376 [1.0, 1.4097244951746744, 0.5853658536585366, 1.0, 0.4457831325301205, -1, 2] 1
scikit-learn/scikit-learn 7978 7902 [1.0, 2.8546261602864806, 0, 1.0, 0.0, 0, 1] 1
scikit-learn/scikit-learn 7374 5836 [1.0, 2.583367298281898, 0.0, 1.0, 0.43333333333333335, 0, 1] 1
scikit-learn/scikit-learn 6717 1939 [1.3974249786093453, 2.1382134880497055, 0, 0.0, 0.0, -1, 0] 1
scikit-learn/scikit-learn 3432 3236 [1.158881491210252, 1.0, 0, 0.5, 0.0, 1, 1] 1
scikit-learn/scikit-learn 4852 2557 [1.0, 1.8003713536748374, 0.0035842293906810036, 0.09090909090909091, 0.3256972111553785, 0, 1] 1
scikit-learn/scikit-learn 8658 4494 [0, 3.005410235611747, 0.0, 0.16666666666666666, 0.35714285714285715, 1, 1] 1
scikit-learn/scikit-learn 4802 1292 [1.0, 2.1929068277488906, 0, 0.0, 0.0, 0, 0] 1
scikit-learn/scikit-learn 8518 8517 [1.0, 9.057113024838554, 0.29411764705882354, 1.0, 1.0, 1, 1] 1
scikit-learn/scikit-learn 3574 1176 [1.0, 1.3686847820940506, 0.07692307692307693, 0.047619047619047616, 0.42424242424242425, 0, 1] 1
scikit-learn/scikit-learn 7261 6028 [1.0, 2.619572726800956, 0.4043956043956044, 0.8888888888888888, 0.6757990867579908, 0, 8] 1
scikit-learn/scikit-learn 3125 2694 [1.4142072265699177, 0, 0.07407407407407407, 0.14285714285714285, 0.0, 0, 1] 1
scikit-learn/scikit-learn 7819 6077 [1.0, 4.826347194823049, 0.0, 0.3333333333333333, 0.17073170731707318, 0, 1] 1
scikit-learn/scikit-learn 7011 7009 [1.0, 9.165053863426321, 0, 1.0, 1.0, 1, 1] 1
scikit-learn/scikit-learn 5295 1348 [1.4112769253169346, 3.4298444720711507, 0.1699655765920826, 0.2727272727272727, 0.5568181818181818, 0, 3] 1
scikit-learn/scikit-learn 5420 5008 [1.7285417855295901, 1.128235694511687, 0.10062893081761007, 1.0, 0.29577464788732394, 1, 3] 1
scikit-learn/scikit-learn 3735 3310 [1.6856479134142508, 3.998218865677715, 0.003861003861003861, 0.3333333333333333, 0.18716577540106952, 0, 1] 1
scikit-learn/scikit-learn 5718 5712 [1.2481509970456508, 1.686655645825093, 0.02631578947368421, 0.3333333333333333, 0.125, 0, 1] 1
scikit-learn/scikit-learn 5378 5348 [2.169491019971228, 0, 0.11560693641618497, 1.0, 0.5619834710743802, 0, 1] 1
scikit-learn/scikit-learn 1961 1787 [1.4064174593248775, 3.5381214258723155, 0.07608695652173914, 0.16666666666666666, 0.8414918414918415, 0, 1] 1
scikit-learn/scikit-learn 7026 1742 [1.4049417641602, 2.8736509162667927, 0, 0.0, 0.0, 0, 0] 1
scikit-learn/scikit-learn 3877 1867 [1.6830991513913158, 0, 0.24435883324160704, 0.5714285714285714, 0.41540785498489424, 0, 8] 1
scikit-learn/scikit-learn 7825 6307 [1.535293403559293, 2.7300791174833217, 0.2222222222222222, 0.125, 0.0, -1, 1] 1
scikit-learn/scikit-learn 6429 4567 [1.6572684316353152, 1.6424440769432636, 0.16417910447761194, 0.6666666666666666, 0.4666666666666667, 0, 2] 1
scikit-learn/scikit-learn 7776 7775 [1.7105693318188573, 3.4920801546654876, 0.08333333333333333, 0.5, 0.6181818181818182, 1, 1] 1
scikit-learn/scikit-learn 6307 5642 [1.535293403559293, 1.0, 0.25, 0.2, 0.0, 0, 1] 1
scikit-learn/scikit-learn 6436 6431 [1.7225988781562562, 2.8809701479138474, 1.0, 0.3333333333333333, 1.0, 1, 2] 1
scikit-learn/scikit-learn 4852 2263 [1.4124344064873369, 2.3154242313524307, 0.05877413937867338, 0.18181818181818182, 0.6626042334830019, -1, 2] 1
scikit-learn/scikit-learn 6087 5513 [1.9471827630663499, 0, 0.28967254408060455, 1.0, 0.5567567567567567, 0, 2] 1
scikit-learn/scikit-learn 3861 3859 [1.7276516110434064, 1.8958942398516365, 0, 0.0, 0.0, 0, 0] 1
scikit-learn/scikit-learn 8143 7986 [1.411673221258005, 1.4113926167051354, 0.9645061728395061, 0.7142857142857143, 1.0, 0, 10] 1
scikit-learn/scikit-learn 5951 5874 [2.0858608416188456, 1.0, 0.0, 0.3333333333333333, 0.0, 1, 1] 1
scikit-learn/scikit-learn 6313 5372 [2.189549061994976, 3.0045405641095297, 0, 0.0, 0.0, 0, 0] 1
scikit-learn/scikit-learn 4493 4467 [1.9270108924058116, 1.0, 0.0975609756097561, 0.5, 0.2545454545454545, 1, 2] 1
scikit-learn/scikit-learn 5784 2073 [1.726224174541572, 0, 0.23353293413173654, 0.3333333333333333, 0.34782608695652173, 0, 1] 1
scikit-learn/scikit-learn 6712 6505 [2.025007995312061, 1.9136489324328678, 0.8947368421052632, 1.0, 0.9437751004016064, 0, 9] 1
scikit-learn/scikit-learn 8438 4354 [2.601185221641983, 2.759712847391439, 0.2967032967032967, 0.5, 0.15384615384615385, 1, 2] 1
scikit-learn/scikit-learn 8658 8436 [1.8695514940055884, 3.9827857735249013, 0.05504587155963303, 0.16666666666666666, 0.4098360655737705, 1, 1] 1
scikit-learn/scikit-learn 5366 5127 [2.196070280581881, 2.9607636792800514, 0.037383177570093455, 0.25, 0.7272727272727273, 0, 1] 1
scikit-learn/scikit-learn 7390 7229 [0, 3.3983766615938067, 0.06278026905829596, 0.4, 0.8405172413793104, -1, 2] 1
scikit-learn/scikit-learn 6057 6041 [0, 2.5401935839191996, 0.0, 1.0, 0.8478260869565217, 1, 1] 1
scikit-learn/scikit-learn 5297 5277 [1.2704974634288546, 1.0, 0.35074626865671643, 0.7272727272727273, 0.5643564356435643, 1, 8] 1
scikit-learn/scikit-learn 6874 2616 [2.5189703934685848, 1.0, 0, 0.0, 0.0, 0, 0] 1
scikit-learn/scikit-learn 6692 5762 [1.0, 1.6799413809126724, 0.06542056074766354, 0.3333333333333333, 0.8507462686567164, 0, 1] 1
scikit-learn/scikit-learn 4205 3907 [1.0, 0, 1.0, 0.16666666666666666, 1.0, 0, 1] 1
scikit-learn/scikit-learn 3306 1714 [1.6223569659654644, 0, 0, 0.0, 0.0, 0, 0] 1
scikit-learn/scikit-learn 2948 2199 [1.0, 1.6010361299258298, 0.015517241379310345, 0.06896551724137931, 0.7674418604651163, 0, 2] 1
scikit-learn/scikit-learn 6586 3638 [1.4136832978756624, 2.3350504097924, 0, 0.14285714285714285, 0.0, 0, 1] 1
scikit-learn/scikit-learn 3531 3463 [1.9779926426326175, 0, 0, 0.0, 0.0, 0, 0] 1
scikit-learn/scikit-learn 6671 5366 [1.984239635362286, 0, 0, 0.0, 0.0, 0, 0] 1
scikit-learn/scikit-learn 311 296 [1.0, 1.9520765964992899, 0.016129032258064516, 0.14285714285714285, 0.296875, 0, 1] 1
scikit-learn/scikit-learn 7541 6176 [1.860134023100126, 3.013169762378947, 0, 1.0, 0.0, -1, 1] 1
scikit-learn/scikit-learn 6671 5127 [2.2137422496937775, 0, 0, 0.2, 0.7333333333333333, 0, 1] 1
