angular/angular.js 8206 8177 [0.0009636655142066744, 0.25255614652700437, 0.0, 1.0, 1.0, 0] 1
angular/angular.js 14635 12682 [0.144525939339978, 0.137984189627793, 0.8058066296105564, 0.5, 0.0, 0] 1
angular/angular.js 1602 1564 [0.002080662496272758, -0.0010638551676494753, 0.9583800885187983, 0.14285714285714285, 1.0, -1] 1
angular/angular.js 3025 2522 [-0.0006063686820028747, 0.40316676785008654, 0.7472423250210534, 0.5, 0.5853658536585366, 0] 1
angular/angular.js 3197 3082 [0.007687908761406279, 0.004317757021306399, 0.35743428521328957, 0.5, 0.0, -1] 1
angular/angular.js 5976 5536 [0.27418753192333495, 0.1281708543340932, 0.2113281652977169, 0.6, 0.935064935064935, 0] 1
angular/angular.js 4021 3897 [0.09046237791736789, 0.5645467634468165, 1.0, 0.5, 1.0, -1] 1
angular/angular.js 9481 9478 [-0.018481887405544736, 0.030454894949013867, 0.0, 0.0, 0.0, 0] 1
angular/angular.js 8206 8130 [0.020612985665265985, 0.1407847260642963, 0.0, 1.0, 1.0, 0] 1
angular/angular.js 2362 2307 [0.23352085881998197, 0.0, 0.0, 1.0, 1.0, 0] 1
angular/angular.js 12362 12307 [-0.015664868486664766, 0.0, 0.996682918528462, 0.38446969696969696, 0.9385608260729268, 0] 1
angular/angular.js 3082 2835 [-0.006476300483972619, -0.003118555653599544, 0.5986843400892498, 0.5, 0.7575757575757576, 0] 1
angular/angular.js 7960 7776 [0.007715014598954267, 0.29137320556056323, 0.0, 0.1, 0.0, 0] 1
angular/angular.js 3699 3697 [0.4179074048951376, 0.0, 0.0, 0.0, 0.0, 0] 1
angular/angular.js 12933 12166 [0.16175147478037188, 0.17853014643991816, 0.5098300908202665, 0.3333333333333333, 1.0, 0] 1
angular/angular.js 9905 8005 [0.22765639401893245, 0.07640283729196586, 0.08691405714291135, 0.2727272727272727, 0.12110726643598616, 0] 1
angular/angular.js 9013 4858 [0.39759500144048254, 0.5883742017893119, 0.9145147297440672, 0.13963039014373715, 0.9084194977843427, 0] 1
angular/angular.js 5080 3376 [0.6051022714974148, 0.10790310831075624, 0.8164965809277259, 1.0, 0.4166666666666667, 0] 1
angular/angular.js 9917 9265 [0.03271350934714987, 0.04297652984121926, 0.06804138174397717, 0.4, 0.5277777777777778, -1] 1
angular/angular.js 2439 2060 [0.1319568381448824, 0.2639704851849227, 0.3494816226644152, 0.5, 0.0, 0] 1
angular/angular.js 2260 2216 [0.32824521061269996, 0.0, 0.900681859298309, 0.5714285714285714, 0.9296097934200459, 0] 1
angular/angular.js 10592 7762 [0.36136569807869934, 0.13789593016259646, 0.18751628932547798, 0.6666666666666666, 0.7805105853051059, 0] 1
angular/angular.js 2488 2396 [0.23738379810611035, 0.5829775283030938, 0.9999999999999999, 0.5, 1.0, 0] 1
angular/angular.js 4612 4479 [0.08816945580748127, 0.16953468604260633, 0.0, 0.0, 0.0, 1] 1
angular/angular.js 5174 5110 [0.6162977304309607, 0.05128638645376053, 0.8553372034476998, 1.0, 1.0, 0] 1
angular/angular.js 12524 12477 [0.44961494376965006, 0.0, 0.4125926379862166, 0.45454545454545453, 0.8939226519337017, 0] 1
angular/angular.js 4369 4351 [0.30070924222406736, 0.0, 0.0, 1.0, 1.0, 0] 1
angular/angular.js 15542 15538 [0.06794142883821971, 0.164714968866698, 0.6324555320336759, 0.5, 1.0, 1] 1
angular/angular.js 2265 2252 [0.7368710131578803, 0.0, 0.0, 0, 0.0, 0] 1
angular/angular.js 6716 6692 [0.6668507858998138, 0.0, 0.0, 1.0, 0.0, 0] 1
angular/angular.js 14967 6412 [0.3189987875402469, 0.43232886095080114, 0.5941006089072717, 0.6666666666666666, 0.0, 0] 1
angular/angular.js 10619 10618 [0.4922089606785525, 0.008652639640012288, 0.6458397238688365, 1.0, 1.0, 0] 1
angular/angular.js 12072 4282 [0.6141080108319902, 0.11264017517029047, 0.20473877443018715, 0.2, 0.0, -1] 1
angular/angular.js 4171 4083 [0.5061752197304012, 0.17075184689504375, 0.0, 0.5, 0.5641025641025641, 1] 1
angular/angular.js 15919 15917 [0.7464773941332502, 0.5042542877736266, 0.0, 1.0, 0.0, 0] 1
angular/angular.js 8716 8628 [0.35644197893646984, 0.36705289003068575, 0.8327454532230836, 0.3333333333333333, 0.4065244667503137, 1] 1
angular/angular.js 3393 1745 [0.5036177889721547, 0.3903853523080251, 0.14462283564076908, 0.3333333333333333, 0.5380434782608695, 0] 1
angular/angular.js 7079 6474 [0.15504108704182146, 0.21782659388113465, 0.9192547197409877, 1.0, 1.0, 1] 1
angular/angular.js 4086 3135 [0.32225579082855677, 0.09524283977397684, 0.06537204504606134, 0.3333333333333333, 0.0, 0] 1
angular/angular.js 8626 8606 [0.6798259186032458, 0.6166131781744092, 0.0, 1.0, 1.0, 0] 1
angular/angular.js 7906 7903 [0.4346974030641947, 0.7601245606599979, 0.617171799771944, 0.5, 0.92, 1] 1
angular/angular.js 5108 5101 [0.31490820141208953, 0.733188107113555, 0.5361534927829378, 0.5, 0.0, 1] 1
angular/angular.js 9827 5746 [0.5155838870427087, 0.5067087792363913, 0.0, 0.5, 0.0, 0] 1
angular/angular.js 8492 8233 [0.47038475475705066, 0.032582826118492045, 0.0, 1.0, 0.0, 0] 1
angular/angular.js 7479 7262 [0.624350928128634, 0.1378574699233486, 0.0, 0.5, 1.0, 0] 1
angular/angular.js 8206 8133 [0.545438162331585, 0.45311329500510467, 0.0, 0.0, 0.0, 0] 1
angular/angular.js 9356 8837 [0.7244488483858863, 0.0, 0.0, 0.18181818181818182, 0.9457364341085271, 0] 1
angular/angular.js 4530 4410 [0.5216599400394901, 0.3485439708536139, 0.0, 1.0, 1.0, 0] 1
angular/angular.js 1851 1701 [0.48933445177268675, 0.3750188295937483, 0.7522977885190791, 1.0, 0.5333333333333333, 0] 1
angular/angular.js 13497 13495 [0.564590340148536, 0.4064655402868257, 0.0, 1.0, 1.0, -1] 1
angular/angular.js 4940 4529 [0.6459551001040389, 0.4231012831510178, 0.3175003175004763, 0.5, 1.0, 1] 1
angular/angular.js 5084 4872 [0.5941113987290422, 0.22115536400372773, 0.9634152286193778, 1.0, 0.6261261261261262, 1] 1
angular/angular.js 11803 11722 [0.8586020159129572, 0.4180196304783927, 0.5525325475004752, 0.6, 0.3271604938271605, 1] 1
angular/angular.js 6986 6983 [0.6218397644347812, 0.636674225944731, 0.8583124998696603, 0.3333333333333333, 1.0, 1] 1
angular/angular.js 6215 6098 [0.7561616413476993, 0.5666892364539672, 0.3607904303611868, 0.6666666666666666, 0.5735294117647058, 0] 1
angular/angular.js 4544 4410 [0.7367488323207539, 0.3485439708536139, 0.0, 1.0, 1.0, 0] 1
angular/angular.js 4916 4860 [0.000184725598296113, 0.0, 0.0, 1.0, 1.0, 0] 1
angular/angular.js 4968 4963 [0.29760619146787515, 0.0, 0.0, 1.0, 0.0, 0] 1
angular/angular.js 6876 6065 [0.8874229799887988, 0.1773241059068217, 0.9177136357643809, 1.0, 0.0, -1] 1
angular/angular.js 2399 2357 [0.545649108641761, 0.17002119363242796, 0.0, 0.1, 1.0, 0] 1
angular/angular.js 4658 4615 [0.5841208155483322, 0.0, 0.0, 1.0, 1.0, 0] 1
angular/angular.js 6807 6801 [0.8656049600392866, 0.596673861109948, 0.8540823544386387, 1.0, 1.0, 1] 1
angular/angular.js 4630 4512 [0.003940816561827431, 0.5774425625201433, 1.0, 1.0, 1.0, 0] 1
angular/angular.js 11973 11097 [0.7880164016591712, 0.2329131666807144, 1.0, 0.5, 0.0, 0] 1
angular/angular.js 13942 13941 [0.666293957834542, 0.9492659198660286, 0.0, 0.5, 1.0, 1] 1
angular/angular.js 3198 2773 [0.7311570608547429, 0.3127421563974015, 0.2494011967449215, 0.5, 1.0, 0] 1
angular/angular.js 11028 9964 [0.8214791799719109, 0.7163316009407372, 1.0, 0.5, 0.6666666666666666, 0] 1
angular/angular.js 8034 8032 [0.6789011578502553, 0.05052243510545627, 0.406886744414977, 1.0, 1.0, 0] 1
angular/angular.js 4924 4854 [0.028293174927075292, 0.0, 0.0, 1.0, 1.0, 0] 1
angular/angular.js 4300 3898 [0.2839831145804653, 0.37971027732516865, 0.5897678246195885, 1.0, 0.56, 0] 1
angular/angular.js 1514 1045 [0.21292257695826092, 0.2805706236348077, 0.4231531103160293, 1.0, 0.0, 0] 1
angular/angular.js 11790 11443 [0.38841613663740177, 0.02380614114224556, 0.06004429901180989, 0.4, 0.0, 0] 1
angular/angular.js 4833 4337 [0.3809244041986475, 0.5346886688397333, 0.00917649204774775, 0.25, 0.0, 0] 1
angular/angular.js 8108 7902 [0.6261095968558551, 0.07293374034026856, 0.3914007794265957, 1.0, 1.0, 0] 1
angular/angular.js 2357 2199 [0.5143230652737961, 0.408157386298331, 0.0, 1.0, 1.0, 0] 1
angular/angular.js 4308 3848 [0.40651677407058867, 0.3246364469891622, 0.12585344410618476, 1.0, 0.7020408163265306, -1] 1
angular/angular.js 3958 3898 [0.309214253485799, 0.5425978232155656, 0.5897678246195885, 1.0, 0.56, 0] 1
angular/angular.js 8205 7968 [0.8774632430186161, 0.3396726593738907, 0.5848976518656018, 0.5, 0.0, 0] 1
angular/angular.js 4642 4615 [0.6455448070275516, 0.0, 0.0, 1.0, 1.0, 0] 1
angular/angular.js 10335 10330 [0.2115164947691958, 0.14306385028480934, 0.0, 1.0, 0.4423076923076923, 0] 1
angular/angular.js 4665 4615 [0.6314904376962963, 0.0, 0.0, 1.0, 1.0, 0] 1
angular/angular.js 5019 4067 [0.6325071875419433, 0.10085327969823285, 0.0, 0.0, 0.0, 0] 1
angular/angular.js 4292 3898 [0.6899370701499256, 0.0, 0.5897678246195885, 1.0, 0.56, 0] 1
angular/angular.js 7846 5063 [0.7473379585185356, 0.4588450278407876, 0.6160831149758973, 1.0, 0.25, 0] 1
angular/angular.js 10711 10327 [0.617511843823814, 0.010073549049678172, 0.9999999999999998, 0.5, 1.0, 0] 1
angular/angular.js 12110 9791 [-0.005637095497542567, 0.0, 0.0, 1.0, 0.42424242424242425, 0] 1
angular/angular.js 3785 3761 [0.2059976240116608, 0.0, 0.0, 1.0, 1.0, 0] 1
angular/angular.js 3010 2522 [0.09888504396757689, 0.21851646290813004, 0.5604166538894864, 0.5, 0.5241935483870968, 0] 1
angular/angular.js 6885 6046 [0.38647870696809317, 0.0, 0.0, 1.0, 1.0, 0] 1
angular/angular.js 10585 5072 [0.7447269183138998, 0.8233473848562789, 0.8591491329157559, 1.0, 0.7652173913043478, 0] 1
angular/angular.js 10485 10476 [0.946282307365403, 0.0, 1.0, 1.0, 1.0, 0] 1
angular/angular.js 9763 9321 [0.32892687161541234, 0.2574524757599433, 0.0, 0.25, 0.0, 0] 1
angular/angular.js 4532 4410 [0.5040605827548164, 0.0, 0.0, 1.0, 1.0, 0] 1
angular/angular.js 1616 1544 [-0.027604341176101197, 0.0, 0.24253562503633297, 0.05263157894736842, 0.7931034482758621, 0] 1
angular/angular.js 3452 2981 [0.655303885199386, 0.223449805036672, 0.5101327801706756, 1.0, 0.08620689655172414, 0] 1
angular/angular.js 4356 3898 [0.776287291055889, 0.32098742906590316, 0.5897678246195885, 1.0, 1.0, 0] 1
angular/angular.js 11593 11579 [0.6764136766539816, 0.03465955522109593, 0.6362740408673152, 1.0, 1.0, 0] 1
angular/angular.js 13014 9791 [0.5178274700452485, -0.002295788312418058, 0.0, 1.0, 0.42424242424242425, 0] 1
angular/angular.js 10477 10443 [0.6528991352801743, 0.12132057130788809, 0.29814239699997197, 0.5, 1.0, 0] 1
angular/angular.js 14488 14085 [0.4146951745152378, 0.2899271199842532, 0.9999999999999998, 0.5, 1.0, 1] 1
angular/angular.js 7947 7868 [0.2805604977122098, 0.0, 0.0, 0.07142857142857142, 1.0, 0] 1
angular/angular.js 4193 3927 [0.1568745059673169, 0.015578467083464984, 0.1720244639918768, 1.0, 0.0440251572327044, -1] 1
angular/angular.js 15535 15524 [0.7247154779265711, 0.08891434073356524, 0.0, 0, 0.0, 0] 1
angular/angular.js 15110 15106 [0.24805734320247844, 0.773907119705189, 0.00727579894885408, 0.6666666666666666, 0.9620253164556962, 0] 1
angular/angular.js 11938 11937 [0.636076269253071, 0.7776832203012446, 1.0, 1.0, 1.0, 0] 1
angular/angular.js 7999 5903 [0.6228671684538152, 0.5326277439984127, 0.6979160645851802, 0.25, 0.8947368421052632, 0] 1
angular/angular.js 7582 5674 [0.671227917218339, 0.5685285557347103, 0.6058392513710816, 0.5, 0.3114754098360656, 0] 1
angular/angular.js 4646 4512 [0.6729723259862049, 0.38763252083836913, 1.0, 1.0, 1.0, 0] 1
angular/angular.js 11017 9854 [0.9327507312092989, 0.4747572441069824, 0.0, 0.0, 0.0, 1] 1
angular/angular.js 8516 8512 [0.7088457999142238, 0.3167757335612194, 0.30016680568428156, 1.0, 0.8409090909090909, 1] 1
angular/angular.js 11359 10985 [0.8023717777067544, 0.4664142378611838, 0.13363062095621217, 1.0, 0.7741935483870968, 0] 1
angular/angular.js 2273 1084 [0.9812429687968167, 0.6831348254699525, 0.9890356197201502, 1.0, 1.0, 0] 1
mozilla-b2g/gaia 1171 1170 [0.2573674055048445, 0.5667045278822496, 0.0, 1.0, 0.4375, 0] 1
mozilla-b2g/gaia 6795 6603 [0.43327523517802957, 0.01010782609608829, 0.0, 1.0, 1.0, 1] 1
mozilla-b2g/gaia 13332 13292 [-0.0035999219511197427, 0.0, 0.0, 0.04, 1.0, 0] 1
mozilla-b2g/gaia 9488 9457 [0.10088923918891049, 0.16040938654889392, 0.0, 0.5, 1.0, 0] 1
mozilla-b2g/gaia 9428 9349 [0.8226451916542528, 0.19070480777630217, 0.9999999999999998, 1.0, 1.0, 1] 1
mozilla-b2g/gaia 22947 22749 [0.6430029543785837, 0.0, 0.3768445758127967, 0.07142857142857142, 1.0, 1] 1
mozilla-b2g/gaia 18033 18000 [0.5135873412932406, 0.6841692115240967, 0.9999999999999998, 1.0, 1.0, 1] 1
mozilla-b2g/gaia 2459 2420 [-0.013038427872926486, 0.01235007920413329, 0.0, 0.0, 0.0, 0] 1
mozilla-b2g/gaia 5772 5638 [0.003528453650790521, 0.0, 0.0, 0.2857142857142857, 0.0038098140810728437, 0] 1
mozilla-b2g/gaia 12565 12520 [0.19131759482207664, 0.2430100854490279, 0.4743416490252569, 1.0, 1.0, 0] 1
mozilla-b2g/gaia 10547 8726 [0.19219549028072766, 0.0, 0.0, 1.0, 1.0, 1] 1
mozilla-b2g/gaia 8383 8363 [0.12261994612644873, 0.0, 0.3939226197167016, 0.3333333333333333, 0.0, 1] 1
mozilla-b2g/gaia 9768 9467 [0.004234417615869523, 0.0, 0.14907119849998599, 0.16666666666666666, 0.4186046511627907, 0] 1
mozilla-b2g/gaia 17425 17408 [-0.008156341498520776, 0.0, 0.0, 0.5, 1.0, 0] 1
mozilla-b2g/gaia 21450 21295 [0.07514620242716906, 0.0, 0.9975093361076328, 0.6666666666666666, 1.0, 0] 1
mozilla-b2g/gaia 1010 1004 [0.0054787585833718025, 0.0, 0.0, 0.02564102564102564, 1.0, 0] 1
mozilla-b2g/gaia 21295 20806 [0.34401059044968607, 0.0, 0.9084882372342431, 0.5, 1.0, 0] 1
mozilla-b2g/gaia 6471 6466 [0.00013553590888544067, -0.02872819847648222, 0.8944271909999159, 0.5, 1.0, 0] 1
mozilla-b2g/gaia 10228 10180 [0.34518744828290165, 0.2521135523322506, 0.5572821370559891, 0.5, 0.37037037037037035, 1] 1
mozilla-b2g/gaia 15218 15022 [0.17354620905728574, 0.0, 0.0, 1.0, 1.0, 0] 1
mozilla-b2g/gaia 11048 11032 [0.02606477862379776, -0.012757226880933796, 0.8155543973420071, 1.0, 0.38235294117647056, 0] 1
mozilla-b2g/gaia 3627 3600 [0.47461112352112084, 0.17437516172779682, 0.07273929674533079, 0.3333333333333333, 0.6521739130434783, 0] 1
mozilla-b2g/gaia 16480 16475 [0.2977809766622138, 0.0, 0.0, 1.0, 1.0, 1] 1
mozilla-b2g/gaia 14246 14107 [0.013951491457454425, 0.9989983746619604, 0.0, 1.0, 1.0, 0] 1
mozilla-b2g/gaia 28433 28349 [0.1229263139822757, 0.0034476360887356026, 0.0, 0.3333333333333333, 1.0, 1] 1
mozilla-b2g/gaia 7010 6996 [0.002215708819474425, 0.0075940165107810835, 0.08433313028905057, 0.375, 0.22297297297297297, 0] 1
mozilla-b2g/gaia 21899 21887 [0.7102129619009696, 0.0, 0.9933992677987827, 1.0, 1.0, 1] 1
mozilla-b2g/gaia 27959 27781 [0.6106983896461394, 0.0, 0.18028809537709617, 0.16666666666666666, 0.20259128386336867, 1] 1
mozilla-b2g/gaia 12134 11062 [0.2884260278405496, 0.2973347446121331, 0.6003462351943887, 1.0, 1.0, 1] 1
mozilla-b2g/gaia 17136 16651 [0.3361447221249637, 0.0, 0.6340795977811362, 0.4, 0.46218487394957986, 1] 1
mozilla-b2g/gaia 13480 12010 [0.4916830578299107, 0.0, 0.4305555555555556, 0.2857142857142857, 0.7567567567567568, 1] 1
mozilla-b2g/gaia 10373 10253 [0.05458006640853279, 0.10280607668108106, 0.0, 0, 0.0, 0] 1
mozilla-b2g/gaia 27829 27430 [0.6686124685377739, 0.0, 0.8795982044994791, 1.0, 0.8, 0] 1
mozilla-b2g/gaia 13342 12014 [0.7095411131266907, -0.006349609962399243, 0.0894208228038293, 0.2727272727272727, 0.5926773455377574, 1] 1
mozilla-b2g/gaia 23790 23101 [0.4033904713254464, 0.0, 0.0, 0.3333333333333333, 1.0, 1] 1
mozilla-b2g/gaia 24321 24292 [0.7429032983337123, 0.0, 0.600385918471426, 0.5, 0.8275862068965517, 1] 1
mozilla-b2g/gaia 10980 10738 [0.9065888230719844, 0.268886914163288, 0.9013574968785135, 0.8235294117647058, 0.9189046866771985, 1] 1
mozilla-b2g/gaia 7669 7587 [1.0000000000000002, 0.24302998956295455, 0.40707982034270224, 1.0, 0.7758620689655172, 1] 1
kubernetes/kubernetes 661 657 [0.013703920545215706, 0.5844482270892424, 0.4801153535226426, 0.5, 0.8620689655172413, 0] 1
kubernetes/kubernetes 2716 2694 [0.6611880997423953, 0.47304103380896745, 0.0, 1.0, 1.0, 0] 1
kubernetes/kubernetes 17024 14548 [0.5043386031996957, 0.4727909977830966, 0.0, 0.0, 0.0, 1] 1
kubernetes/kubernetes 45263 43027 [0.73739265539608, 0.72656947900408, 0.03433353139400408, 0.1111111111111111, 0.9774436090225563, -1] 1
kubernetes/kubernetes 41036 41006 [0.6436856512470366, 0.1609630980987297, 0.0, 1.0, 0.4117647058823529, 0] 1
kubernetes/kubernetes 56 52 [-0.0012594016960034095, 0.0, 0.0, 1.0, 1.0, 0] 1
kubernetes/kubernetes 35745 32790 [0.587158783862602, 0.6082898205850529, 0.9358786874253315, 0.5, 1.0, 0] 1
kubernetes/kubernetes 8639 7439 [0.04178991764329228, 0.12556933815184468, 0.0, 0.0, 0.0, 1] 1
kubernetes/kubernetes 61 52 [0.002460084512075774, 0.0, 0.0, 1.0, 1.0, 0] 1
kubernetes/kubernetes 19759 15998 [0.5083388098877589, 0.12639549616552578, 0.0, 0.16666666666666666, 0.7058823529411765, 0] 1
kubernetes/kubernetes 30993 28284 [0.7307029357337907, 0.6412181913163324, 0.0, 0.26666666666666666, 1.0, 0] 1
kubernetes/kubernetes 10895 10784 [0.660660431319422, 0.05830573642327342, 0.5986807426631121, 0.125, 1.0, 1] 1
kubernetes/kubernetes 10232 9264 [0.7366408254116248, 0.0, 0.6204478762182246, 0.1, 1.0, 0] 1
kubernetes/kubernetes 31372 31361 [-0.002567753987586164, 0.9842702629689748, 0.9999999999999998, 0.5, 1.0, -1] 1
kubernetes/kubernetes 21531 21357 [0.6628080367176804, 0.48748309819852875, 0.0, 1.0, 1.0, 0] 1
kubernetes/kubernetes 33276 32120 [0.02702612820928638, 0.9468653211336103, 0.4675251962445921, 1.0, 0.0, 0] 1
kubernetes/kubernetes 54 52 [0.0010209377866747765, 0.0, 0.0, 1.0, 1.0, 0] 1
kubernetes/kubernetes 30772 30771 [-0.08754895588045761, 0.951433785438886, 0.0, 0.5, 0.4888888888888889, -1] 1
kubernetes/kubernetes 28037 28026 [0.003832150266334565, 0.0, 0.6324555320336759, 1.0, 0.6666666666666666, 0] 1
kubernetes/kubernetes 3916 3915 [0.5541827813322336, 0.010447718809498458, 0.0, 0.5, 0.3888888888888889, 0] 1
kubernetes/kubernetes 44344 43215 [-0.0019583659254338998, 0.005233695281093382, 0.0, 0.038461538461538464, 0.0, 0] 1
kubernetes/kubernetes 40322 39503 [0.022699491142833445, 0.3055123701205814, 0.5661385170722979, 0.5, 1.0, 0] 1
kubernetes/kubernetes 45455 40210 [0.0025550631186841612, 0.17274180978905526, 0.0, 1.0, 0.6666666666666666, 0] 1
kubernetes/kubernetes 36168 36163 [-0.0045103570560701455, 0.9727150733059879, 0.16308201826336052, 0.05555555555555555, 0.0, 0] 1
kubernetes/kubernetes 46923 46913 [0.003702403392356317, 0.9819937283061159, 0.0, 0.16666666666666666, 0.0, -1] 1
kubernetes/kubernetes 1211 1210 [0.007244298653477577, 0.10086539668648654, 0.6811779074425792, 1.0, 1.0, 0] 1
kubernetes/kubernetes 13322 13144 [0.07008239319412887, 0.2694687879595026, 0.3558174633152884, 0.08695652173913043, 0.8430379746835444, 0] 1
kubernetes/kubernetes 21786 21601 [0.011685898033199114, 0.26068818784133735, 0.0, 0.993805918788713, 0.9925925925925926, 0] 1
kubernetes/kubernetes 4065 4056 [0.9991095420447871, 0.0, 0.0, 0, 0.0, 0] 1
kubernetes/kubernetes 47455 47074 [0.03093972119074529, 0.2654612736321159, 0.0, 1.0, 1.0, 0] 1
kubernetes/kubernetes 24783 24549 [0.005106598475048529, 0.6756735909489556, 0.0, 1.0, 0.4838709677419355, 0] 1
kubernetes/kubernetes 7503 7456 [0.29329508985392744, 0.42104858938719925, 0.0, 0.5, 0.375, -1] 1
kubernetes/kubernetes 47322 46193 [-0.001265847738950396, 0.04522315818838806, 0.0, 0.09090909090909091, 0.5185185185185185, 0] 1
kubernetes/kubernetes 28996 28978 [0.06877259825616382, 0.31058655934112495, 0.29633362966711113, 1.0, 1.0, 0] 1
kubernetes/kubernetes 42529 42138 [0.011672291762473098, 0.32666591982708304, 0.0, 0.0, 0.0, 0] 1
kubernetes/kubernetes 37269 275 [0.005435146372589943, 0.0, 0.0, 0.0, 0.0, 0] 1
kubernetes/kubernetes 45273 44727 [0.002065285026595355, 0.11594999805577128, 0.9146591207600472, 1.0, 0.0, 0] 1
kubernetes/kubernetes 34502 32109 [0.0193844620563176, 0.36885006033284556, 0.0408248290463863, 0.01282051282051282, 1.0, 0] 1
kubernetes/kubernetes 20810 19559 [0.19831663724111334, 0.12360890966884465, 0.0, 0.2, 0.0, -1] 1
kubernetes/kubernetes 41210 41106 [0.025761989728163952, 0.11484842915800203, 0.0, 0.2222222222222222, 0.825, 0] 1
kubernetes/kubernetes 26066 26059 [0.3515940263703151, 0.04339879693949983, 0.0, 0.0, 0.0, -1] 1
kubernetes/kubernetes 5741 5735 [0.08531505008434333, 0.0, 0.0, 0.5, 0.0, 0] 1
kubernetes/kubernetes 38751 38370 [0.00779678472151283, 0.19136143104024847, 1.0, 1.0, 1.0, 0] 1
kubernetes/kubernetes 10883 10819 [-0.0019821348613836037, -0.004653195587170393, 0.9999999999999998, 0.5, 0.3493975903614458, 0] 1
kubernetes/kubernetes 38296 38285 [0.013782920348074133, 0.06465631853194338, 0.03284430927214311, 0.1111111111111111, 0.0, 0] 1
kubernetes/kubernetes 25591 24509 [0.062224145095103545, 0.06077229475386215, 0.2581988897471611, 0.045454545454545456, 1.0, 0] 1
kubernetes/kubernetes 9966 9854 [-0.004831622437190179, 0.1935270825357065, 0.2057262845290625, 1.0, 0.44660194174757284, 0] 1
kubernetes/kubernetes 44496 39342 [0.6141684838036523, 0.5904690352737224, 0.0, 0.0, 0.0, 1] 1
kubernetes/kubernetes 18449 13838 [0.009991046675438923, 0.050371490568079276, 0.0, 0.0, 0.0, -1] 1
kubernetes/kubernetes 46927 46784 [0.01060574407728496, 0.20239480563335335, 0.0, 0.0, 0.0, -1] 1
kubernetes/kubernetes 12111 11679 [0.06570510022041867, 0.0007102919446942502, 0.0, 0.0, 0.0, 0] 1
kubernetes/kubernetes 42883 42630 [0.016977135854373944, 0.027543086721730704, 0.0, 0.2, 0.4, 0] 1
kubernetes/kubernetes 451 356 [0.004242698413088129, 0.2831718399988514, 0.0, 0.0, 0.0, 0] 1
kubernetes/kubernetes 5775 5714 [-0.0013639912912164066, 0.1850648320541962, 0.0, 0.1111111111111111, 0.32065217391304346, -1] 1
kubernetes/kubernetes 38789 33757 [-0.0023953591966294004, 0.10464395233827214, 0.32142857142857145, 0.047619047619047616, 0.3191489361702128, 0] 1
kubernetes/kubernetes 11113 11085 [-0.008158728460116508, 0.004244425442918401, 0.19518638958406073, 0.00423728813559322, 0.5416666666666666, 0] 1
kubernetes/kubernetes 29226 29204 [0.07203597345825757, -0.008654155613618039, 0.4100147180280406, 0.75, 0.4692737430167598, -1] 1
kubernetes/kubernetes 33683 33675 [0.929776674399857, 0.863093017866008, 0.0, 0.9714285714285714, 1.0, 0] 1
kubernetes/kubernetes 40550 39903 [0.014071031282459144, 0.074034415089418, 0.0, 0.07692307692307693, 0.0, -1] 1
kubernetes/kubernetes 11450 11364 [-0.0006529777141531945, 0.17085658371491982, 0.0, 0.05, 0.0, 0] 1
kubernetes/kubernetes 40901 40193 [0.006472178282899781, 0.07428689071146119, 0.0, 1.0, 0.0, -1] 1
kubernetes/kubernetes 36673 36425 [-2.797458370486482e-07, 0.3808148433328916, 0.04459303675418199, 0.005257623554153523, 0.5574018126888217, -1] 1
kubernetes/kubernetes 39883 38317 [0.126447757244487, 0.27524093650086706, 0.8936350351260067, 0.23529411764705882, 0.6114649681528662, 0] 1
kubernetes/kubernetes 11322 11317 [0.0075181343346985615, 0.0, 0.07649779574145106, 0.2, 0.0, 0] 1
kubernetes/kubernetes 15401 15224 [0.005811335415577724, 0.016715196102374368, 0.0, 0.03333333333333333, 0.6101694915254238, 0] 1
kubernetes/kubernetes 46953 46909 [0.044857979290523535, 0.3147017952622334, 0.47237749297333015, 0.5, 0.358974358974359, 1] 1
kubernetes/kubernetes 41480 41478 [-0.0011916336301719967, 0.0, 0.0, 0.0, 0.0, 0] 1
kubernetes/kubernetes 33964 30787 [0.34804877416406216, 0.27837767683697484, 0.04472919446196578, 0.038461538461538464, 0.551594746716698, -1] 1
kubernetes/kubernetes 42113 42049 [0.025248920805803005, 0.1275900118485501, 0.0, 0.08333333333333333, 0.9692307692307692, 0] 1
kubernetes/kubernetes 15339 15004 [0.28986589970615545, 0.01679001921619463, 0.0, 0.0, 0.0, 0] 1
kubernetes/kubernetes 30147 30137 [0.10298389079220253, 0.19361517090204755, 0.8100776435625721, 0.5, 1.0, 1] 1
kubernetes/kubernetes 14472 14448 [-0.010637192398532336, 0.0014632250955996032, 0.4142287406178835, 1.0, 0.0, 0] 1
kubernetes/kubernetes 7142 6847 [0.23407116053830432, 0.015757601575355915, 0.8616404368553291, 1.0, 0.5526315789473685, 0] 1
kubernetes/kubernetes 6949 6938 [-0.0027944598036378884, 0.04286010288082812, 0.0, 0.0, 0.0, -1] 1
kubernetes/kubernetes 32311 32268 [0.5392913808158004, 0.7836048786641113, 0.9999999999999998, 1.0, 1.0, 1] 1
kubernetes/kubernetes 7021 6886 [0.11922230793156237, 0.552918833269278, 0.0, 0.5, 0.46875, 0] 1
kubernetes/kubernetes 25888 24861 [0.36200153572923893, 0.1151329695297671, 0.15092975346824045, 0.2727272727272727, 0.0, -1] 1
kubernetes/kubernetes 45804 45768 [0.002375311416288891, 0.008029391979453258, 0.0, 0.0, 0.0, 0] 1
kubernetes/kubernetes 18073 17769 [0.1702679737196559, 0.0, 0.0, 1.0, 0.0, 0] 1
kubernetes/kubernetes 37347 37332 [0.15707214187154428, 0.5456207203054465, 0.953820966476532, 1.0, 1.0, 1] 1
kubernetes/kubernetes 25996 25634 [0.17353890918167492, 0.14809513562235124, 0.8274608439508027, 0.03260869565217391, 0.9608938547486033, -1] 1
kubernetes/kubernetes 6614 6239 [0.4345543391103813, 0.17528615111380294, 0.1556997888323046, 0.16666666666666666, 0.5238095238095238, 0] 1
kubernetes/kubernetes 25688 25326 [0.19959338208974492, 0.16940079326783702, 0.02046706633324728, 0.375, 0.6124197002141327, 0] 1
kubernetes/kubernetes 22501 21535 [0.20944778984241624, -0.028224336793310684, 0.44836509459124096, 0.2727272727272727, 0.6, -1] 1
kubernetes/kubernetes 44288 40234 [0.019362435886020716, 0.6094696129590791, 0.23622701561364426, 0.09090909090909091, 0.2777777777777778, -1] 1
kubernetes/kubernetes 45065 45034 [0.22310495970727215, 0.022892043699808275, 0.08438901105753764, 0.42857142857142855, 0.5977011494252874, 0] 1
kubernetes/kubernetes 24881 24201 [0.2722298659413554, 0.44339127729372924, 0.21178618420050904, 0.75, 0.3939393939393939, 0] 1
kubernetes/kubernetes 44313 44312 [0.25026190602339815, 0.18891262178583995, 0.0, 0.0, 0.0, 1] 1
kubernetes/kubernetes 13758 13738 [0.15419128348944666, 0.24315679020352404, 0.35355339059327373, 1.0, 0.8627450980392157, 1] 1
kubernetes/kubernetes 7679 7615 [0.17223238138639024, 0.0, 0.3111104638575572, 0.06153846153846154, 0.2261682242990654, 0] 1
kubernetes/kubernetes 29150 25524 [0.24745407809080724, 0.12649167032715633, 0.0, 0.1111111111111111, 0.0, 0] 1
kubernetes/kubernetes 33101 33099 [0.2597241839970597, 0.9224511671658846, 0.0, 0.0, 0.0, 1] 1
kubernetes/kubernetes 13628 13616 [0.230096379543004, 0.03619928909168397, 0.0, 0.0, 0.0, 1] 1
kubernetes/kubernetes 35320 33616 [0.37076921576102956, 0.4296007109105893, 0.49052991290879006, 0.09090909090909091, 0.16216216216216217, -1] 1
kubernetes/kubernetes 30884 30802 [0.20702423344913323, 0.4603934469704263, 0.0, 0.0, 0.0, 0] 1
kubernetes/kubernetes 10440 7053 [0.6182769960510083, 0.005189399852575317, 0.28151908696922084, 0.10975609756097561, 0.421195652173913, 0] 1
kubernetes/kubernetes 23043 22845 [0.23017081223200264, 0.7627952558558228, 0.0, 0.5, 1.0, 0] 1
kubernetes/kubernetes 35609 35556 [0.24653243294110447, 0.6223489386015081, 0.0, 0.0017761989342806395, 1.0, 0] 1
kubernetes/kubernetes 3200 3199 [0.45768477343795194, 0.004022432606810356, 0.9857160402833807, 0.2727272727272727, 0.7741935483870968, 0] 1
kubernetes/kubernetes 40421 40400 [0.3351646214388855, 0.18698171797130367, 0.0, 0.14285714285714285, 0.72, 1] 1
kubernetes/kubernetes 21130 20665 [0.19253043489524063, 0.4295838376089218, 0.0, 0.13333333333333333, 1.0, 1] 1
kubernetes/kubernetes 44839 44583 [0.26681444686936473, 0.12012816031267047, 0.0, 0.07692307692307693, 0.5909090909090909, 0] 1
kubernetes/kubernetes 10609 10453 [0.3070544612560323, -0.0019381442346025394, 0.0, 0.5, 1.0, -1] 1
kubernetes/kubernetes 15043 14871 [0.5271331501130289, -0.0006883172585394519, 0.5146674734348982, 0.25, 0.5579710144927537, 0] 1
kubernetes/kubernetes 6976 5012 [0.42979110750893984, 0.27898482386597145, 1.0000000000000002, 0.043478260869565216, 1.0, 0] 1
kubernetes/kubernetes 14675 14564 [0.24733704687798355, 0.0, 0.0, 0.0, 0.0, 0] 1
kubernetes/kubernetes 46478 46383 [0.39695957104529345, 0.2490448638775573, 0.0, 0.5, 0.54, -1] 1
kubernetes/kubernetes 44838 44583 [0.3075516151271444, 0.16230055108429683, 0.0, 0.07692307692307693, 1.0, 0] 1
kubernetes/kubernetes 44727 44463 [0.31026525932119403, 0.19893883041009566, 0.0, 0.0, 0.0, 0] 1
kubernetes/kubernetes 34246 34083 [0.13355218593352286, 0.74256455274054, 0.023621864174990383, 0.03571428571428571, 0.4857142857142857, 1] 1
kubernetes/kubernetes 25512 22737 [0.6213903806928842, 0.37269925754894373, 0.02441931452527522, 0.2, 0.5471698113207547, 0] 1
kubernetes/kubernetes 26097 25973 [0.03434748623730545, -0.007483706629658925, 0.5353033790313109, 1.0, 0.6296296296296297, 0] 1
kubernetes/kubernetes 29995 29447 [0.24854800350820966, 0.09885533101036043, 0.9596210420724097, 1.0, 0.9030226700251889, 0] 1
kubernetes/kubernetes 5466 5022 [0.2868813174730377, 0.08049559718441655, 0.01847579984912311, 0.3333333333333333, 0.48214285714285715, -1] 1
kubernetes/kubernetes 16283 14493 [0.2964488380339987, 0.4934008732888231, 0.6133959382535363, 1.0, 0.5081967213114754, 0] 1
kubernetes/kubernetes 41761 41756 [0.18947801756379803, 0.012989188038850666, 0.0, 1.0, 0.52, 0] 1
kubernetes/kubernetes 5784 5775 [0.1672959897817017, -0.0006137094301339529, 0.0, 0.3, 0.4564459930313589, -1] 1
kubernetes/kubernetes 31287 31282 [0.24720611040787469, 0.7445372530176738, 0.0, 0.25, 0.0, 0] 1
kubernetes/kubernetes 24556 24537 [0.11430290066096552, 0.5716057226674657, 0.8484934690783194, 1.0, 0.5407725321888412, 1] 1
kubernetes/kubernetes 14229 14213 [0.04167754906020421, -0.009880937713769467, 0.9999999999999998, 0.5, 1.0, 0] 1
kubernetes/kubernetes 21532 21357 [0.18905903561096965, 0.07788591336940383, 0.0, 1.0, 1.0, 0] 1
kubernetes/kubernetes 2412 2397 [0.27541863514424575, 0.0, 0.9943727257817965, 0.8888888888888888, 0.9820051413881749, 0] 1
kubernetes/kubernetes 4393 4390 [0.39403093151161683, 0.22792356166076716, 0.0, 1.0, 1.0, 0] 1
kubernetes/kubernetes 8931 8743 [0.4453987946287928, 0.0875356831854188, 0.0, 0.0, 0.0, 1] 1
kubernetes/kubernetes 39342 39293 [0.4897568444450231, 0.05674854985257244, 0.9999999999999998, 0.001349527665317139, 1.0, -1] 1
kubernetes/kubernetes 10746 10512 [0.4195225241493119, 0.36594041137584343, 0.7456143440672193, 1.0, 0.0, 0] 1
kubernetes/kubernetes 5763 5233 [0.30347101064626897, 0.1512162423062379, 0.03557725048386637, 0.057692307692307696, 0.3672566371681416, 1] 1
kubernetes/kubernetes 41546 41427 [0.2340507784795559, 0.09596662834210613, 0.9736544522317012, 0.5632754342431762, 0.8156795930120945, 0] 1
kubernetes/kubernetes 17264 17195 [0.2654779210918779, 0.12096222850062763, 0.39403727382867165, 0.1111111111111111, 0.7471526195899773, -1] 1
kubernetes/kubernetes 9838 9730 [0.23561654665617762, 0.18701262190379336, 0.0, 1.0, 0.6956521739130435, 0] 1
kubernetes/kubernetes 38546 1932 [0.03746376462011907, 0.0, 0.0, 0.0, 0.0, 0] 1
kubernetes/kubernetes 28966 25342 [0.4891191790271758, 0.37390031740038104, 0.6278494825103227, 0.5, 0.7338403041825095, 0] 1
kubernetes/kubernetes 32064 32049 [0.6029098510941439, 0.794097789163392, 0.0, 1.0, 1.0, 0] 1
kubernetes/kubernetes 40379 40378 [0.6143474070120196, 0.0, 0.0, 1.0, 0.0, 0] 1
kubernetes/kubernetes 36597 36294 [0.45668959519643865, 0.8941804093052421, 0.2946278254943948, 0.5, 0.25, -1] 1
kubernetes/kubernetes 11475 11474 [0.1391646922798596, -0.0072601888459012266, 0.0, 1.0, 1.0, 0] 1
kubernetes/kubernetes 36434 32811 [0.7512598719700434, 0.9267270716366262, 0.9462050686250894, 0.75, 0.5473684210526316, 1] 1
kubernetes/kubernetes 41942 37571 [0.5708967073480662, 0.49877999450522553, 0.0, 0.0, 0.0, -1] 1
kubernetes/kubernetes 11219 10234 [0.5682968850360952, 0.2823720284791444, 0.0, 0.0, 0.0, 1] 1
kubernetes/kubernetes 35835 35817 [0.6438354570856661, 0.735392916346919, 0.0, 1.0, 1.0, 0] 1
kubernetes/kubernetes 45920 45918 [0.37646293690551835, 0.16274317912523242, 0.6262757266398529, 0.29545454545454547, 0.6209386281588448, -1] 1
kubernetes/kubernetes 16495 16152 [0.49382311014326524, 0.26946564758305386, 0.760899753908902, 0.6666666666666666, 0.8215297450424929, 1] 1
kubernetes/kubernetes 31741 31682 [0.5152068764695941, 0.4384720596241862, 0.0, 1.0, 1.0, 0] 1
kubernetes/kubernetes 16227 15791 [0.33202014336442826, 0.14320033518329278, 0.33357968022912454, 0.3333333333333333, 0.6828193832599119, 0] 1
kubernetes/kubernetes 20141 19706 [0.3473154893378092, 0.1819777240698656, 0.0, 1.0, 0, 0] 1
kubernetes/kubernetes 35732 34152 [0.4656028924171825, 0.49413363726707626, 0.21175749901626975, 0.5, 0.0, 0] 1
kubernetes/kubernetes 19932 19807 [0.6563408605101232, 0.0, 0.906824191302379, 0.2037037037037037, 0.960811756473058, 0] 1
kubernetes/kubernetes 8309 8303 [0.4013030080360625, 0.2415490850514677, 0.5247781977776373, 1.0, 1.0, 0] 1
kubernetes/kubernetes 38591 38452 [0.5571287806675717, 0.33106966275222866, 0.22710998958306755, 1.0, 0.28735632183908044, 0] 1
kubernetes/kubernetes 22163 22131 [0.43955435010866317, 0.05301193142769837, 0.0, 0.0, 0.0, 0] 1
kubernetes/kubernetes 46695 46346 [0.22312686654607558, 0.9791142257940711, 0.6254934069704522, 0.5, 0.0, 0] 1
kubernetes/kubernetes 34811 34144 [0.1759081540511062, 0.5967888082207332, 0.25043080516381877, 0.1, 0.06931464174454828, 0] 1
kubernetes/kubernetes 14098 14083 [0.5600746262547903, 0.3789912182454431, 0.0, 1.0, 1.0, 0] 1
kubernetes/kubernetes 17169 17167 [0.4681228089676861, 0.11185123685009372, 1.0, 1.0, 1.0, 0] 1
kubernetes/kubernetes 13894 12717 [0.360275543730573, 0.005174129724706067, 0.5767674509632076, 0.3333333333333333, 0.8383838383838383, -1] 1
kubernetes/kubernetes 5307 5302 [0.6207160251575913, -0.008978489715602481, 0.0, 1.0, 1.0, 0] 1
kubernetes/kubernetes 46666 45575 [0.7386427158587436, 0.5111629151909004, 0.0, 0.0, 0.0, 1] 1
kubernetes/kubernetes 43145 42152 [0.5659921214348826, 0.18523075254635316, 0.0, 1.0, 0.7142857142857143, 0] 1
kubernetes/kubernetes 5298 5293 [0.6581035576740593, 0.3852518724019517, 0.0, 1.0, 1.0, 0] 1
kubernetes/kubernetes 42202 41745 [0.5548015241834576, 0.5473072884543743, 0.9418680037096138, 0.78125, 0.8780386453355495, 0] 1
kubernetes/kubernetes 28994 28604 [0.6124435577304393, -0.006691234266114758, 0.0, 0.13333333333333333, 0.38016528925619836, -1] 1
kubernetes/kubernetes 44500 42007 [0.4166439326543989, 0.6940726718945337, 0.0, 0.14285714285714285, 0.8904109589041096, 0] 1
kubernetes/kubernetes 44934 44908 [0.6382162452844734, 0.11351624694291487, 0.9163419338230352, 0.3333333333333333, 0.7083333333333334, 0] 1
kubernetes/kubernetes 4698 4494 [0.3960249600202681, 0.24186432671507885, 0.8071682479137651, 0.3333333333333333, 0.8177570093457944, 1] 1
kubernetes/kubernetes 46307 45649 [0.7048827414710446, 0.07668494426996288, 0.923451534204432, 1.0, 0.9608938547486033, 0] 1
kubernetes/kubernetes 41959 41663 [0.7029545038369948, 0.7204455318867723, 0.34230761603626286, 0.1, 0.2089041095890411, 0] 1
kubernetes/kubernetes 28414 24299 [0.5401335993204515, 0.7321930704037884, 0.5477039335682853, 0.3333333333333333, 0.35, 1] 1
kubernetes/kubernetes 30848 29741 [0.7435690667383732, 0.7970022907151362, 0.9550033298491075, 0.6666666666666666, 0.9808575803981623, 0] 1
kubernetes/kubernetes 273 169 [0.7018208798336095, 0.0, 0.3893314107138301, 0.3333333333333333, 0.75, 0] 1
kubernetes/kubernetes 22110 20384 [0.4462395003581905, 0.34259151961931583, 0.9997703150960029, 0.8571428571428571, 0.99, -1] 1
kubernetes/kubernetes 30654 30476 [0.7009393340226517, 0.7720860410749047, 0.05378528742004771, 1.0, 0.0, 0] 1
kubernetes/kubernetes 15902 15840 [0.6323984935496039, 0.1392918546136133, 0.0, 1.0, 0.0, 0] 1
kubernetes/kubernetes 45463 45263 [0.73739265539608, 0.31387929231573464, 0.021720251464278622, 0.11764705882352941, 0.8860103626943006, -1] 1
kubernetes/kubernetes 9575 7227 [0.8821152188610958, 0.6446470626875452, 0.5163977794943222, 0.8571428571428571, 1.0, 0] 1
kubernetes/kubernetes 85 82 [0.467774805815413, 0.0, 0.8778762251403478, 1.0, 1.0, 0] 1
kubernetes/kubernetes 46869 46863 [0.7151680481224986, 0.2572372862608011, 0.0, 0.5, 1.0, 0] 1
kubernetes/kubernetes 18377 18341 [0.6194414881612064, 0.0, 0.0, 0.5, 0.0, 0] 1
kubernetes/kubernetes 34972 29489 [0.5373728311580238, 0.7406332778453344, 0.2815145647743151, 0.5, 0.9029126213592233, 0] 1
kubernetes/kubernetes 37137 35550 [0.7131445646328217, 0.6611130806951127, 0.0, 0.0, 0.0, 1] 1
kubernetes/kubernetes 3274 3270 [0.3976556723258521, 0.0952063353862892, 0.7630060524795015, 0.38461538461538464, 0.38934426229508196, 0] 1
kubernetes/kubernetes 28294 28251 [0.5124057335580547, 0.18328900234630588, 0.0, 0.5, 1.0, 1] 1
kubernetes/kubernetes 44909 44462 [0.475244436276941, 0.19240268545944553, 0.0, 0.5, 1.0, -1] 1
kubernetes/kubernetes 40380 40379 [0.37748465946954, 0.0, 0.0, 1.0, 0.6666666666666666, 0] 1
kubernetes/kubernetes 12980 12895 [0.6608850583428252, 0.16159221631975826, 0.0776077479682388, 0.5, 0.0, 1] 1
kubernetes/kubernetes 28606 28206 [0.6478500175262886, 0.03636430694331846, 1.0000000000000002, 0.25, 0.7307692307692307, 0] 1
kubernetes/kubernetes 43902 43871 [0.7127452254388701, 0.5329288211191163, 0.7572314733671476, 1.0, 0.7850799289520426, 0] 1
kubernetes/kubernetes 13800 13680 [0.44316361922465164, 0.18570379357042, 0.4412570093707217, 1.0, 0.14225941422594143, 0] 1
kubernetes/kubernetes 3577 3555 [0.5891091747324941, -0.00537765607748123, 0.0, 0.0, 0.0, 0] 1
kubernetes/kubernetes 13165 13154 [0.5426537808196908, 0.29521685351724725, 1.0, 1.0, 1.0, 0] 1
kubernetes/kubernetes 41342 41308 [0.5751866866118415, 0.11001529991639585, 0.4001633653325206, 1.0, 0.5714285714285714, 0] 1
kubernetes/kubernetes 47684 47223 [0.36400620658951327, 0.035035327651462, 0.0, 1.0, 1.0, 1] 1
kubernetes/kubernetes 19406 19324 [0.8429101381221605, -0.047431782601139415, 0.0, 1.0, 0.9090909090909091, 0] 1
kubernetes/kubernetes 11284 10824 [0.538290245612382, 0.39400226056840215, 0.0, 1.0, 1.0, 0] 1
kubernetes/kubernetes 38587 38571 [0.9158093398173144, 0.1846725008877279, 1.0000000000000002, 1.0, 1.0, -1] 1
kubernetes/kubernetes 20057 19510 [0.8317609708833917, 0.00022942983602560304, 0.2222938698494303, 0.9444444444444444, 0.9620681754537818, 0] 1
kubernetes/kubernetes 44966 44943 [0.5334591775081436, 0.4003999849757639, 1.0, 1.0, 1.0, 0] 1
kubernetes/kubernetes 36195 36186 [0.7564410479185105, 0.7732666584065073, 0.9954257251149287, 0.5, 1.0, 0] 1
kubernetes/kubernetes 34424 32408 [0.7845957560345983, 0.6840799704216285, 0.26443369690215096, 0.125, 0.7837837837837838, 0] 1
kubernetes/kubernetes 30928 30880 [0.4521273035379641, 0.5213409425465142, 0.9072278818997397, 0.75, 1.0, 0] 1
kubernetes/kubernetes 2669 2652 [0.7847362377135125, 0.3106346023680793, 0.0, 1.0, 1.0, 0] 1
kubernetes/kubernetes 29854 29185 [0.5420590541930015, 0.3343277344959197, 0.0, 0.25, 1.0, 0] 1
kubernetes/kubernetes 21365 21361 [0.5292070733140499, 0.0, 0.2581988897471611, 0.5, 0.72, 1] 1
kubernetes/kubernetes 35839 35760 [0.8297674793844746, 0.5077575182234636, 0.7336933746991099, 0.4166666666666667, 0.3941908713692946, 1] 1
kubernetes/kubernetes 43666 42717 [0.9260300657184278, 0.39041463698160167, 0.9834549720265431, 0.8529411764705882, 0.8872785829307569, 0] 1
kubernetes/kubernetes 25995 23473 [0.7385241920652866, 0.11291052931515559, 0.5597648815256202, 0.3333333333333333, 0.8813559322033898, 0] 1
kubernetes/kubernetes 6964 6952 [0.7922695564730559, 0.16146450325468797, 0.034441829515914534, 0.25, 0.0, 0] 1
kubernetes/kubernetes 28053 28052 [0.7685982370724884, 0.3258509440399985, 1.0, 1.0, 1.0, 1] 1
kubernetes/kubernetes 46823 46739 [0.8917675127863582, 0.2603933043316068, 0.0, 1.0, 0.8586497890295358, -1] 1
kubernetes/kubernetes 37140 36826 [0.9083818088586945, 0.8276001239827369, 0.9999999999999998, 0.2, 1.0, 1] 1
kubernetes/kubernetes 19884 19725 [1.0, 0.9573064431240963, 1.0, 1.0, 1.0, 0] 1
kubernetes/kubernetes 44969 43936 [0.9999999999999999, 0.4802149252277043, 0.9026897393909924, 1.0, 0.8656429942418427, 1] 1
kubernetes/kubernetes 43719 42815 [0.9999999999999999, 0.6208473388220577, 1.0, 0.625, 1.0, -1] 1
kubernetes/kubernetes 39634 39632 [0.9949812506436594, 0.905448803800568, 0.8153062680839283, 1.0, 0.8837209302325582, 1] 1
