angular/angular.js 8206 8177 [0.0, 0.23076135910277595, 0, 1.0, 1.0, 0] 1
angular/angular.js 14635 12682 [0.10718826799861247, 0.0819085010339848, 0.2777777777777778, 0.5, 0.0, 0] 1
angular/angular.js 1602 1564 [0.020385025842909094, 0.0, 0.6507936507936508, 0.14285714285714285, 1.0, -1] 1
angular/angular.js 3025 2522 [0.0, 0.07973832865831267, 0.22784810126582278, 0.5, 0.5853658536585366, 0] 1
angular/angular.js 3197 3082 [0.0, 0.0, 0.13548387096774195, 0.5, 0.0, -1] 1
angular/angular.js 5976 5536 [0.0, 0.0, 0.09433962264150944, 0.6, 0.935064935064935, 0] 1
angular/angular.js 4021 3897 [0.0, 0.22281248671943432, 1.0, 0.5, 1.0, 0] 1
angular/angular.js 9481 9478 [0.0, 0.008410227941429893, 0, 0.0, 0.0, 0] 1
angular/angular.js 8206 8130 [0.0, 0.1192117372569974, 0, 1.0, 1.0, 0] 1
angular/angular.js 2362 2307 [0.016064088001977478, 0.0, 0, 1.0, 1.0, 0] 1
angular/angular.js 12362 12307 [0.0, 0.0, 0.8224032586558044, 0.38446969696969696, 0.9385608260729268, 0] 1
angular/angular.js 3082 2835 [0.0, 0.0, 0.15789473684210525, 0.5, 0.7575757575757576, 0] 1
angular/angular.js 7960 7776 [0.0, 0.17855763329766336, 0.0, 0.1, 0.0, 0] 1
angular/angular.js 3699 3697 [0.10922662271470641, 0.0, 0, 0.0, 0.0, 0] 1
angular/angular.js 12933 12166 [0.0, 0.14247791972040916, 0.06206896551724138, 0.3333333333333333, 1.0, 0] 1
angular/angular.js 9905 8005 [0.06257393111140352, 0.07640302769226479, 0.008771929824561403, 0.2727272727272727, 0.12110726643598616, 0] 1
angular/angular.js 9013 4858 [0.20004075087101858, 0.3019744503400776, 0.7281553398058253, 0.13963039014373715, 0.9084194977843427, 0] 1
angular/angular.js 5080 3376 [0.08335166540900839, 0.05944351343838576, 0.6666666666666666, 1.0, 0.4166666666666667, 0] 1
angular/angular.js 9917 9265 [0.006627253942761632, 0.02036702931066227, 0.027777777777777776, 0.4, 0.5277777777777778, -1] 1
angular/angular.js 2439 2060 [0.14156217210454375, 0.11865529387678524, 0.014285714285714285, 0.5, 0.0, 0] 1
angular/angular.js 2260 2216 [0.0, 0.0, 0.5872894333843798, 0.5714285714285714, 0.9296097934200459, 0] 1
angular/angular.js 10592 7762 [0.20883330167060915, 0.03429784980061588, 0.012660731948565776, 0.6666666666666666, 0.7805105853051059, 0] 1
angular/angular.js 2488 2396 [0.0, 0.10623270533130669, 1.0, 0.5, 1.0, 0] 1
angular/angular.js 4612 4479 [0.1387257435507258, 0.20031267007349823, 0, 0.0, 0.0, 1] 1
angular/angular.js 5174 5110 [0.5987669786159391, 0.0740095445048748, 0.2857142857142857, 1.0, 1.0, 0] 1
angular/angular.js 12524 12477 [0.19541268030518705, 0.0, 0.11640953716690042, 0.45454545454545453, 0.8939226519337017, 0] 1
angular/angular.js 4369 4351 [0.0, 0.0, 0, 1.0, 1.0, 0] 1
angular/angular.js 15542 15538 [0.013830289323945845, 0.2085328107108747, 0.25, 0.5, 1.0, 1] 1
angular/angular.js 2265 2252 [0.40442311288757654, 0.0, 0, 0, 0.0, 0] 1
angular/angular.js 6716 6692 [0.5209903142408299, 0.0, 0, 1.0, 0.0, 0] 1
angular/angular.js 14967 6412 [0.066657620204884, 0.36562947284432035, 0.2639751552795031, 0.6666666666666666, 0.0, 0] 1
angular/angular.js 10619 10618 [0.11946735408589815, 0.0, 0.125, 1.0, 1.0, 0] 1
angular/angular.js 12072 4282 [0.21830460358026557, 0.013960100237775603, 0.043478260869565216, 0.2, 0.0, -1] 1
angular/angular.js 4171 4083 [0.16819516576394952, 0.32509028402078816, 0.0, 0.5, 0.5641025641025641, 1] 1
angular/angular.js 15919 15917 [0.29265071731894743, 0.27692898363052926, 0, 1.0, 0.0, 0] 1
angular/angular.js 8716 8628 [0.46037310698069367, 0.19605561294795498, 0.4750593824228028, 0.3333333333333333, 0.4065244667503137, 1] 1
angular/angular.js 3393 1745 [0.21534249758000432, 0.029463494888386413, 0.08620689655172414, 0.3333333333333333, 0.5380434782608695, 0] 1
angular/angular.js 7079 6474 [0.022900289351071235, 0.09926647551646092, 0.6470588235294118, 1.0, 1.0, 1] 1
angular/angular.js 4086 3135 [0.06691724649869712, 0.09708039690245111, 0.0, 0.3333333333333333, 0.0, 0] 1
angular/angular.js 8626 8606 [0.4934242281558828, 0.3217383671056665, 0.0, 1.0, 1.0, 0] 1
angular/angular.js 7906 7903 [0.10111433536462851, 0.5037065334108375, 0.19230769230769232, 0.5, 0.92, 1] 1
angular/angular.js 5108 5101 [0.29353347622229614, 0.4296438276002601, 0.03225806451612903, 0.5, 0.0, 1] 1
angular/angular.js 9827 5746 [0.31753988141289036, 0.43277674134196387, 0.0, 0.5, 0.0, 0] 1
angular/angular.js 8492 8233 [0.3025696381606801, 0.011301761013953365, 0.0, 1.0, 0.0, 0] 1
angular/angular.js 7479 7262 [0.0, 0.04736638318504004, 0, 0.5, 1.0, 0] 1
angular/angular.js 8206 8133 [0.3485418809913762, 0.3728292073123694, 0, 0.0, 0.0, 0] 1
angular/angular.js 9356 8837 [0.3919822294999626, 0.0, 0.0, 0.18181818181818182, 0.9457364341085271, 0] 1
angular/angular.js 4530 4410 [0.37245601239899484, 0.38336321574337645, 0, 1.0, 1.0, 0] 1
angular/angular.js 1851 1701 [0.6230372187943555, 0.24139632952674503, 0.07792207792207792, 1.0, 0.5333333333333333, 0] 1
angular/angular.js 13497 13495 [0.074923441455157, 0.09995888595404623, 0.0, 1.0, 1.0, 0] 1
angular/angular.js 4940 4529 [0.46754556072306547, 0.30644338004801575, 0.06382978723404255, 0.5, 1.0, 1] 1
angular/angular.js 5084 4872 [0.47258990226891373, 0.8033190372579002, 0.7790055248618785, 1.0, 0.6261261261261262, 1] 1
angular/angular.js 11803 11722 [0.7098972068280802, 0.28574105951587786, 0.12738853503184713, 0.6, 0.3271604938271605, 1] 1
angular/angular.js 6986 6983 [0.5108052788822114, 0.34269351885460925, 0.38571428571428573, 0.3333333333333333, 1.0, 1] 1
angular/angular.js 6215 6098 [0.42598461443804275, 0.4549771230614834, 0.20430107526881722, 0.6666666666666666, 0.5735294117647058, 0] 1
angular/angular.js 4544 4410 [0.09696815573176498, 0.0, 0, 1.0, 1.0, 0] 1
angular/angular.js 4916 4860 [0.0, 0.0, 0, 1.0, 1.0, 0] 1
angular/angular.js 4968 4963 [0.17916519435105496, 0.0, 0, 1.0, 0.0, 0] 1
angular/angular.js 6876 6065 [0.2278061210107476, 0.05543612243434311, 0.7127659574468085, 1.0, 0.0, -1] 1
angular/angular.js 2399 2357 [0.6721201407079753, 0.014407447678248073, 0, 0.1, 1.0, 0] 1
angular/angular.js 4658 4615 [0.5823223325807088, 0.0, 0, 1.0, 1.0, 0] 1
angular/angular.js 6807 6801 [0.7179004620465436, 0.48621246660982337, 0.21621621621621623, 1.0, 1.0, 1] 1
angular/angular.js 4630 4512 [0.0, 0.8303102964375453, 1.0, 1.0, 1.0, 0] 1
angular/angular.js 11973 11097 [0.42957182354854984, 0.1950128091760729, 1.0, 0.5, 0.0, 0] 1
angular/angular.js 13942 13941 [0.4427377978169502, 0.44881260508435594, 0, 0.5, 1.0, 1] 1
angular/angular.js 3198 2773 [0.6208016100353865, 0.1822074690211456, 0.06, 0.5, 1.0, 0] 1
angular/angular.js 11028 9964 [0.5193417985157431, 0.29262365694975273, 1.0, 0.5, 0.6666666666666666, 0] 1
angular/angular.js 8034 8032 [0.23099756297774654, 0.02721456309740552, 0.18214285714285713, 1.0, 1.0, 0] 1
angular/angular.js 4924 4854 [0.0, 0.0, 0, 1.0, 1.0, 0] 1
angular/angular.js 4300 3898 [0.11921265068186282, 0.17109984144883653, 0.1, 1.0, 0.56, 0] 1
angular/angular.js 1514 1045 [0.12986675371789785, 0.17059248051994594, 0.06444906444906445, 1.0, 0.0, 0] 1
angular/angular.js 11790 11443 [0.0, 0.026430264480251566, 0.024242424242424242, 0.4, 0.0, 0] 1
angular/angular.js 4833 4337 [0.0, 0.12882781745447064, 0.03333333333333333, 0.25, 0.0, 0] 1
angular/angular.js 8108 7902 [0.2376226878405904, 0.13489345265248032, 0.12669683257918551, 1.0, 1.0, 0] 1
angular/angular.js 2357 2199 [0.22410634331979248, 0.48555651702562175, 0, 1.0, 1.0, 0] 1
angular/angular.js 4308 3848 [0.6418885809793488, 0.25083258060956043, 0.03308270676691729, 1.0, 0.7020408163265306, -1] 1
angular/angular.js 3958 3898 [0.08245119344565927, 0.35705319298772575, 0.1, 1.0, 0.56, 0] 1
angular/angular.js 8205 7968 [0.3084266518227797, 0.12213038269027736, 0.3, 0.5, 0.0, 0] 1
angular/angular.js 4642 4615 [0.5857999619862061, 0.0, 0, 1.0, 1.0, 0] 1
angular/angular.js 10335 10330 [0.1567130057095309, 0.08053942446399631, 0, 1.0, 0.4423076923076923, 0] 1
angular/angular.js 4665 4615 [0.630436314927948, 0.0, 0, 1.0, 1.0, 0] 1
angular/angular.js 5019 4067 [0.4639026030657698, 0.026999573245372926, 0, 0.0, 0.0, 0] 1
angular/angular.js 4292 3898 [0.33588317980205673, 0.0, 0.1, 1.0, 0.56, 0] 1
angular/angular.js 7846 5063 [0.562541813412542, 0.24628456699250575, 0.32727272727272727, 1.0, 0.25, 0] 1
angular/angular.js 10711 10327 [0.2688640964393893, 0.005318993253438703, 1.0, 0.5, 1.0, 0] 1
angular/angular.js 12110 9791 [0.0, 0.0, 0.0, 1.0, 0.42424242424242425, 0] 1
angular/angular.js 3785 3761 [0.0, 0.0, 0, 1.0, 1.0, 0] 1
angular/angular.js 3010 2522 [0.0, 0.02363535947512923, 0.2315270935960591, 0.5, 0.5241935483870968, 0] 1
angular/angular.js 6885 6046 [0.13929782395177973, 0.0, 0, 1.0, 1.0, 0] 1
angular/angular.js 10585 5072 [0.4174699488978433, 0.0869657677523544, 0.17902813299232737, 1.0, 0.7652173913043478, 0] 1
angular/angular.js 10485 10476 [0.9436207317644313, 0.0, 1.0, 1.0, 1.0, 0] 1
angular/angular.js 9763 9321 [0.2073575012469963, 0.11770021931243142, 0.0, 0.25, 0.0, 0] 1
angular/angular.js 4532 4410 [0.32588063650814497, 0.0, 0, 1.0, 1.0, 0] 1
angular/angular.js 1616 1544 [0.0, 0.0, 0.2, 0.05263157894736842, 0.7931034482758621, 0] 1
angular/angular.js 3452 2981 [0.1440717493363975, 0.1361221168375144, 0.2247191011235955, 1.0, 0.08620689655172414, 0] 1
angular/angular.js 4356 3898 [0.5444639165455211, 0.16779343069316058, 0.1, 1.0, 1.0, 0] 1
angular/angular.js 11593 11579 [0.5902324311688025, 0.0, 0.3064516129032258, 1.0, 1.0, 0] 1
angular/angular.js 13014 9791 [0.14489977103868107, 0.0, 0.0, 1.0, 0.42424242424242425, 0] 1
angular/angular.js 10477 10443 [0.19563706301554068, 0.05646508556159042, 0.07407407407407407, 0.5, 1.0, 0] 1
angular/angular.js 14488 14085 [0.5205585095768498, 0.3233850089344851, 1.0, 0.5, 1.0, 1] 1
angular/angular.js 7947 7868 [0.2085719464170007, 0.0, 0.16666666666666666, 0.07142857142857142, 1.0, 0] 1
angular/angular.js 4193 3927 [0.0, 0.0026104457137711007, 0.050314465408805034, 1.0, 0.0440251572327044, -1] 1
angular/angular.js 15535 15524 [0.6957953165363343, 0.09610078059078679, 0, 0, 0.0, 0] 1
angular/angular.js 15110 15106 [0.0867209071510242, 0.6403597077024848, 0.0, 0.6666666666666666, 0.9620253164556962, 0] 1
angular/angular.js 11938 11937 [0.6005201776938585, 0.46293779404543095, 1.0, 1.0, 1.0, 0] 1
angular/angular.js 7999 5903 [0.6592676084044645, 0.25329811546546116, 0.2597402597402597, 0.25, 0.8947368421052632, 0] 1
angular/angular.js 7582 5674 [0.0, 0.11924503708219164, 0.031746031746031744, 0.5, 0.3114754098360656, 0] 1
angular/angular.js 4646 4512 [0.6428521002253713, 0.18119407678567012, 1.0, 1.0, 1.0, 0] 1
angular/angular.js 11017 9854 [0.9064926246793983, 0.3203975807007677, 0, 0.0, 0.0, 1] 1
angular/angular.js 8516 8512 [0.662858414368527, 0.49936375466448457, 0.19230769230769232, 1.0, 0.8409090909090909, 1] 1
angular/angular.js 11359 10985 [0.8240680903250258, 0.5654830696817922, 0.1111111111111111, 1.0, 0.7741935483870968, 0] 1
angular/angular.js 2273 1084 [0.9314418796631797, 0.5849772859276886, 0.9209039548022598, 1.0, 1.0, 0] 1
mozilla-b2g/gaia 1171 1170 [0.2487626612082405, 0.27228907314934503, 0, 1.0, 0.4375, 0] 1
mozilla-b2g/gaia 6795 6603 [0.3426603650186016, 0.0, 0, 1.0, 1.0, 1] 1
mozilla-b2g/gaia 13332 13292 [0.0008937378484340604, 0.0, 0.0, 0.04, 1.0, 0] 1
mozilla-b2g/gaia 9488 9457 [0.0006497250002510293, 0.09596752070211872, 1.0, 0.5, 1.0, 0] 1
mozilla-b2g/gaia 9428 9349 [0.7990263299492443, 0.12412973158934695, 1.0, 1.0, 1.0, 1] 1
mozilla-b2g/gaia 22947 22749 [0.6752915219851127, 0.0, 0.10588235294117647, 0.07142857142857142, 1.0, 1] 1
mozilla-b2g/gaia 18033 18000 [0.4617357001639517, 0.5957789459683369, 1.0, 1.0, 1.0, 1] 1
mozilla-b2g/gaia 2459 2420 [0.0, 0.0, 0, 0.0, 0.0, 0] 1
mozilla-b2g/gaia 5772 5638 [0.0012996017762043912, 0.0, 0.0, 0.2857142857142857, 0.0038098140810728437, 0] 1
mozilla-b2g/gaia 12565 12520 [0.17717219399264286, 0.19651430078403898, 0.07692307692307693, 1.0, 1.0, 0] 1
mozilla-b2g/gaia 10547 8726 [0.0, 0.0, 0.0, 1.0, 1.0, 1] 1
mozilla-b2g/gaia 8383 8363 [0.2383703144505575, 0.0, 0.09090909090909091, 0.3333333333333333, 0.0, 1] 1
mozilla-b2g/gaia 9768 9467 [0.0, 0.0, 0.0, 0.16666666666666666, 0.4186046511627907, 0] 1
mozilla-b2g/gaia 17425 17408 [0.0, 0.0, 0, 0.5, 1.0, 0] 1
mozilla-b2g/gaia 21450 21295 [0.0, 0.0, 0.96875, 0.6666666666666666, 1.0, 0] 1
mozilla-b2g/gaia 1010 1004 [0.0, 0.0, 0.0, 0.02564102564102564, 1.0, 0] 1
mozilla-b2g/gaia 21295 20806 [0.26069906509614515, 0.0, 0.5581395348837209, 0.5, 1.0, 0] 1
mozilla-b2g/gaia 6471 6466 [0.0008500141566983643, 0.0, 0.5, 0.5, 1.0, 0] 1
mozilla-b2g/gaia 10228 10180 [0.17495544576013483, 0.2933768941024093, 0.08, 0.5, 0.37037037037037035, 1] 1
mozilla-b2g/gaia 15218 15022 [0.062061942693665995, 0.0, 0, 1.0, 1.0, 0] 1
mozilla-b2g/gaia 11048 11032 [0.000388991159145699, 0.0, 0.29444444444444445, 1.0, 0.38235294117647056, 0] 1
mozilla-b2g/gaia 3627 3600 [0.4354731959792046, 0.1229889208546824, 0.02, 0.3333333333333333, 0.6521739130434783, 0] 1
mozilla-b2g/gaia 16480 16475 [0.28737383179132187, 0.0, 0, 1.0, 1.0, 1] 1
mozilla-b2g/gaia 14246 14107 [0.0007308433353016919, 0.05700767273715017, 0, 1.0, 1.0, 0] 1
mozilla-b2g/gaia 28433 28349 [0.2857599288269952, 0.0, 0, 0.3333333333333333, 1.0, 1] 1
mozilla-b2g/gaia 7010 6996 [0.0005188263757247027, 0.0, 0.01560758082497213, 0.375, 0.22297297297297297, 0] 1
mozilla-b2g/gaia 21899 21887 [0.4828076780887733, 0.0, 0.96, 1.0, 1.0, 1] 1
mozilla-b2g/gaia 27959 27781 [0.39095985293230934, 0.0, 0.06037924151696607, 0.16666666666666666, 0.20259128386336867, 1] 1
mozilla-b2g/gaia 12134 11062 [0.35565426281213425, 0.33875289526022956, 0.11666666666666667, 1.0, 1.0, 1] 1
mozilla-b2g/gaia 17136 16651 [0.2923590775165736, 0.0, 0.06770833333333333, 0.4, 0.46218487394957986, 1] 1
mozilla-b2g/gaia 13480 12010 [0.6591992634031363, 0.0, 0.21153846153846154, 0.2857142857142857, 0.7567567567567568, 1] 1
mozilla-b2g/gaia 10373 10253 [0.0009171914432156279, 0.058897788824437816, 0, 0, 0.0, 0] 1
mozilla-b2g/gaia 27829 27430 [0.26849761168452996, 0.0, 0.3728813559322034, 1.0, 0.8, 0] 1
mozilla-b2g/gaia 13342 12014 [0.5826354584708445, 0.0, 0.02834008097165992, 0.2727272727272727, 0.5926773455377574, 1] 1
mozilla-b2g/gaia 23790 23101 [0.5905470803337808, 0.0, 0, 0.3333333333333333, 1.0, 1] 1
mozilla-b2g/gaia 24321 24292 [0.7356750065225037, 0.0, 0.1375, 0.5, 0.8275862068965517, 1] 1
mozilla-b2g/gaia 10980 10738 [0.6772422724172358, 0.027086433845557863, 0.6231884057971014, 0.8235294117647058, 0.9189046866771985, 1] 1
mozilla-b2g/gaia 7669 7587 [1.0, 0.2164072190948415, 0.08904109589041095, 1.0, 0.7758620689655172, 1] 1
kubernetes/kubernetes 661 657 [0.0, 0.19557622167810762, 0.019230769230769232, 0.5, 0.8620689655172413, 0] 1
kubernetes/kubernetes 2716 2694 [0.3908960975503063, 0.20890520317478123, 0.0, 1.0, 1.0, 0] 1
kubernetes/kubernetes 17024 14548 [0.43726816131567814, 0.14204729197572333, 0, 0.0, 0.0, 1] 1
kubernetes/kubernetes 45263 43027 [0.40681895974408006, 0.4936110256600363, 0.028985507246376812, 0.1111111111111111, 0.9774436090225563, 0] 1
kubernetes/kubernetes 41036 41006 [0.5697317771571234, 0.16015259046017635, 0.0, 1.0, 0.4117647058823529, 0] 1
kubernetes/kubernetes 56 52 [0.0, 0.0, 0, 1.0, 1.0, 0] 1
kubernetes/kubernetes 35745 32790 [0.5843602944169759, 0.5004850256678248, 0.6363636363636364, 0.5, 1.0, 0] 1
kubernetes/kubernetes 8639 7439 [0.021092692261294586, 0.05258163209794864, 0, 0.0, 0.0, 1] 1
kubernetes/kubernetes 61 52 [0.0, 0.0, 0, 1.0, 1.0, 0] 1
kubernetes/kubernetes 19759 15998 [0.18728062506289161, 0.02507560558181983, 0, 0.16666666666666666, 0.7058823529411765, 0] 1
kubernetes/kubernetes 30993 28284 [0.9100668891503095, 0.7642027354530968, 0, 0.26666666666666666, 1.0, 0] 1
kubernetes/kubernetes 10895 10784 [0.6768361098462445, 0.13685462841672527, 0.13059701492537312, 0.125, 1.0, 1] 1
kubernetes/kubernetes 10232 9264 [0.804179324376043, 0.0, 0.14923857868020304, 0.1, 1.0, 0] 1
kubernetes/kubernetes 31372 31361 [0.0, 0.8552751535033974, 1.0, 0.5, 1.0, -1] 1
kubernetes/kubernetes 21531 21357 [0.8646021341058502, 0.35708135367277, 0.0, 1.0, 1.0, 0] 1
kubernetes/kubernetes 33276 32120 [0.0, 0.7236505471661309, 0.000998003992015968, 1.0, 0.0, 0] 1
kubernetes/kubernetes 54 52 [0.0, 0.0, 0, 1.0, 1.0, 0] 1
kubernetes/kubernetes 30772 30771 [0.0, 0.7911613262597212, 0.0, 0.5, 0.4888888888888889, -1] 1
kubernetes/kubernetes 28037 28026 [0.0, 0.0, 0.25, 1.0, 0.6666666666666666, 0] 1
kubernetes/kubernetes 3916 3915 [0.20124952245931746, 0.0, 0.0, 0.5, 0.3888888888888889, 0] 1
kubernetes/kubernetes 44344 43215 [0.0, 0.0, 0.0, 0.038461538461538464, 0.0, 0] 1
kubernetes/kubernetes 40322 39503 [0.0, 0.20631565630322363, 0.38461538461538464, 0.5, 1.0, 0] 1
kubernetes/kubernetes 45455 40210 [0.0, 0.11874075548680467, 0.0, 1.0, 0.6666666666666666, 0] 1
kubernetes/kubernetes 36168 36163 [0.0, 0.9243990796948304, 0.044444444444444446, 0.05555555555555555, 0.0, 0] 1
kubernetes/kubernetes 46923 46913 [0.0, 0.9564366754434372, 0, 0.16666666666666666, 0.0, -1] 1
kubernetes/kubernetes 1211 1210 [0.0, 0.02107682279861994, 0.41228070175438597, 1.0, 1.0, 0] 1
kubernetes/kubernetes 13322 13144 [0.023396344408018844, 0.2865882088511565, 0.1, 0.08695652173913043, 0.8430379746835444, 0] 1
kubernetes/kubernetes 21786 21601 [0.0, 0.05396471517399567, 0, 0.993805918788713, 0.9925925925925926, 0] 1
kubernetes/kubernetes 4065 4056 [0.4635055676380569, 0.0, 0, 0, 0.0, 0] 1
kubernetes/kubernetes 47455 47074 [0.0, 0.16918013955400632, 0, 1.0, 1.0, 0] 1
kubernetes/kubernetes 24783 24549 [0.0, 0.03731383628353792, 0.0, 1.0, 0.4838709677419355, 0] 1
kubernetes/kubernetes 7503 7456 [0.14365028813466293, 0.15006152937748274, 0.0, 0.5, 0.375, -1] 1
kubernetes/kubernetes 47322 46193 [0.0, 0.025296942115487737, 0, 0.09090909090909091, 0.5185185185185185, 0] 1
kubernetes/kubernetes 28996 28978 [0.0, 0.1933051219896816, 0.0, 1.0, 1.0, 0] 1
kubernetes/kubernetes 42529 42138 [0.0, 0.253762036015614, 0, 0.0, 0.0, 0] 1
kubernetes/kubernetes 37269 275 [0.0, 0.0, 0, 0.0, 0.0, 0] 1
kubernetes/kubernetes 45273 44727 [0.0, 0.096799202781545, 0.75, 1.0, 0.0, 0] 1
kubernetes/kubernetes 34502 32109 [0.0, 0.23940605782202753, 0.3, 0.01282051282051282, 1.0, 0] 1
kubernetes/kubernetes 20810 19559 [0.0, 0.013006850667602253, 0.0, 0.2, 0.0, -1] 1
kubernetes/kubernetes 41210 41106 [0.0, 0.08548785667360519, 0.0, 0.2222222222222222, 0.825, 0] 1
kubernetes/kubernetes 26066 26059 [0.5006088185559582, 0.020845757805727977, 0, 0.0, 0.0, 0] 1
kubernetes/kubernetes 5741 5735 [0.047002083538639175, 0.0, 0, 0.5, 0.0, 0] 1
kubernetes/kubernetes 38751 38370 [0.0, 0.0831755924944409, 1.0, 1.0, 1.0, 0] 1
kubernetes/kubernetes 10883 10819 [0.0, 0.0, 1.0, 0.5, 0.3493975903614458, 0] 1
kubernetes/kubernetes 38296 38285 [0.0, 0.0791892687641315, 0.030303030303030304, 0.1111111111111111, 0.0, 0] 1
kubernetes/kubernetes 25591 24509 [0.0, 0.04878438141646094, 0.25, 0.045454545454545456, 1.0, 0] 1
kubernetes/kubernetes 9966 9854 [0.0, 0.13012450374821816, 0.25757575757575757, 1.0, 0.44660194174757284, 0] 1
kubernetes/kubernetes 44496 39342 [0.7604345712547848, 0.7013083493957843, 0, 0.0, 0.0, 1] 1
kubernetes/kubernetes 18449 13838 [0.0, 0.0523134858293961, 0, 0.0, 0.0, 0] 1
kubernetes/kubernetes 46927 46784 [0.0, 0.057226141248138164, 0, 0.0, 0.0, 0] 1
kubernetes/kubernetes 12111 11679 [0.0, 0.0, 0, 0.0, 0.0, 0] 1
kubernetes/kubernetes 42883 42630 [0.0, 0.009243005127912006, 0.0, 0.2, 0.4, 0] 1
kubernetes/kubernetes 451 356 [0.0, 0.0820392655338492, 0, 0.0, 0.0, 0] 1
kubernetes/kubernetes 5775 5714 [0.0, 0.0966326606248015, 0.0, 0.1111111111111111, 0.32065217391304346, -1] 1
kubernetes/kubernetes 38789 33757 [0.0, 0.03979822859698453, 0.14285714285714285, 0.047619047619047616, 0.3191489361702128, 0] 1
kubernetes/kubernetes 11113 11085 [0.0, 0.0, 0.13043478260869565, 0.00423728813559322, 0.5416666666666666, 0] 1
kubernetes/kubernetes 29226 29204 [0.0, 0.0, 0.20079522862823063, 0.75, 0.4692737430167598, 0] 1
kubernetes/kubernetes 33683 33675 [0.564819080412924, 0.8009474745668554, 0, 0.9714285714285714, 1.0, 0] 1
kubernetes/kubernetes 40550 39903 [0.0, 0.0, 0.0, 0.07692307692307693, 0.0, -1] 1
kubernetes/kubernetes 11450 11364 [0.0, 0.10795560578285074, 0, 0.05, 0.0, 0] 1
kubernetes/kubernetes 40901 40193 [0.0, 0.034643408714314906, 0.0, 1.0, 0.0, -1] 1
kubernetes/kubernetes 36673 36425 [0.0, 0.4269535712623575, 0.012285012285012284, 0.005257623554153523, 0.5574018126888217, 0] 1
kubernetes/kubernetes 39883 38317 [0.0, 0.12085236501472321, 0.5567010309278351, 0.23529411764705882, 0.6114649681528662, 0] 1
kubernetes/kubernetes 11322 11317 [0.0, 0.0, 0.031055900621118012, 0.2, 0.0, 0] 1
kubernetes/kubernetes 15401 15224 [0.0, 0.022053318093874247, 0.0, 0.03333333333333333, 0.6101694915254238, 0] 1
kubernetes/kubernetes 46953 46909 [0.0, 0.2732151238701929, 0.22857142857142856, 0.5, 0.358974358974359, 1] 1
kubernetes/kubernetes 41480 41478 [0.0, 0.0, 0, 0.0, 0.0, 0] 1
kubernetes/kubernetes 33964 30787 [0.1444049956619513, 0.2241128412675808, 0.010135135135135136, 0.038461538461538464, 0.551594746716698, -1] 1
kubernetes/kubernetes 42113 42049 [0.016512607212609658, 0.13760021416232923, 0, 0.08333333333333333, 0.9692307692307692, 0] 1
kubernetes/kubernetes 15339 15004 [0.11985061397632217, 0.0, 0, 0.0, 0.0, 0] 1
kubernetes/kubernetes 30147 30137 [0.06009675464726631, 0.05956757219865841, 0.4222222222222222, 0.5, 1.0, 1] 1
kubernetes/kubernetes 14472 14448 [0.0, 0.0, 0.125, 1.0, 0.0, 0] 1
kubernetes/kubernetes 7142 6847 [0.15239370148402612, 0.0, 0.2222222222222222, 1.0, 0.5526315789473685, 0] 1
kubernetes/kubernetes 6949 6938 [0.0, 0.029836409185100388, 0, 0.0, 0.0, 0] 1
kubernetes/kubernetes 32311 32268 [0.6434597686977089, 0.6819053924750601, 1.0, 1.0, 1.0, 1] 1
kubernetes/kubernetes 7021 6886 [0.06365463938548495, 0.3890728425684949, 0.0, 0.5, 0.46875, 0] 1
kubernetes/kubernetes 25888 24861 [0.0, 0.03887675830587899, 0.0659025787965616, 0.2727272727272727, 0.0, -1] 1
kubernetes/kubernetes 45804 45768 [0.0, 0.0, 0, 0.0, 0.0, 0] 1
kubernetes/kubernetes 18073 17769 [0.06559445134732501, 0.0, 0.0, 1.0, 0.0, 0] 1
kubernetes/kubernetes 37347 37332 [0.060739446372997906, 0.43461060204872226, 0.5555555555555556, 1.0, 1.0, 1] 1
kubernetes/kubernetes 25996 25634 [0.18032841167514072, 0.10110305128883361, 0.8489208633093526, 0.03260869565217391, 0.9608938547486033, -1] 1
kubernetes/kubernetes 6614 6239 [0.23204222397341864, 0.17701809922337844, 0.18181818181818182, 0.16666666666666666, 0.5238095238095238, 0] 1
kubernetes/kubernetes 25688 25326 [0.1416192188626344, 0.13352246356306124, 0.0, 0.375, 0.6124197002141327, 0] 1
kubernetes/kubernetes 22501 21535 [0.07812730549634622, 0.0, 0.17511520737327188, 0.2727272727272727, 0.6, -1] 1
kubernetes/kubernetes 44288 40234 [0.0, 0.47716182910333343, 0.0784313725490196, 0.09090909090909091, 0.2777777777777778, -1] 1
kubernetes/kubernetes 45065 45034 [0.122013138127033, 0.024673022749092503, 0.05, 0.42857142857142855, 0.5977011494252874, 0] 1
kubernetes/kubernetes 24881 24201 [0.25891513865674287, 0.28950869979413024, 0.12790697674418605, 0.75, 0.3939393939393939, 0] 1
kubernetes/kubernetes 44313 44312 [0.15001522127243108, 0.17657347244231966, 0, 0.0, 0.0, 1] 1
kubernetes/kubernetes 13758 13738 [0.08098199502375167, 0.0482802382614449, 0.3333333333333333, 1.0, 0.8627450980392157, 1] 1
kubernetes/kubernetes 7679 7615 [0.11053639761139758, 0.0, 0.025096525096525095, 0.06153846153846154, 0.2261682242990654, 0] 1
kubernetes/kubernetes 29150 25524 [0.173558356897602, 0.3064107989696636, 0.0, 0.1111111111111111, 0.0, 0] 1
kubernetes/kubernetes 33101 33099 [0.0, 0.6999869460985354, 0, 0.0, 0.0, 1] 1
kubernetes/kubernetes 13628 13616 [0.5755599474017183, 0.006262320701979136, 0, 0.0, 0.0, 1] 1
kubernetes/kubernetes 35320 33616 [0.17790364958752375, 0.3522564815820638, 0.014423076923076924, 0.09090909090909091, 0.16216216216216217, -1] 1
kubernetes/kubernetes 30884 30802 [0.0, 0.43919745322764164, 0, 0.0, 0.0, 0] 1
kubernetes/kubernetes 10440 7053 [0.4782279633982515, 0.003009082717455697, 0.16101694915254236, 0.10975609756097561, 0.421195652173913, 0] 1
kubernetes/kubernetes 23043 22845 [0.1871811831516041, 0.5406599065400578, 0.0, 0.5, 1.0, 0] 1
kubernetes/kubernetes 35609 35556 [0.16706761514143773, 0.5361718983525238, 0.0, 0.0017761989342806395, 1.0, 0] 1
kubernetes/kubernetes 3200 3199 [0.2565653477116961, 0.0, 0.8333333333333334, 0.2727272727272727, 0.7741935483870968, 0] 1
kubernetes/kubernetes 40421 40400 [0.29006884679503586, 0.22301054607037227, 0, 0.14285714285714285, 0.72, 1] 1
kubernetes/kubernetes 21130 20665 [0.18043380783008403, 0.31762534086752925, 0, 0.13333333333333333, 1.0, 1] 1
kubernetes/kubernetes 44839 44583 [0.24113788603136388, 0.04888973066992565, 0.0, 0.07692307692307693, 0.5909090909090909, 0] 1
kubernetes/kubernetes 10609 10453 [0.18851064272976098, 0.0, 0, 0.5, 1.0, -1] 1
kubernetes/kubernetes 15043 14871 [0.5009006319872731, 0.0, 0.07317073170731707, 0.25, 0.5579710144927537, 0] 1
kubernetes/kubernetes 6976 5012 [0.0, 0.05027296495860924, 1.0, 0.043478260869565216, 1.0, 0] 1
kubernetes/kubernetes 14675 14564 [0.08381112948640874, 0.0, 0, 0.0, 0.0, 0] 1
kubernetes/kubernetes 46478 46383 [0.01919086688630934, 0.1649008018966016, 0.0, 0.5, 0.54, 0] 1
kubernetes/kubernetes 44838 44583 [0.27802413159106376, 0.1058546783099668, 0.0, 0.07692307692307693, 1.0, 0] 1
kubernetes/kubernetes 44727 44463 [0.0, 0.15050487065404383, 0, 0.0, 0.0, 0] 1
kubernetes/kubernetes 34246 34083 [0.27960715592295166, 0.44702456190179046, 0.0, 0.03571428571428571, 0.4857142857142857, 1] 1
kubernetes/kubernetes 25512 22737 [0.6095366639553177, 0.2565702413195316, 0.045454545454545456, 0.2, 0.5471698113207547, 0] 1
kubernetes/kubernetes 26097 25973 [0.0160665062471868, 0.0, 0.10810810810810811, 1.0, 0.6296296296296297, 0] 1
kubernetes/kubernetes 29995 29447 [0.23019234554113954, 0.059454701061377555, 0.5623501199040767, 1.0, 0.9030226700251889, 0] 1
kubernetes/kubernetes 5466 5022 [0.00715995222406281, 0.018488746638742695, 0.012195121951219513, 0.3333333333333333, 0.48214285714285715, -1] 1
kubernetes/kubernetes 16283 14493 [0.21208208752606053, 0.25648041103260455, 0.13821138211382114, 1.0, 0.5081967213114754, 0] 1
kubernetes/kubernetes 41761 41756 [0.0, 0.007701670149489783, 0, 1.0, 0.52, 0] 1
kubernetes/kubernetes 5784 5775 [0.0, 0.0, 0.0, 0.3, 0.4564459930313589, -1] 1
kubernetes/kubernetes 31287 31282 [0.21110769124075474, 0.5505301820717727, 0.0, 0.25, 0.0, 0] 1
kubernetes/kubernetes 24556 24537 [0.04563595340999143, 0.6801555408355571, 0.0625, 1.0, 0.5407725321888412, 1] 1
kubernetes/kubernetes 14229 14213 [0.051351139846042435, 0.0, 1.0, 0.5, 1.0, 0] 1
kubernetes/kubernetes 21532 21357 [0.21666927295472468, 0.07571466621850913, 0.0, 1.0, 1.0, 0] 1
kubernetes/kubernetes 2412 2397 [0.2687171431096777, 0.0, 0.8543307086614174, 0.8888888888888888, 0.9820051413881749, 0] 1
kubernetes/kubernetes 4393 4390 [0.0, 0.10216320767277584, 0, 1.0, 1.0, 0] 1
kubernetes/kubernetes 8931 8743 [0.4558078092206433, 0.23357497646659417, 0, 0.0, 0.0, 1] 1
kubernetes/kubernetes 39342 39293 [0.0, 0.016951411489073646, 1.0, 0.001349527665317139, 1.0, -1] 1
kubernetes/kubernetes 10746 10512 [0.2919143032090121, 0.17857929870615852, 0.14634146341463414, 1.0, 0.0, 0] 1
kubernetes/kubernetes 5763 5233 [0.3660552519284672, 0.030742477238298573, 0.03349282296650718, 0.057692307692307696, 0.3672566371681416, 1] 1
kubernetes/kubernetes 41546 41427 [0.0, 0.008340377967510287, 0.9109620195587901, 0.5632754342431762, 0.8156795930120945, 0] 1
kubernetes/kubernetes 17264 17195 [0.0, 0.054023494690271144, 0.023529411764705882, 0.1111111111111111, 0.7471526195899773, -1] 1
kubernetes/kubernetes 9838 9730 [0.32234049428942935, 0.058682699683395116, 0, 1.0, 0.6956521739130435, 0] 1
kubernetes/kubernetes 38546 1932 [0.03514877001465143, 0.0, 0, 0.0, 0.0, 0] 1
kubernetes/kubernetes 28966 25342 [0.20710166003392896, 0.13238471448562694, 0.11790393013100436, 0.5, 0.7338403041825095, 0] 1
kubernetes/kubernetes 32064 32049 [0.6395521169495147, 0.5665787151443408, 0, 1.0, 1.0, 0] 1
kubernetes/kubernetes 40379 40378 [0.0, 0.0, 0.0, 1.0, 0.0, 0] 1
kubernetes/kubernetes 36597 36294 [0.12666890569364578, 0.7532859222467934, 0.1875, 0.5, 0.25, 0] 1
kubernetes/kubernetes 11475 11474 [0.020017526469161634, 0.0, 1.0, 1.0, 1.0, 0] 1
kubernetes/kubernetes 36434 32811 [0.7799443899691626, 0.887140983662897, 0.867816091954023, 0.75, 0.5473684210526316, 1] 1
kubernetes/kubernetes 41942 37571 [0.3949915242326804, 0.28244896333661745, 0, 0.0, 0.0, -1] 1
kubernetes/kubernetes 11219 10234 [0.23177507337442937, 0.07037914384736653, 0, 0.0, 0.0, 1] 1
kubernetes/kubernetes 35835 35817 [0.0, 0.6420826701385043, 0.0, 1.0, 1.0, 0] 1
kubernetes/kubernetes 45920 45918 [0.36409436422109187, 0.11122553324795237, 0.24962406015037594, 0.29545454545454547, 0.6209386281588448, 0] 1
kubernetes/kubernetes 16495 16152 [0.0, 0.3961164463695383, 0.1456953642384106, 0.6666666666666666, 0.8215297450424929, 1] 1
kubernetes/kubernetes 31741 31682 [0.0, 0.745423539703307, 0, 1.0, 1.0, 0] 1
kubernetes/kubernetes 16227 15791 [0.2182754855582699, 0.06033111162250464, 0.060810810810810814, 0.3333333333333333, 0.6828193832599119, 0] 1
kubernetes/kubernetes 20141 19706 [0.11630565573596502, 0.0912944437836076, 0, 1.0, 0, 0] 1
kubernetes/kubernetes 35732 34152 [0.33013900280640185, 0.3821086818312773, 0.013812154696132596, 0.5, 0.0, 0] 1
kubernetes/kubernetes 19932 19807 [0.6425418497185639, 0.0, 0.41917943648047457, 0.2037037037037037, 0.960811756473058, 0] 1
kubernetes/kubernetes 8309 8303 [0.376194518994895, 0.10334926664860096, 0.24444444444444444, 1.0, 1.0, 0] 1
kubernetes/kubernetes 38591 38452 [0.30605738925296827, 0.19814923843304766, 0.03571428571428571, 1.0, 0.28735632183908044, 0] 1
kubernetes/kubernetes 22163 22131 [0.3396138350875144, 0.023032505885136154, 0, 0.0, 0.0, 0] 1
kubernetes/kubernetes 46695 46346 [0.7300760299761339, 0.9442084470564172, 0.17391304347826086, 0.5, 0.0, 0] 1
kubernetes/kubernetes 34811 34144 [0.0, 0.39803815609296994, 0.1398176291793313, 0.1, 0.06931464174454828, 0] 1
kubernetes/kubernetes 14098 14083 [0.44513153323454413, 0.2396816389554643, 0, 1.0, 1.0, 0] 1
kubernetes/kubernetes 17169 17167 [0.46418360751294796, 0.0, 1.0, 1.0, 1.0, 0] 1
kubernetes/kubernetes 13894 12717 [0.0, 0.0, 0.11797752808988764, 0.3333333333333333, 0.8383838383838383, -1] 1
kubernetes/kubernetes 5307 5302 [0.6126646364286222, 0.0, 0, 1.0, 1.0, 0] 1
kubernetes/kubernetes 46666 45575 [0.34657492964626585, 0.328326624789033, 0, 0.0, 0.0, 1] 1
kubernetes/kubernetes 43145 42152 [0.24854223905073036, 0.1668017496124646, 0, 1.0, 0.7142857142857143, 0] 1
kubernetes/kubernetes 5298 5293 [0.4458781653759304, 0.17316072788219772, 0, 1.0, 1.0, 0] 1
kubernetes/kubernetes 42202 41745 [0.15965243557896905, 0.006809822814014622, 0.6599080832657475, 0.78125, 0.8780386453355495, 0] 1
kubernetes/kubernetes 28994 28604 [0.3648514012469232, 0.0, 0.0, 0.13333333333333333, 0.38016528925619836, -1] 1
kubernetes/kubernetes 44500 42007 [0.0, 0.44473682776695334, 0, 0.14285714285714285, 0.8904109589041096, 0] 1
kubernetes/kubernetes 44934 44908 [0.2587629711998863, 0.009871855329084227, 0.46153846153846156, 0.3333333333333333, 0.7083333333333334, 0] 1
kubernetes/kubernetes 4698 4494 [0.04273982286225605, 0.6320490909157628, 0.15555555555555556, 0.3333333333333333, 0.8177570093457944, 1] 1
kubernetes/kubernetes 46307 45649 [0.49584808195154867, 0.05807993682369421, 0.4646017699115044, 1.0, 0.9608938547486033, 0] 1
kubernetes/kubernetes 41959 41663 [0.6057266159040959, 0.493346741483221, 0.014112903225806451, 0.1, 0.2089041095890411, 0] 1
kubernetes/kubernetes 28414 24299 [0.4428253578959109, 0.8156179754632912, 0.11411411411411411, 0.3333333333333333, 0.35, 1] 1
kubernetes/kubernetes 30848 29741 [0.7554657089411068, 0.6446573341837056, 0.6711924439197167, 0.6666666666666666, 0.9808575803981623, 0] 1
kubernetes/kubernetes 273 169 [0.38052310991763616, 0.0, 0.15217391304347827, 0.3333333333333333, 0.75, 0] 1
kubernetes/kubernetes 22110 20384 [0.38209828572621785, 0.16041947648209157, 0.3700787401574803, 0.8571428571428571, 0.99, 0] 1
kubernetes/kubernetes 30654 30476 [0.18961669280175283, 0.5564933530416201, 0.026905829596412557, 1.0, 0.0, 0] 1
kubernetes/kubernetes 15902 15840 [0.4659998524809284, 0.10292926406654009, 0.0, 1.0, 0.0, 0] 1
kubernetes/kubernetes 45463 45263 [0.40681895974408006, 0.22430891184773175, 0.00847457627118644, 0.11764705882352941, 0.8860103626943006, 0] 1
kubernetes/kubernetes 9575 7227 [0.47143007067946696, 0.5895460431075776, 0.25, 0.8571428571428571, 1.0, 0] 1
kubernetes/kubernetes 85 82 [0.07432019747404396, 0.0, 0.5, 1.0, 1.0, 0] 1
kubernetes/kubernetes 46869 46863 [0.46693072231819793, 0.042117371464777745, 0, 0.5, 1.0, 0] 1
kubernetes/kubernetes 18377 18341 [0.6205664338422039, 0.0, 0.0, 0.5, 0.0, 0] 1
kubernetes/kubernetes 34972 29489 [0.39570682904648097, 0.6011663116889918, 0.16666666666666666, 0.5, 0.9029126213592233, 0] 1
kubernetes/kubernetes 37137 35550 [0.5599578672409419, 0.4417828186971704, 0, 0.0, 0.0, 1] 1
kubernetes/kubernetes 3274 3270 [0.2847223058101339, 0.01614754722815122, 0.14285714285714285, 0.38461538461538464, 0.38934426229508196, 0] 1
kubernetes/kubernetes 28294 28251 [0.402019455636485, 0.06438777893842422, 0.0, 0.5, 1.0, 1] 1
kubernetes/kubernetes 44909 44462 [0.02977474363821916, 0.05679454347189908, 0, 0.5, 1.0, -1] 1
kubernetes/kubernetes 40380 40379 [0.03539410349755307, 0.0, 0.0, 1.0, 0.6666666666666666, 0] 1
kubernetes/kubernetes 12980 12895 [0.23703643834485705, 0.48631506694992027, 0.12903225806451613, 0.5, 0.0, 1] 1
kubernetes/kubernetes 28606 28206 [0.17802128569923484, 0.007949479040265718, 0.8333333333333334, 0.25, 0.7307692307692307, 0] 1
kubernetes/kubernetes 43902 43871 [0.5070797459161764, 0.3524576169442851, 0.4511082138200782, 1.0, 0.7850799289520426, 0] 1
kubernetes/kubernetes 13800 13680 [0.40006830102194796, 0.2806197463849962, 0.08300395256916997, 1.0, 0.14225941422594143, 0] 1
kubernetes/kubernetes 3577 3555 [0.44200304634607834, 0.0, 0, 0.0, 0.0, 0] 1
kubernetes/kubernetes 13165 13154 [0.31064756713558894, 0.12159827715708826, 1.0, 1.0, 1.0, 0] 1
kubernetes/kubernetes 41342 41308 [0.5589278601432337, 0.0, 0.2608695652173913, 1.0, 0.5714285714285714, 0] 1
kubernetes/kubernetes 47684 47223 [0.5332735007082058, 0.1477573269770984, 0.0, 1.0, 1.0, 1] 1
kubernetes/kubernetes 19406 19324 [0.5015951233867473, 0.0, 0.0, 1.0, 0.9090909090909091, 0] 1
kubernetes/kubernetes 11284 10824 [0.32842267853378926, 0.07179330037943872, 0.0, 1.0, 1.0, 0] 1
kubernetes/kubernetes 38587 38571 [0.5906393399980394, 0.09051739940545303, 1.0, 1.0, 1.0, 0] 1
kubernetes/kubernetes 20057 19510 [0.5659203835644993, 0.0, 0.09510453850076492, 0.9444444444444444, 0.9620681754537818, 0] 1
kubernetes/kubernetes 44966 44943 [0.656409966459594, 0.3425816324832702, 1.0, 1.0, 1.0, 0] 1
kubernetes/kubernetes 36195 36186 [0.8393461015268172, 0.5862998383561431, 0.9282160625444208, 0.5, 1.0, 0] 1
kubernetes/kubernetes 34424 32408 [0.2719866204321432, 0.601950268258998, 0.0449438202247191, 0.125, 0.7837837837837838, 0] 1
kubernetes/kubernetes 30928 30880 [0.5646720278284996, 0.4655752760924705, 0.40625, 0.75, 1.0, 0] 1
kubernetes/kubernetes 2669 2652 [0.7064270078470041, 0.1993543493615208, 0.0, 1.0, 1.0, 0] 1
kubernetes/kubernetes 29854 29185 [0.5412417065717726, 0.4273884497640052, 0.0, 0.25, 1.0, 0] 1
kubernetes/kubernetes 21365 21361 [0.35538295822908883, 0.0, 0.2222222222222222, 0.5, 0.72, 1] 1
kubernetes/kubernetes 35839 35760 [0.8371908934593257, 0.37754939798566983, 0.290521327014218, 0.4166666666666667, 0.3941908713692946, 1] 1
kubernetes/kubernetes 43666 42717 [0.8547329326072857, 0.2143342439191886, 0.6363636363636364, 0.8529411764705882, 0.8872785829307569, 0] 1
kubernetes/kubernetes 25995 23473 [0.8963967545193757, 0.04601616026599605, 0.034482758620689655, 0.3333333333333333, 0.8813559322033898, 0] 1
kubernetes/kubernetes 6964 6952 [0.7355589836270268, 0.07552406907975545, 0.07142857142857142, 0.25, 0.0, 0] 1
kubernetes/kubernetes 28053 28052 [0.8515295290986487, 0.5173980861069619, 1.0, 1.0, 1.0, 1] 1
kubernetes/kubernetes 46823 46739 [0.8353088239122752, 0.056832376706999074, 0.0, 1.0, 0.8586497890295358, 0] 1
kubernetes/kubernetes 37140 36826 [0.5294420180969587, 0.6422789811209012, 1.0, 0.2, 1.0, 1] 1
kubernetes/kubernetes 19884 19725 [1.0, 0.9538553107667067, 1.0, 1.0, 1.0, 0] 1
kubernetes/kubernetes 44969 43936 [1.0, 0.6191225477817754, 0.47737068965517243, 1.0, 0.8656429942418427, 1] 1
kubernetes/kubernetes 43719 42815 [1.0000000000000002, 0.7657265622012259, 1.0, 0.625, 1.0, -1] 1
kubernetes/kubernetes 39634 39632 [0.762140124269828, 0.6484480795800048, 0.3728813559322034, 1.0, 0.8837209302325582, 1] 1
