dotnet/corefx 3267 3264 [0.4909744828573395, 0.6271626182297897, 0, 0.0, 0.0, 0] 1
dotnet/corefx 6337 6335 [0.48435650700021443, 0.0, 0.0, 0.06666666666666667, 1.0, 0] 1
dotnet/corefx 6202 6181 [0.4819184830679124, 0.5793020021694631, 0, 0.5, 0.47058823529411764, 0] 1
dotnet/corefx 20697 20599 [0.29553512583826164, 0.4575000790755379, 0.346586298829257, 0.84375, 0.8405519356075124, 0] 1
dotnet/corefx 17428 17419 [0.3015463225011235, 0.5719584995132986, 0.32142857142857145, 0.1, 1.0, -1] 1
dotnet/corefx 10460 10450 [0.5726440427636169, 0.6645371435838711, 0, 0.0, 0.0, 0] 1
dotnet/corefx 15044 14939 [0.6594082640240363, 0.41415323455865627, 0, 0.0038819875776397515, 0.6342857142857142, -1] 1
dotnet/corefx 34 32 [0.5201478068907229, 0.6471797043168691, 0.02857142857142857, 0.14285714285714285, 1.0, 0] 1
dotnet/corefx 419 406 [0.3836739467297967, 0.3678753409510106, 0, 0.0, 0.0, 0] 1
dotnet/corefx 7925 7886 [0.5283835633521362, 0.6966761734194524, 0.3333333333333333, 0.1, 1.0, 0] 1
dotnet/corefx 16069 9537 [0.34153747849958704, 0.8266514539625969, 0, 0.0, 0.0, 0] 1
dotnet/corefx 6089 6058 [0.5358327054219739, 0.8854064884572685, 0, 0, 0.0, 0] 1
dotnet/corefx 7627 7610 [0.2475293830505486, 0.33961848568108316, 0, 0.7, 1.0, 0] 1
dotnet/corefx 17151 17137 [0.4266124409089421, 0.8569549955444935, 0.07423580786026202, 0.25, 0.0, 1] 1
dotnet/corefx 2694 2675 [0.5539234522839169, 0.8544888780283469, 0, 0.0, 0.0, 0] 1
dotnet/corefx 4160 4157 [0.517050645170419, 0.7580602056725673, 0.4851063829787234, 0.25, 0.952755905511811, 0] 1
dotnet/corefx 7562 6293 [0.6153930768619985, 0.6746396838987955, 0, 0.09090909090909091, 0.0, 0] 1
dotnet/corefx 16826 16814 [0.6912555782463788, 0.5753400023169741, 1.0, 1.0, 1.0, 0] 1
dotnet/corefx 8741 8740 [0.6631469950752465, 0.0, 0, 1.0, 1.0, 0] 1
dotnet/corefx 14641 14631 [0.6076481863076845, 0.551642700627614, 0.504, 1.0, 0.8921161825726142, 1] 1
dotnet/corefx 441 438 [0.4577412315814034, 0.0, 0.5, 0.21052631578947367, 0.34615384615384615, 0] 1
dotnet/corefx 6585 6194 [0.8356559236099077, 0.7662965644250258, 0.4814356435643564, 0.9, 0.942381562099872, 0] 1
dotnet/corefx 19477 19463 [0.6320787796542136, 0.33593195070021986, 0, 0.0, 0.0, 1] 1
dotnet/corefx 12873 12863 [0.5702048278342609, 0.44573866668891143, 0.10872313527180784, 0.04878048780487805, 0.084375, 0] 1
dotnet/corefx 9560 9557 [0.5724642309462918, 0.6213704058356427, 0.0, 0.005780346820809248, 1.0, 0] 1
dotnet/corefx 3686 3046 [0.5254927502299663, 0.7551223595633317, 0.22972972972972974, 0.4, 0.5116279069767442, 0] 1
dotnet/corefx 5345 5327 [0.6475253584335433, 0.4172457397886521, 0.0, 1.0, 1.0, 0] 1
dotnet/corefx 10718 10715 [0.8129963759633765, 0.0, 0, 0.007352941176470588, 0.8, 0] 1
dotnet/corefx 9113 9112 [0.8965187084891892, 0.5151942274068608, 0, 1.0, 0.999341816586222, 1] 1
dotnet/corefx 9312 9310 [0.9568378704075116, 0.0, 0, 1.0, 1.0, 0] 1
nodejs/node 12878 12875 [0.563690200293851, 0.7021083590004561, 0.16939890710382513, 0.8307692307692308, 0.6856106408706167, 0] 1
nodejs/node 1424 493 [0.4786953378315337, 0.8225859481378871, 0, 0.0, 0.0, 0] 1
nodejs/node 2350 1785 [0.26698547136099887, 0.7015378843530444, 0.0, 0.16666666666666666, 0.7121771217712177, 0] 1
nodejs/node 3701 2253 [0.3049163791203467, 0.7790020670927522, 0, 0.0, 0.0, 0] 1
nodejs/node 12490 12105 [0.4152181228476895, 0.7515657695566912, 0.20454545454545456, 0.0625, 0.9047619047619048, -1] 1
nodejs/node 7185 7160 [0.59468156720351, 0.9343540681880599, 0, 0.0, 0.0, -1] 1
nodejs/node 2727 2726 [0.30313492606175085, 0.8095280154972695, 0, 0.0, 0.0, 1] 1
nodejs/node 2727 2725 [0.32230133099976205, 0.8704829543712629, 0, 0.0, 0.0, 1] 1
nodejs/node 11848 11762 [0.4071748449403248, 0.9887340205728342, 0.0, 0.5, 0.0, 0] 1
nodejs/node 8491 8334 [0.39334230868111286, 0.8744650652063856, 0.01006036217303823, 0.05555555555555555, 0.0, 0] 1
nodejs/node 10339 10239 [0.5468612309800195, 0.9794295924898271, 0.0, 1.0, 0.0, 1] 1
nodejs/node 12231 12230 [0.7809814156374086, 0.8037831051967274, 0, 0.1111111111111111, 0.1625, 0] 1
nodejs/node 2556 2312 [0.3606522888111366, 0.8789388384122041, 0, 0.0, 0.0, 0] 1
nodejs/node 4814 4813 [0.6926434542087364, 0.7528120720879801, 0, 0.9333333333333333, 0.934640522875817, 0] 1
nodejs/node 4265 4254 [0.33485327183921954, 0.8473199972338425, 1.0, 0.3333333333333333, 1.0, 0] 1
nodejs/node 12469 12387 [0.8309723441735521, 0.8634291665954116, 0.2631578947368421, 1.0, 1.0, 0] 1
nodejs/node 7617 7028 [0.7846949648779484, 0.9465144344320805, 0, 0.5, 1.0, 1] 1
nodejs/node 11828 8491 [0.3358646850180132, 0.9443975670394972, 0.5582595870206489, 0.004235907461713913, 0.5685763888888888, 0] 1
nodejs/node 11099 10343 [0.7449160346059329, 0.959329289063081, 0, 0.0, 0.0, 0] 1
nodejs/node 11074 10320 [0.5846577921487499, 0.9273958227522, 0, 0.0, 0.0, 0] 1
nodejs/node 6987 6947 [0.5436194304285271, 0.8189757129192153, 0.0005078720162519045, 1.0, 0.24444444444444444, 0] 1
nodejs/node 3068 3059 [0.4777739632555876, 0.8078920133003619, 0.11678832116788321, 0.5, 0.4536082474226804, 1] 1
nodejs/node 10579 10282 [0.7940335681691038, 0.9597449667935349, 0.0, 0.3333333333333333, 0.0, -1] 1
nodejs/node 5786 5782 [0.5806943362277619, 0.5900427980972683, 0.07174887892376682, 0.3333333333333333, 0.27626459143968873, 1] 1
nodejs/node 6986 6947 [0.6554437152400925, 0.8231469251501368, 0.0005128205128205128, 1.0, 0.022818026240730177, 0] 1
nodejs/node 2262 1936 [0.7883816419719627, 0.5924142466243019, 0.0, 0.5, 0.0, 0] 1
nodejs/node 7616 7311 [0.6424532481774802, 0.9060522912608725, 0.5, 0.037037037037037035, 0.6666666666666666, 0] 1
nodejs/node 11397 11375 [0.6887605016093332, 0.9341832740372952, 0, 0.14285714285714285, 1.0, 0] 1
nodejs/node 11610 8551 [0.5611317661637854, 0.884451870633748, 0, 0.000992063492063492, 0.0, 0] 1
nodejs/node 8016 8010 [0.5461693410218335, 0.971631001229572, 0, 1.0, 0.0, -1] 1
nodejs/node 6937 6206 [0.5816090351381853, 0.9022351210238932, 0.11032863849765258, 0.5, 1.0, 0] 1
nodejs/node 12231 12204 [0.6879403995857818, 0.817000158377645, 0, 0.1111111111111111, 0.37142857142857144, 0] 1
nodejs/node 10937 10525 [0.4881002589252269, 0.9361106571275274, 0, 0.5, 1.0, 0] 1
nodejs/node 539 239 [0.8466193975088877, 0.6663257410939191, 0.12121212121212122, 0.3333333333333333, 1.0, 0] 1
nodejs/node 4585 3823 [0.7566919749540428, 0.696161320600802, 0.03571428571428571, 0.3333333333333333, 0.0, 0] 1
nodejs/node 9335 9334 [0.8532794695393183, 0.9809439559880687, 0, 1.0, 1.0, 0] 1
nodejs/node 3853 3848 [0.5882724094385713, 0.524475071630308, 0.2, 1.0, 1.0, 1] 1
nodejs/node 6531 5056 [0.7126761406681654, 0.803294798684141, 0.01694915254237288, 1.0, 0.7482014388489209, 0] 1
nodejs/node 5690 5689 [0.6590136049087549, 0.9725778152607647, 0, 0.25, 0.5, 1] 1
nodejs/node 10916 10890 [0.6715385679655964, 0.9842941197181131, 0.6511627906976745, 1.0, 0.0, 0] 1
nodejs/node 11310 9351 [0.6951744774871228, 0.6792329654771208, 0.0, 1.0, 0.7644444444444445, 0] 1
nodejs/node 12437 9961 [0.7933957086528769, 0.8173936011381844, 0.06896551724137931, 0.6666666666666666, 0.5233644859813084, 0] 1
nodejs/node 9243 9220 [0.7859805092422768, 0.474430069937256, 0.0, 1.0, 1.0, 0] 1
nodejs/node 7626 7311 [0.48634626673965675, 0.9018116133793702, 1.0, 0.037037037037037035, 1.0, 1] 1
nodejs/node 3813 2205 [0.8247789794606729, 0.6550273873855057, 0, 0.04, 1.0, 0] 1
nodejs/node 561 161 [0.8721117701888813, 0.7979496079216126, 0.3119015047879617, 0.6, 0.6706586826347305, 0] 1
nodejs/node 8263 8231 [0.7244270412365202, 0.8839377818938737, 1.0, 1.0, 1.0, 0] 1
nodejs/node 10753 10734 [0.7071664987140227, 0.9633248593654447, 0.2261904761904762, 1.0, 0.45714285714285713, 0] 1
nodejs/node 9111 8016 [0.5142660572536095, 0.9939993112605996, 0, 1.0, 0.0, 0] 1
nodejs/node 2252 2251 [0.6327473018885151, 0.5405105236789728, 0.2222222222222222, 0.3333333333333333, 1.0, 1] 1
nodejs/node 8717 8505 [0.5527154320011564, 0.9788710011231468, 0.0, 1.0, 0.52, 0] 1
nodejs/node 9233 9184 [0.7879145144762847, 0.7523210921709929, 0.0, 0.25, 1.0, 0] 1
nodejs/node 385 382 [0.4375863453564778, 0.0, 0.5, 1.0, 0.6666666666666666, 0] 1
nodejs/node 5520 5519 [0.8329370209155864, 0.8227936163926632, 0, 1.0, 1.0, 1] 1
nodejs/node 9535 9482 [0.6546538595277533, 0.8238535850940797, 1.0, 1.0, 1.0, 0] 1
nodejs/node 7911 7745 [0.6925324792378794, 0.8870770117572451, 0, 0.0, 0.0, 0] 1
nodejs/node 81 56 [0.7655612190167022, 0.7803743413662719, 0.0, 0.5, 0.0, 0] 1
nodejs/node 3568 3567 [0.6782632531417906, 0.7938222973605322, 0.34375, 0.3333333333333333, 0.0, 1] 1
nodejs/node 8923 3062 [0.6102404370646624, 0.9173507712512324, 0.02127659574468085, 1.0, 1.0, 0] 1
nodejs/node 6537 6536 [0.5722582925696157, 0.9028005391290526, 0.2727272727272727, 0.3157894736842105, 0.8217054263565892, 1] 1
nodejs/node 12777 12316 [0.41115274115336464, 0.9383825657117163, 0, 0, 0.0, 0] 1
nodejs/node 7634 7590 [0.5754286507695963, 0.9921086747171564, 0.0, 0.0001467782181124321, 1.0, 0] 1
nodejs/node 5020 4975 [0.6512523261006603, 0.8430836643278836, 0.0, 0.03225806451612903, 0.18815331010452963, 0] 1
nodejs/node 3774 3722 [0.6682127948320504, 0.6859588303612987, 0.0, 0.6666666666666666, 0.8089887640449438, 0] 1
nodejs/node 6044 5722 [0.8558512730125225, 0.8107100070208939, 0.03680981595092025, 0.25, 0.43564356435643564, -1] 1
nodejs/node 489 482 [0.8398480293200329, 0.7858517086937984, 0.07142857142857142, 0.3333333333333333, 1.0, 1] 1
nodejs/node 5783 5544 [0.6805363802578094, 0.8825194322807853, 0, 0.5, 1.0, 0] 1
nodejs/node 7465 5458 [0.5179306911080763, 0.8756407728442441, 0.0, 0.5, 0.9147286821705426, 0] 1
nodejs/node 4124 3511 [0.450870095949173, 0.9081827881479615, 0.16624365482233502, 0.8, 0.5412844036697247, 1] 1
nodejs/node 6982 6947 [0.6764957090130793, 0.8255340047694947, 0.0, 1.0, 0.02167712492869367, 0] 1
nodejs/node 5251 4277 [0.7120827357775875, 0.8141528008951412, 0.10256410256410256, 0.05263157894736842, 0.4827586206896552, 0] 1
nodejs/node 11278 10423 [0.7509518937820232, 0.9030098343334114, 0, 0.0, 0.0, 0] 1
nodejs/node 13650 13570 [0.742200915965937, 0.9185078604089186, 0.0234375, 1.0, 0.0, 1] 1
nodejs/node 8697 8549 [0.8179372515197714, 0.900006185713227, 0.0, 0.5, 0.42105263157894735, 0] 1
nodejs/node 12590 12544 [0.8274357886394098, 0.9775595120950545, 0.11077844311377245, 1.0, 1.0, 0] 1
nodejs/node 8957 8953 [0.5543730103441734, 0.3838573015638063, 1.0, 1.0, 1.0, 0] 1
nodejs/node 601 533 [0.6195871967877109, 0.7873865501006141, 0.11711711711711711, 0.5, 0.617948717948718, 0] 1
nodejs/node 5316 5306 [0.8131226404011832, 0.8058564775528085, 0, 1.0, 1.0, 0] 1
nodejs/node 11533 9352 [0.7544478865992191, 0.7642438749768988, 0, 1.0, 0.8280616382806164, 0] 1
nodejs/node 11599 7850 [0.7737700034411727, 0.9587665723720004, 0.09090909090909091, 0.42857142857142855, 0.3333333333333333, 1] 1
nodejs/node 11143 10786 [0.7857254873881798, 0.8968956752320785, 0, 0.0, 0.0, 0] 1
nodejs/node 6728 6718 [0.8394395452296938, 0.9952273269837562, 0.0, 1.0, 0.0, -1] 1
nodejs/node 11340 11308 [0.77240459424144, 0.9962277811160818, 0.1206140350877193, 1.0, 0.5144230769230769, 1] 1
nodejs/node 12491 12487 [0.7677011694694804, 0.9112354132661448, 0.015625, 0.5, 0.48, 1] 1
nodejs/node 12492 12487 [0.7743491969772763, 0.9240683165423668, 0.17857142857142858, 0.5, 0.8985507246376812, 0] 1
nodejs/node 5251 4749 [0.6523792018719146, 0.7676102675164967, 0, 0.0, 0.0, 0] 1
nodejs/node 8612 8587 [0.8307645955249107, 0.9877780723186567, 0.6923076923076923, 0.3333333333333333, 0.875, 0] 1
nodejs/node 10055 9935 [0.9134415099371126, 0.990890950615788, 0.2222222222222222, 1.0, 1.0, 0] 1
nodejs/node 12822 12732 [0.7945786286083921, 0.9557003400706101, 0.0, 0.014285714285714285, 0.0, 0] 1
nodejs/node 5434 5306 [0.8437644614031115, 0.7529195928791309, 0, 1.0, 1.0, 0] 1
nodejs/node 11838 11823 [0.8161822135455854, 0.6559948001881585, 1.0, 1.0, 1.0, 0] 1
nodejs/node 7933 7932 [0.9429531466208567, 0.9041214961727702, 0, 0.0, 0.0, 1] 1
nodejs/node 4342 4062 [0.9480972020415194, 0.9150489686701521, 0.078125, 1.0, 1.0, 1] 1
nodejs/node 7139 6788 [0.7129215140544103, 0.9549290596978692, 0.24404272801972063, 0.16411378555798686, 0.8964346349745331, 1] 1
nodejs/node 5211 5097 [0.5854569119245906, 0.8885573145131456, 0.9486663311524912, 0.873972602739726, 0.9870905587668594, 1] 1
nodejs/node 12901 12426 [0.8436354287540813, 0.944317430648296, 0.10714285714285714, 1.0, 1.0, 0] 1
nodejs/node 2207 2205 [0.9562447905126943, 0.8882014279536052, 0, 0.45454545454545453, 0.8717948717948718, 0] 1
nodejs/node 7771 7689 [0.8940943463698652, 0.9498245869192853, 0, 0.0, 0.0, -1] 1
nodejs/node 10583 10531 [0.9036984151322683, 0.9326928464928044, 1.0, 1.0, 1.0, 0] 1
nodejs/node 5007 5003 [0.9267182712389174, 0.0, 0, 1.0, 0.7407407407407407, 0] 1
nodejs/node 9848 9284 [0.933840546006689, 0.9618752052151859, 0.8110740681233933, 0.7704517704517705, 0.989535490605428, 1] 1
nodejs/node 9578 9575 [1.0, 0.9964820193110622, 1.0, 1.0, 1.0, 1] 1
nodejs/node 4310 4258 [1.0, 0.8096257213801714, 0.0, 1.0, 1.0, 0] 1
nodejs/node 4958 4110 [0.8297480340567607, 0.8699972601926312, 0.49350818816467673, 0.10073497622135755, 0.8822228074795891, 1] 1
scikit-learn/scikit-learn 3181 2632 [0.5943177709941059, 0.613300841198778, 0, 0.3333333333333333, 1.0, 0] 1
scikit-learn/scikit-learn 5835 5771 [0.5628553572311329, 0.6823083979328417, 0, 0.5, 1.0, 1] 1
scikit-learn/scikit-learn 6337 6332 [0.5799633330640174, 0.0, 0.16666666666666666, 0.16666666666666666, 0.6666666666666666, 0] 1
scikit-learn/scikit-learn 7015 5900 [0.6671606430328603, 0.5889763176698581, 0.04938271604938271, 1.0, 0.41422594142259417, -1] 1
scikit-learn/scikit-learn 3735 2979 [0.432391782243867, 0.7725264734360017, 0.00597609561752988, 0.6666666666666666, 0.4585365853658537, 0] 1
scikit-learn/scikit-learn 7350 7312 [0.48330224415770406, 0.9919899101793778, 0, 0.0, 0.0, 1] 1
scikit-learn/scikit-learn 6720 6666 [0.6188757012111542, 0.861698589854695, 0.056, 0.05555555555555555, 0.0, -1] 1
scikit-learn/scikit-learn 5152 4845 [0.47628170624781735, 0.690140630432261, 0.0, 0.02040816326530612, 1.0, 0] 1
scikit-learn/scikit-learn 4802 4182 [0.4308476372243721, 0.5901432488508561, 0, 0.0, 0.0, 0] 1
scikit-learn/scikit-learn 6841 5064 [0.49236839204410326, 0.5100549812678773, 0, 1.0, 0.963302752293578, 1] 1
scikit-learn/scikit-learn 4308 4087 [0.6923261195424423, 0.8874597649492667, 0.009523809523809525, 1.0, 0.4117647058823529, 0] 1
scikit-learn/scikit-learn 5607 5577 [0.4526860040473207, 0.5045335504940084, 0, 0.0, 0.0, 0] 1
scikit-learn/scikit-learn 4802 4175 [0.5992459525696676, 0.7290565759038822, 0, 0.0, 0.0, 0] 1
scikit-learn/scikit-learn 3760 3655 [0.5973659350831669, 0.7125560116808568, 0.25161290322580643, 0.25, 0.0, 0] 1
scikit-learn/scikit-learn 7350 5393 [0.44244031783361, 0.8250685402872107, 0, 0.0, 0.0, 0] 1
scikit-learn/scikit-learn 6582 6376 [0.6171652965745774, 0.7720892241657397, 0.5853658536585366, 1.0, 0.4457831325301205, -1] 1
scikit-learn/scikit-learn 7978 7902 [0.5008068875206368, 0.8611533062010378, 0, 1.0, 0.0, 0] 1
scikit-learn/scikit-learn 7374 5836 [0.7292787193543242, 0.622199749560306, 0.0, 1.0, 0.43333333333333335, -1] 1
scikit-learn/scikit-learn 6717 1939 [0.5324171925663505, 0.7828671124389484, 0, 0.0, 0.0, -1] 1
scikit-learn/scikit-learn 3432 3236 [0.5661504565829288, 0.6198276096256419, 0, 0.5, 0.0, 1] 1
scikit-learn/scikit-learn 4852 2557 [0.7327306577375048, 0.5404318095650095, 0.0035842293906810036, 0.09090909090909091, 0.3256972111553785, 0] 1
scikit-learn/scikit-learn 8658 4494 [0.5637566530170958, 0.7035640530314466, 0.0, 0.16666666666666666, 0.35714285714285715, 1] 1
scikit-learn/scikit-learn 4802 1292 [0.2711021635226949, 0.7014205824595205, 0, 0.0, 0.0, 0] 1
scikit-learn/scikit-learn 8518 8517 [0.7217285704993134, 0.9969700127714476, 0.29411764705882354, 1.0, 1.0, 1] 1
scikit-learn/scikit-learn 3574 1176 [0.7625354416105552, 0.7223474602809119, 0.07692307692307693, 0.047619047619047616, 0.42424242424242425, 0] 1
scikit-learn/scikit-learn 7261 6028 [0.16241015260553104, 0.7301511506171968, 0.4043956043956044, 0.8888888888888888, 0.6757990867579908, 0] 1
scikit-learn/scikit-learn 3125 2694 [0.6360929057644586, 0.0, 0.07407407407407407, 0.14285714285714285, 0.0, 0] 1
scikit-learn/scikit-learn 7819 6077 [0.29872751049248647, 0.8628499992693921, 0.0, 0.3333333333333333, 0.17073170731707318, 0] 1
scikit-learn/scikit-learn 7011 7009 [0.5350110433396675, 0.9918518347016267, 0, 1.0, 1.0, 1] 1
scikit-learn/scikit-learn 5295 1348 [0.6642235476976612, 0.8902803300480471, 0.1699655765920826, 0.2727272727272727, 0.5568181818181818, 0] 1
scikit-learn/scikit-learn 5420 5008 [0.7791555838139913, 0.6171406714362331, 0.10062893081761007, 1.0, 0.29577464788732394, 1] 1
scikit-learn/scikit-learn 3735 3310 [0.4214552745894918, 0.7027019299899991, 0.003861003861003861, 0.3333333333333333, 0.18716577540106952, 0] 1
scikit-learn/scikit-learn 5718 5712 [0.6414819221455121, 0.8266733892532634, 0.02631578947368421, 0.3333333333333333, 0.125, 0] 1
scikit-learn/scikit-learn 5378 5348 [0.5422434030648939, 0.5427712423782429, 0.11560693641618497, 1.0, 0.5619834710743802, 0] 1
scikit-learn/scikit-learn 1961 1787 [0.5846745067553909, 0.8777418800980553, 0.07608695652173914, 0.16666666666666666, 0.8414918414918415, 0] 1
scikit-learn/scikit-learn 7026 1742 [0.5314699514093313, 0.7634945077501781, 0, 0.0, 0.0, 0] 1
scikit-learn/scikit-learn 3877 1867 [0.44126637898284965, 0.3178302745112865, 0.24435883324160704, 0.5714285714285714, 0.41540785498489424, 0] 1
scikit-learn/scikit-learn 7825 6307 [0.6279686519829617, 0.78383608390239, 0.2222222222222222, 0.125, 0.0, -1] 1
scikit-learn/scikit-learn 6429 4567 [0.44558317078878795, 0.5740872086909959, 0.16417910447761194, 0.6666666666666666, 0.4666666666666667, 0] 1
scikit-learn/scikit-learn 7776 7775 [0.759556424553381, 0.8755085207910446, 0.08333333333333333, 0.5, 0.6181818181818182, 1] 1
scikit-learn/scikit-learn 6307 5642 [0.6199123711454398, 0.49244174818272796, 0.25, 0.2, 0.0, 0] 1
scikit-learn/scikit-learn 6436 6431 [0.6276892783418189, 0.796229774469649, 1.0, 0.3333333333333333, 1.0, 1] 1
scikit-learn/scikit-learn 4852 2263 [0.8557947635295627, 0.7413450574774827, 0.05877413937867338, 0.18181818181818182, 0.6626042334830019, -1] 1
scikit-learn/scikit-learn 6087 5513 [0.7483916626929298, 0.0, 0.28967254408060455, 1.0, 0.5567567567567567, 0] 1
scikit-learn/scikit-learn 3861 3859 [0.6788152490592528, 0.8171588812225076, 0, 0.0, 0.0, 0] 1
scikit-learn/scikit-learn 8143 7986 [0.5835652106695915, 0.3864609123487414, 0.9645061728395061, 0.7142857142857143, 1.0, 0] 1
scikit-learn/scikit-learn 5951 5874 [0.8616439371361323, 0.4374439814043506, 0.0, 0.3333333333333333, 0.0, 1] 1
scikit-learn/scikit-learn 6313 5372 [0.7914451600029222, 0.8939629423430183, 0, 0.0, 0.0, 0] 1
scikit-learn/scikit-learn 4493 4467 [0.6262238794830474, 0.5521275814074699, 0.0975609756097561, 0.5, 0.2545454545454545, 1] 1
scikit-learn/scikit-learn 5784 2073 [0.7904492307299448, 0.0, 0.23353293413173654, 0.3333333333333333, 0.34782608695652173, 0] 1
scikit-learn/scikit-learn 6712 6505 [0.661026813760857, 0.749218212494425, 0.8947368421052632, 1.0, 0.9437751004016064, 0] 1
scikit-learn/scikit-learn 8438 4354 [0.808148144216503, 0.7721176176230039, 0.2967032967032967, 0.5, 0.15384615384615385, 1] 1
scikit-learn/scikit-learn 8658 8436 [0.9463677433836266, 0.8283006366668954, 0.05504587155963303, 0.16666666666666666, 0.4098360655737705, 1] 1
scikit-learn/scikit-learn 5366 5127 [0.591663139993418, 0.6866805338471591, 0.037383177570093455, 0.25, 0.7272727272727273, 0] 1
scikit-learn/scikit-learn 7390 7229 [0.7054252188599204, 0.8585211624574709, 0.06278026905829596, 0.4, 0.8405172413793104, -1] 1
scikit-learn/scikit-learn 6057 6041 [0.4961681601547722, 0.8921237568521817, 0.0, 1.0, 0.8478260869565217, 1] 1
scikit-learn/scikit-learn 5297 5277 [0.7070977594396072, 0.5559761057315811, 0.35074626865671643, 0.7272727272727273, 0.5643564356435643, 1] 1
scikit-learn/scikit-learn 6874 2616 [0.5508205502446258, 0.46672690948566437, 0, 0.0, 0.0, 0] 1
scikit-learn/scikit-learn 6692 5762 [0.5786288878729363, 0.8553644478425594, 0.06542056074766354, 0.3333333333333333, 0.8507462686567164, 0] 1
scikit-learn/scikit-learn 4205 3907 [0.5575001552190945, 0.0, 1.0, 0.16666666666666666, 1.0, 0] 1
scikit-learn/scikit-learn 3306 1714 [0.7486349244382823, 0.786170277122541, 0, 0.0, 0.0, 0] 1
scikit-learn/scikit-learn 2948 2199 [0.2738426280633232, 0.5638357472220812, 0.015517241379310345, 0.06896551724137931, 0.7674418604651163, 0] 1
scikit-learn/scikit-learn 6586 3638 [0.7117983374510183, 0.8245839381800633, 0, 0.14285714285714285, 0.0, 0] 1
scikit-learn/scikit-learn 3531 3463 [0.5714867816580268, 0.0, 0, 0.0, 0.0, 0] 1
scikit-learn/scikit-learn 6671 5366 [0.6337425954722796, 0.6516507211825698, 0, 0.0, 0.0, 0] 1
scikit-learn/scikit-learn 311 296 [0.5520414944206308, 0.6206345841310003, 0.016129032258064516, 0.14285714285714285, 0.296875, 0] 1
scikit-learn/scikit-learn 7541 6176 [0.6912425541227237, 0.6716662920084552, 0, 1.0, 0.0, -1] 1
scikit-learn/scikit-learn 6671 5127 [0.7398934084997681, 0.7547937773486172, 0, 0.2, 0.7333333333333333, 0] 1
