dotnet/corefx 3267 3264 [0.05873582535538041, 0.08261205274975811, 0, 0.0, 0.0, 0, 0, 1.0, 0] 1
dotnet/corefx 6337 6335 [0.0, 0.0, 0.0, 0.06666666666666667, 1.0, 0, 1, 0, 0] 1
dotnet/corefx 6202 6181 [0.0, 0.022667445193567018, 0, 0.5, 0.47058823529411764, 0, 3, 0, 0] 1
dotnet/corefx 20697 20599 [0.0, 0.07808929055105611, 0.346586298829257, 0.84375, 0.8405519356075124, 0, 54, 0, 3] 1
dotnet/corefx 17428 17419 [0.0, 0.13944134134826633, 0.32142857142857145, 0.1, 1.0, -1, 1, 0, 0] 1
dotnet/corefx 10460 10450 [0.0, 0.03552863037670191, 0, 0.0, 0.0, 0, 0, 0, 0] 1
dotnet/corefx 15044 14939 [0.0, 0.0, 0, 0.0038819875776397515, 0.6342857142857142, -1, 5, 0, 4] 1
dotnet/corefx 34 32 [0.008604564929933943, 0.36129592213818285, 0.02857142857142857, 0.14285714285714285, 1.0, 0, 1, 1.0, 0] 1
dotnet/corefx 419 406 [0.0, 0.03939004680702051, 0, 0.0, 0.0, 0, 0, 0, 1] 1
dotnet/corefx 7925 7886 [0.0, 0.02506527691827727, 0.3333333333333333, 0.1, 1.0, 0, 1, 0, 0] 1
dotnet/corefx 16069 9537 [0.0, 0.0343023556786663, 0, 0.0, 0.0, 0, 0, 0, 236] 1
dotnet/corefx 6089 6058 [0.030771925775477004, 0.10785206654417952, 0, 0, 0.0, 0, 0, 1.0, 1] 1
dotnet/corefx 7627 7610 [0.21798286567134526, 0.0, 0, 0.7, 1.0, 0, 7, 1.4129646619689709, 1] 1
dotnet/corefx 17151 17137 [0.050084343972763755, 0.28065845606459916, 0.07423580786026202, 0.25, 0.0, 1, 1, 1.0, 0] 1
dotnet/corefx 2694 2675 [0.12722453817697163, 0.4098554715393625, 0, 0.0, 0.0, 0, 0, 1.0, 2] 1
dotnet/corefx 4160 4157 [0.0, 0.035981433452209464, 0.4851063829787234, 0.25, 0.952755905511811, 0, 1, 0, 0] 1
dotnet/corefx 7562 6293 [0.049716006152825655, 0.021380420201552675, 0, 0.09090909090909091, 0.0, 0, 1, 1.0, 44] 1
dotnet/corefx 16826 16814 [0.052334893723977344, 0.04563317006820697, 1.0, 1.0, 1.0, 0, 1, 1.294671240309878, 0] 1
dotnet/corefx 8741 8740 [0.44158596737486483, 0.0, 0, 1.0, 1.0, 0, 3, 1.6476456331762068, 0] 1
dotnet/corefx 14641 14631 [0.47500975024883396, 0.19485777192438455, 0.504, 1.0, 0.8921161825726142, 1, 2, 1.3478665439771005, 0] 1
dotnet/corefx 441 438 [0.3604627837984754, 0.0, 0.5, 0.21052631578947367, 0.34615384615384615, 0, 4, 1.6861300279942744, 0] 1
dotnet/corefx 6585 6194 [0.3468052537050358, 0.11016004368151842, 0.4814356435643564, 0.9, 0.942381562099872, 0, 9, 1.395919841431028, 12] 1
dotnet/corefx 19477 19463 [0.27709022940890066, 0.3423852931085357, 0, 0.0, 0.0, 1, 0, 1.294671240309878, 0] 1
dotnet/corefx 12873 12863 [0.5446130372804004, 0.5188970812020416, 0.10872313527180784, 0.04878048780487805, 0.084375, 0, 2, 1.6874676070637666, 0] 1
dotnet/corefx 9560 9557 [0.18364105646783985, 0.2002573668293021, 0.0, 0.005780346820809248, 1.0, 0, 1, 1.7028778870153696, 0] 1
dotnet/corefx 3686 3046 [0.2964740032216947, 0.22806070741991868, 0.22972972972972974, 0.4, 0.5116279069767442, 0, 2, 1.6786161523119647, 35] 1
dotnet/corefx 5345 5327 [0.14320535432069992, 0.0, 0.0, 1.0, 1.0, 0, 2, 1.0, 0] 1
dotnet/corefx 10718 10715 [0.7603730295249622, 0.0, 0, 0.007352941176470588, 0.8, 0, 2, 2.1246070088867453, 0] 1
dotnet/corefx 9113 9112 [0.9548234966072627, 0.04929882736190145, 0, 1.0, 0.999341816586222, 1, 333, 2.351300188534676, 0] 1
dotnet/corefx 9312 9310 [0.4657900209637316, 0.0, 0, 1.0, 1.0, 0, 29, 1.916252947003458, 0] 1
nodejs/node 12878 12875 [0.3810692523695536, 0.46687185866668035, 0.16939890710382513, 0.8307692307692308, 0.6856106408706167, 0, 54, 1.3454692997525353, 0] 1
nodejs/node 1424 493 [0.0, 0.049832534495853266, 0, 0.0, 0.0, 0, 0, 0, 86] 1
nodejs/node 2350 1785 [0.177920865254014, 0.11000315664546978, 0.0, 0.16666666666666666, 0.7121771217712177, 0, 2, 1.0, 79] 1
nodejs/node 3701 2253 [0.0, 0.015357296253810188, 0, 0.0, 0.0, 0, 0, 0, 102] 1
nodejs/node 12490 12105 [0.0, 0.014582498317063784, 0.20454545454545456, 0.0625, 0.9047619047619048, -1, 1, 0, 20] 1
nodejs/node 7185 7160 [0.0, 0.11567782649938128, 0, 0.0, 0.0, -1, 0, 0, 1] 1
nodejs/node 2727 2726 [0.0, 0.08630682185898675, 0, 0.0, 0.0, 1, 0, 0, 0] 1
nodejs/node 2727 2725 [0.0, 0.005000905146681991, 0, 0.0, 0.0, 1, 0, 0, 0] 1
nodejs/node 11848 11762 [0.0, 0.5248317717619563, 0.0, 0.5, 0.0, 0, 1, 0, 5] 1
nodejs/node 8491 8334 [0.0, 0.1660595737650444, 0.01006036217303823, 0.05555555555555555, 0.0, 0, 1, 0, 11] 1
nodejs/node 10339 10239 [0.007398927652352471, 0.3054481699748327, 0.0, 1.0, 0.0, 1, 1, 1.0, 6] 1
nodejs/node 12231 12230 [0.09350921032030579, 0.23606534034615054, 0, 0.1111111111111111, 0.1625, 0, 1, 1.0, 0] 1
nodejs/node 2556 2312 [0.056515270471672714, 0.07950612661303942, 0, 0.0, 0.0, 0, 0, 1.0, 20] 1
nodejs/node 4814 4813 [0.3970423133289382, 0.17888511752280004, 0, 0.9333333333333333, 0.934640522875817, 0, 14, 1.380392896121576, 0] 1
nodejs/node 4265 4254 [0.12953737621444006, 0.3301000499407294, 1.0, 0.3333333333333333, 1.0, 0, 1, 1.0, 1] 1
nodejs/node 12469 12387 [0.012042308323253731, 0.2394667582863541, 0.2631578947368421, 1.0, 1.0, 0, 1, 1.0, 4] 1
nodejs/node 7617 7028 [0.06312984647428899, 0.31146074509944044, 0, 0.5, 1.0, 1, 1, 1.0, 41] 1
nodejs/node 11828 8491 [0.3729945800652553, 0.2479049118444965, 0.5582595870206489, 0.004235907461713913, 0.5685763888888888, 0, 13, 1.0, 183] 1
nodejs/node 11099 10343 [0.2207927888356281, 0.23366856721123141, 0, 0.0, 0.0, 0, 0, 1.2832695219044663, 43] 1
nodejs/node 11074 10320 [0.17061050512593515, 0.14735149691948704, 0, 0.0, 0.0, 0, 0, 1.2349578271117292, 43] 1
nodejs/node 6987 6947 [0.011604505522822764, 0.10815054998399586, 0.0005078720162519045, 1.0, 0.24444444444444444, 0, 1, 1.0, 1] 1
nodejs/node 3068 3059 [0.0071807929386804355, 0.15562125850478997, 0.11678832116788321, 0.5, 0.4536082474226804, 1, 1, 1.0, 0] 1
nodejs/node 10579 10282 [0.179467392793621, 0.22524626493251598, 0.0, 0.3333333333333333, 0.0, -1, 1, 1.0, 18] 1
nodejs/node 5786 5782 [0.2821684403044635, 0.2117812166858785, 0.07174887892376682, 0.3333333333333333, 0.27626459143968873, 1, 1, 1.0, 0] 1
nodejs/node 6986 6947 [0.17898833428682187, 0.08584422221747103, 0.0005128205128205128, 1.0, 0.022818026240730177, 0, 1, 1.5316135499505157, 1] 1
nodejs/node 2262 1936 [0.5737315126181665, 0.06475405084423903, 0.0, 0.5, 0.0, 0, 1, 1.581684562115256, 48] 1
nodejs/node 7616 7311 [0.13311455060726426, 0.06915147337157904, 0.5, 0.037037037037037035, 0.6666666666666666, 0, 1, 1.0, 22] 1
nodejs/node 11397 11375 [0.4610617389373965, 0.24993780892351153, 0, 0.14285714285714285, 1.0, 0, 1, 1.0, 0] 1
nodejs/node 11610 8551 [0.16947891767900858, 0.06505516201579183, 0, 0.000992063492063492, 0.0, 0, 1, 1.0, 165] 1
nodejs/node 8016 8010 [0.457803365752894, 0.2585143766920483, 0, 1.0, 0.0, -1, 1, 1.0, 0] 1
nodejs/node 6937 6206 [0.4144842233468793, 0.1910944139557462, 0.11032863849765258, 0.5, 1.0, 0, 1, 1.219962254552148, 38] 1
nodejs/node 12231 12204 [0.07582355631456504, 0.1893207492111779, 0, 0.1111111111111111, 0.37142857142857144, 0, 1, 1.2397010033061573, 1] 1
nodejs/node 10937 10525 [0.7025278053240512, 0.24351909713160572, 0, 0.5, 1.0, 0, 1, 1.0, 22] 1
nodejs/node 539 239 [0.31263383005773, 0.020362493012931165, 0.12121212121212122, 0.3333333333333333, 1.0, 0, 1, 1.4098567008575538, 14] 1
nodejs/node 4585 3823 [0.21269275930817744, 0.07066706715568852, 0.03571428571428571, 0.3333333333333333, 0.0, 0, 1, 1.414213562373095, 55] 1
nodejs/node 9335 9334 [0.05994587639624763, 0.5948445805657516, 0, 1.0, 1.0, 0, 1, 1.5611740156287244, 0] 1
nodejs/node 3853 3848 [0.4814283706140793, 0.3593011567552245, 0.2, 1.0, 1.0, 1, 1, 1.5938405342555089, 0] 1
nodejs/node 6531 5056 [0.06018582687127776, 0.1721205059629417, 0.01694915254237288, 1.0, 0.7482014388489209, 0, 2, 1.3284221688473856, 89] 1
nodejs/node 5690 5689 [0.34085378290686275, 0.34739351306974203, 0, 0.25, 0.5, 1, 1, 1.708446412203208, 0] 1
nodejs/node 10916 10890 [0.2026688051323536, 0.3538308086658457, 0.6511627906976745, 1.0, 0.0, 0, 1, 1.228389964418963, 1] 1
nodejs/node 11310 9351 [0.6898342384875129, 0.24417319318613265, 0.0, 1.0, 0.7644444444444445, 0, 2, 1.0, 105] 1
nodejs/node 12437 9961 [0.14540524648409706, 0.09791639972905279, 0.06896551724137931, 0.6666666666666666, 0.5233644859813084, 0, 4, 1.3029403063667448, 135] 1
nodejs/node 9243 9220 [0.28203841483927067, 0.0, 0.0, 1.0, 1.0, 0, 1, 1.4133402594212083, 1] 1
nodejs/node 7626 7311 [0.09016970124518708, 0.32413323766590163, 1.0, 0.037037037037037035, 1.0, 1, 1, 1.4031655264696252, 23] 1
nodejs/node 3813 2205 [0.6358719735257101, 0.36602740949821455, 0, 0.04, 1.0, 0, 1, 1.6515046167086367, 117] 1
nodejs/node 561 161 [0.7605658193868237, 0.07215856392840932, 0.3119015047879617, 0.6, 0.6706586826347305, 0, 3, 1.9446112606312398, 39] 1
nodejs/node 8263 8231 [0.6774372732552578, 0.1744466424496099, 1.0, 1.0, 1.0, 0, 1, 1.8667132732688523, 1] 1
nodejs/node 10753 10734 [0.6746717831742591, 0.2018441367619512, 0.2261904761904762, 1.0, 0.45714285714285713, 0, 1, 1.3326401666352128, 0] 1
nodejs/node 9111 8016 [0.23294837965747958, 0.44782014759365735, 0, 1.0, 0.0, 0, 1, 1.0, 68] 1
nodejs/node 2252 2251 [0.22304444186414069, 0.2711018107908485, 0.2222222222222222, 0.3333333333333333, 1.0, 1, 1, 1.0, 0] 1
nodejs/node 8717 8505 [0.16864452921452436, 0.2931983215553762, 0.0, 1.0, 0.52, 0, 1, 1.0, 9] 1
nodejs/node 9233 9184 [0.5659157239957473, 0.026164945455566534, 0.0, 0.25, 1.0, 0, 1, 1.351746244298858, 2] 1
nodejs/node 385 382 [0.0, 0.0, 0.5, 1.0, 0.6666666666666666, 0, 1, 0, 0] 1
nodejs/node 5520 5519 [0.9678755719283718, 0.09413221534066155, 0, 1.0, 1.0, 1, 2, 1.7985374578144664, 0] 1
nodejs/node 9535 9482 [0.10565982639680112, 0.06688352291355895, 1.0, 1.0, 1.0, 0, 1, 1.2970723375490267, 4] 1
nodejs/node 7911 7745 [0.016765607292133784, 0.265584900921667, 0, 0.0, 0.0, 0, 0, 1.0, 13] 1
nodejs/node 81 56 [0.8114973718729543, 0.16530164365443287, 0.0, 0.5, 0.0, 0, 1, 2.2782760787896446, 1] 1
nodejs/node 3568 3567 [0.44739331616686473, 0.47653951147993134, 0.34375, 0.3333333333333333, 0.0, 1, 1, 1.3263611650043323, 0] 1
nodejs/node 8923 3062 [0.459337421987084, 0.28509155026881844, 0.02127659574468085, 1.0, 1.0, 0, 2, 1.5322235935879043, 374] 1
nodejs/node 6537 6536 [0.613204370077929, 0.14921463648216393, 0.2727272727272727, 0.3157894736842105, 0.8217054263565892, 1, 6, 1.6675514821816722, 0] 1
nodejs/node 12777 12316 [0.0, 0.11806764526976582, 0, 0, 0.0, 0, 0, 0, 21] 1
nodejs/node 7634 7590 [0.0, 0.5234864803939828, 0.0, 0.0001467782181124321, 1.0, 0, 1, 0, 1] 1
nodejs/node 5020 4975 [0.475810444737258, 0.1911094144742355, 0.0, 0.03225806451612903, 0.18815331010452963, 0, 1, 1.0, 1] 1
nodejs/node 3774 3722 [0.0, 0.01811939938377746, 0.0, 0.6666666666666666, 0.8089887640449438, 0, 2, 0, 1] 1
nodejs/node 6044 5722 [0.5661926981495532, 0.12828103265646015, 0.03680981595092025, 0.25, 0.43564356435643564, -1, 1, 1.4091782665520118, 20] 1
nodejs/node 489 482 [0.5108668606449647, 0.36324540718675724, 0.07142857142857142, 0.3333333333333333, 1.0, 1, 1, 2.062040072335235, 0] 1
nodejs/node 5783 5544 [0.6624293256137973, 0.32396002564112947, 0, 0.5, 1.0, 0, 2, 1.0, 15] 1
nodejs/node 7465 5458 [0.0, 0.06391893331351463, 0.0, 0.5, 0.9147286821705426, 0, 1, 0, 123] 1
nodejs/node 4124 3511 [0.6298537470248519, 0.7552246044316355, 0.16624365482233502, 0.8, 0.5412844036697247, 1, 4, 2.10700991170808, 39] 1
nodejs/node 6982 6947 [0.3169598511679461, 0.08196894625904799, 0.0, 1.0, 0.02167712492869367, 0, 1, 1.5316135499505157, 1] 1
nodejs/node 5251 4277 [0.52978760476827, 0.24016218134867867, 0.10256410256410256, 0.05263157894736842, 0.4827586206896552, 0, 1, 1.7265631628282732, 63] 1
nodejs/node 11278 10423 [0.3443079995403515, 0.12680007945857252, 0, 0.0, 0.0, 0, 0, 1.723136100139938, 48] 1
nodejs/node 13650 13570 [0.09487995395602543, 0.25131432990837643, 0.0234375, 1.0, 0.0, 1, 1, 1.414048269432945, 3] 1
nodejs/node 8697 8549 [0.6295264063290854, 0.23562646992837982, 0.0, 0.5, 0.42105263157894735, 0, 1, 1.5155546081157327, 6] 1
nodejs/node 12590 12544 [0.5373248936302378, 0.42483612193972764, 0.11077844311377245, 1.0, 1.0, 0, 1, 1.6348798494082026, 2] 1
nodejs/node 8957 8953 [0.4386468516968104, 0.0, 1.0, 1.0, 1.0, 0, 1, 1.0, 0] 1
nodejs/node 601 533 [0.45531596426177384, 0.010593468626985179, 0.11711711711711711, 0.5, 0.617948717948718, 0, 1, 1.3936802565348825, 4] 1
nodejs/node 5316 5306 [0.6034664103440539, 0.31472414550952843, 0, 1.0, 1.0, 0, 1, 1.1314340696752978, 0] 1
nodejs/node 11533 9352 [0.7012011647498007, 0.07260142832515902, 0, 1.0, 0.8280616382806164, 0, 2, 1.3857633802868294, 117] 1
nodejs/node 11599 7850 [0.8590629825991445, 0.5072481276378794, 0.09090909090909091, 0.42857142857142855, 0.3333333333333333, 1, 3, 1.6867831892691898, 219] 1
nodejs/node 11143 10786 [0.8274922682836582, 0.30062043670657007, 0, 0.0, 0.0, 0, 0, 1.8504474689058785, 20] 1
nodejs/node 6728 6718 [0.5681227351271009, 0.7629967154666204, 0.0, 1.0, 0.0, -1, 1, 1.1240581365273394, 0] 1
nodejs/node 11340 11308 [0.7447264128268687, 0.98391573411894, 0.1206140350877193, 1.0, 0.5144230769230769, 1, 4, 1.6747304011762159, 2] 1
nodejs/node 12491 12487 [0.4890303042349084, 0.3247996122834525, 0.015625, 0.5, 0.48, 1, 1, 1.7613557386392713, 0] 1
nodejs/node 12492 12487 [0.4992110454346843, 0.5985693080085762, 0.17857142857142858, 0.5, 0.8985507246376812, 0, 1, 1.7613557386392713, 0] 1
nodejs/node 5251 4749 [0.5274870449995794, 0.1871680095596946, 0, 0.0, 0.0, 0, 0, 1.7265631628282732, 28] 1
nodejs/node 8612 8587 [0.8518373907578926, 0.4348731289669029, 0.6923076923076923, 0.3333333333333333, 0.875, 0, 2, 2.1002648778168442, 0] 1
nodejs/node 10055 9935 [0.7790781665500278, 0.9002744216677657, 0.2222222222222222, 1.0, 1.0, 0, 1, 1.9490130752533825, 0] 1
nodejs/node 12822 12732 [0.7546796655658466, 0.3226139002741588, 0.0, 0.014285714285714285, 0.0, 0, 1, 1.4273784274334176, 5] 1
nodejs/node 5434 5306 [0.683814933670913, 0.0, 0, 1.0, 1.0, 0, 1, 1.4600630277683373, 6] 1
nodejs/node 11838 11823 [0.559455279751021, 0.25666365283907633, 1.0, 1.0, 1.0, 0, 1, 1.5439596507278335, 0] 1
nodejs/node 7933 7932 [0.6979428599357356, 0.12402530494431883, 0, 0.0, 0.0, 1, 0, 1.9639437615125204, 0] 1
nodejs/node 4342 4062 [0.9115059340182373, 0.3441121390120805, 0.078125, 1.0, 1.0, 1, 1, 2.019781557239686, 19] 1
nodejs/node 7139 6788 [0.8692845381976964, 0.26699122035544987, 0.24404272801972063, 0.16411378555798686, 0.8964346349745331, 1, 75, 1.4141830401344442, 18] 1
nodejs/node 5211 5097 [0.8692845381976964, 0.7585714777236705, 0.9486663311524912, 0.873972602739726, 0.9870905587668594, 1, 318, 1.4141830401344442, 7] 1
nodejs/node 12901 12426 [0.76888876108659, 0.4682505444642983, 0.10714285714285714, 1.0, 1.0, 0, 1, 1.9595376049909619, 23] 1
nodejs/node 2207 2205 [0.8524066891980413, 0.21752963147538956, 0, 0.45454545454545453, 0.8717948717948718, 0, 15, 2.338022188621076, 0] 1
nodejs/node 7771 7689 [0.7127544125524179, 0.18668106994267206, 0, 0.0, 0.0, -1, 0, 2.2017538779263317, 4] 1
nodejs/node 10583 10531 [0.8107187501740186, 0.8808581328770614, 1.0, 1.0, 1.0, 0, 1, 2.0658445001169268, 3] 1
nodejs/node 5007 5003 [0.9181227225374592, 0.0, 0, 1.0, 0.7407407407407407, 0, 1, 2.014816693615299, 0] 1
nodejs/node 9848 9284 [1.0, 0.7864043156538975, 0.8110740681233933, 0.7704517704517705, 0.989535490605428, 1, 630, 1.723639489717489, 35] 1
nodejs/node 9578 9575 [1.0000000000000002, 0.7913033958134509, 1.0, 1.0, 1.0, 1, 1, 2.3496632718405865, 0] 1
nodejs/node 4310 4258 [1.0000000000000002, 0.028461013552059256, 0.0, 1.0, 1.0, 0, 1, 2.1566176914330826, 4] 1
nodejs/node 4958 4110 [0.6812700862331197, 0.4555994505996747, 0.49350818816467673, 0.10073497622135755, 0.8822228074795891, 1, 233, 1.723639489717489, 58] 1
scikit-learn/scikit-learn 3181 2632 [0.0, 0.0, 0, 0.3333333333333333, 1.0, 0, 1, 0, 169] 1
scikit-learn/scikit-learn 5835 5771 [0.0691878029164209, 0.35155270960821633, 0, 0.5, 1.0, 1, 1, 1.0, 7] 1
scikit-learn/scikit-learn 6337 6332 [0.0, 0.0, 0.16666666666666666, 0.16666666666666666, 0.6666666666666666, 0, 1, 0, 0] 1
scikit-learn/scikit-learn 7015 5900 [0.0, 0.008407972297921769, 0.04938271604938271, 1.0, 0.41422594142259417, -1, 2, 0, 237] 1
scikit-learn/scikit-learn 3735 2979 [0.0, 0.05962102169642882, 0.00597609561752988, 0.6666666666666666, 0.4585365853658537, 0, 2, 0, 197] 1
scikit-learn/scikit-learn 7350 7312 [0.49987834346272875, 0.8819512549704281, 0, 0.0, 0.0, 1, 0, 1.1287020236900032, 5] 1
scikit-learn/scikit-learn 6720 6666 [0.0, 0.024878578075707786, 0.056, 0.05555555555555555, 0.0, -1, 1, 0, 11] 1
scikit-learn/scikit-learn 5152 4845 [0.0, 0.0235199350436487, 0.0, 0.02040816326530612, 1.0, 0, 1, 0, 75] 1
scikit-learn/scikit-learn 4802 4182 [0.0, 0.0014189910360563238, 0, 0.0, 0.0, 0, 0, 0, 123] 1
scikit-learn/scikit-learn 6841 5064 [0.0, 0.4029294548320104, 0, 1.0, 0.963302752293578, 1, 1, 0, 303] 1
scikit-learn/scikit-learn 4308 4087 [0.0, 0.05828885867359991, 0.009523809523809525, 1.0, 0.4117647058823529, 0, 2, 0, 47] 1
scikit-learn/scikit-learn 5607 5577 [0.0, 0.02455032736383371, 0, 0.0, 0.0, 0, 0, 0, 4] 1
scikit-learn/scikit-learn 4802 4175 [0.0, 0.03715740162774494, 0, 0.0, 0.0, 0, 0, 0, 124] 1
scikit-learn/scikit-learn 3760 3655 [0.0, 0.06265904096519938, 0.25161290322580643, 0.25, 0.0, 0, 1, 0, 31] 1
scikit-learn/scikit-learn 7350 5393 [0.11167095302905168, 0.08715082130759069, 0, 0.0, 0.0, 0, 0, 1.0, 329] 1
scikit-learn/scikit-learn 6582 6376 [0.007008181944690119, 0.14251253904434427, 0.5853658536585366, 1.0, 0.4457831325301205, -1, 2, 1.0, 35] 1
scikit-learn/scikit-learn 7978 7902 [0.035191008776703316, 0.43656325088679265, 0, 1.0, 0.0, 0, 1, 1.0, 17] 1
scikit-learn/scikit-learn 7374 5836 [0.13451622357506085, 0.4690805020996957, 0.0, 1.0, 0.43333333333333335, -1, 1, 1.0, 297] 1
scikit-learn/scikit-learn 6717 1939 [0.48438747524879855, 0.12177905549314395, 0, 0.0, 0.0, -1, 0, 1.3989459044931905, 1085] 1
scikit-learn/scikit-learn 3432 3236 [0.21736256046316385, 0.6288798139548646, 0, 0.5, 0.0, 1, 1, 1.1556802630765488, 45] 1
scikit-learn/scikit-learn 4852 2557 [0.25464451678094807, 0.18246370428132, 0.0035842293906810036, 0.09090909090909091, 0.3256972111553785, 0, 1, 1.0, 589] 1
scikit-learn/scikit-learn 8658 4494 [0.0, 0.2870495989657815, 0.0, 0.16666666666666666, 0.35714285714285715, 1, 1, 0, 725] 1
scikit-learn/scikit-learn 4802 1292 [0.16858156553477338, 0.11620440357503967, 0, 0.0, 0.0, 0, 0, 1.0, 945] 1
scikit-learn/scikit-learn 8518 8517 [0.025263657679407282, 0.9416698058712945, 0.29411764705882354, 1.0, 1.0, 1, 1, 1.0, 0] 1
scikit-learn/scikit-learn 3574 1176 [0.33009415876127435, 0.14229024522405764, 0.07692307692307693, 0.047619047619047616, 0.42424242424242425, 0, 1, 1.0, 694] 1
scikit-learn/scikit-learn 7261 6028 [0.197905535096992, 0.16561891797989092, 0.4043956043956044, 0.8888888888888888, 0.6757990867579908, 0, 8, 1.0, 256] 1
scikit-learn/scikit-learn 3125 2694 [0.13625931187039642, 0.0, 0.07407407407407407, 0.14285714285714285, 0.0, 0, 1, 1.4142072778254082, 125] 1
scikit-learn/scikit-learn 7819 6077 [0.32204127065390836, 0.16150986973483641, 0.0, 0.3333333333333333, 0.17073170731707318, 0, 1, 1.0, 317] 1
scikit-learn/scikit-learn 7011 7009 [0.416587507209063, 0.9385271781597114, 0, 1.0, 1.0, 1, 1, 1.0, 0] 1
scikit-learn/scikit-learn 5295 1348 [0.3977105169913528, 0.14477962352651338, 0.1699655765920826, 0.2727272727272727, 0.5568181818181818, 0, 3, 1.413264072492916, 1046] 1
scikit-learn/scikit-learn 5420 5008 [0.24638166349051255, 0.05981155443681845, 0.10062893081761007, 1.0, 0.29577464788732394, 1, 3, 1.7285748292909977, 87] 1
scikit-learn/scikit-learn 3735 3310 [0.39264156700113617, 0.11203208923696577, 0.003861003861003861, 0.3333333333333333, 0.18716577540106952, 0, 1, 1.6868979643653383, 101] 1
scikit-learn/scikit-learn 5718 5712 [0.26580059851239285, 0.014931310940827254, 0.02631578947368421, 0.3333333333333333, 0.125, 0, 1, 1.246892056544579, 0] 1
scikit-learn/scikit-learn 5378 5348 [0.41304718232488047, 0.0, 0.11560693641618497, 1.0, 0.5619834710743802, 0, 1, 2.17233527021226, 2] 1
scikit-learn/scikit-learn 1961 1787 [0.20260466204646782, 0.13053067186545422, 0.07608695652173914, 0.16666666666666666, 0.8414918414918415, 0, 1, 1.4060051265078952, 56] 1
scikit-learn/scikit-learn 7026 1742 [0.25680582678860275, 0.3301948877986519, 0, 0.0, 0.0, 0, 0, 1.405500426885769, 1229] 1
scikit-learn/scikit-learn 3877 1867 [0.7776518017831441, 0.0, 0.24435883324160704, 0.5714285714285714, 0.41540785498489424, 0, 8, 1.6820099858690267, 585] 1
scikit-learn/scikit-learn 7825 6307 [0.34139869508168824, 0.10669590229219174, 0.2222222222222222, 0.125, 0.0, -1, 1, 1.5332726236187577, 270] 1
scikit-learn/scikit-learn 6429 4567 [0.5394130787256267, 0.11422994759647731, 0.16417910447761194, 0.6666666666666666, 0.4666666666666667, 0, 2, 1.6505633527139683, 318] 1
scikit-learn/scikit-learn 7776 7775 [0.29159022855693933, 0.20320957470571985, 0.08333333333333333, 0.5, 0.6181818181818182, 1, 1, 1.7131311184267783, 0] 1
scikit-learn/scikit-learn 6307 5642 [0.34434182329813895, 0.09019342669073682, 0.25, 0.2, 0.0, 0, 1, 1.5332726236187577, 100] 1
scikit-learn/scikit-learn 6436 6431 [0.44121483105384424, 0.4397603871176216, 1.0, 0.3333333333333333, 1.0, 1, 2, 1.721773957700088, 0] 1
scikit-learn/scikit-learn 4852 2263 [0.49372530015861116, 0.11889338491548945, 0.05877413937867338, 0.18181818181818182, 0.6626042334830019, -1, 2, 1.409820080385574, 684] 1
scikit-learn/scikit-learn 6087 5513 [0.18989383665042686, 0.0, 0.28967254408060455, 1.0, 0.5567567567567567, 0, 2, 1.9407584245251681, 65] 1
scikit-learn/scikit-learn 3861 3859 [0.4023360389133992, 0.10347955757957318, 0, 0.0, 0.0, 0, 0, 1.7298571465771884, 0] 1
scikit-learn/scikit-learn 8143 7986 [0.8056033912968681, 0.34131061949171154, 0.9645061728395061, 0.7142857142857143, 1.0, 0, 10, 1.4116264171750732, 27] 1
scikit-learn/scikit-learn 5951 5874 [0.526154675803782, 0.004272052013302613, 0.0, 0.3333333333333333, 0.0, 1, 1, 2.0884204945431044, 14] 1
scikit-learn/scikit-learn 6313 5372 [0.6454509934463183, 0.07152246644750014, 0, 0.0, 0.0, 0, 0, 2.1873384125389834, 123] 1
scikit-learn/scikit-learn 4493 4467 [0.6152517730840491, 0.09989899737050513, 0.0975609756097561, 0.5, 0.2545454545454545, 1, 2, 1.929021666039046, 3] 1
scikit-learn/scikit-learn 5784 2073 [0.6532966309221991, 0.0, 0.23353293413173654, 0.3333333333333333, 0.34782608695652173, 0, 1, 1.7260528942952962, 877] 1
scikit-learn/scikit-learn 6712 6505 [0.7209421969191879, 0.09282975359939731, 0.8947368421052632, 1.0, 0.9437751004016064, 0, 9, 2.01753619087519, 48] 1
scikit-learn/scikit-learn 8438 4354 [0.8858910234564309, 0.28739523899375463, 0.2967032967032967, 0.5, 0.15384615384615385, 1, 2, 2.6062649580139867, 719] 1
scikit-learn/scikit-learn 8658 8436 [0.8390885551626819, 0.20956985696351288, 0.05504587155963303, 0.16666666666666666, 0.4098360655737705, 1, 1, 1.9117068474737928, 33] 1
scikit-learn/scikit-learn 5366 5127 [0.6799529941386706, 0.3971918116516911, 0.037383177570093455, 0.25, 0.7272727272727273, 0, 1, 2.1978341173038887, 52] 1
scikit-learn/scikit-learn 7390 7229 [0.0, 0.17317050101231474, 0.06278026905829596, 0.4, 0.8405172413793104, -1, 2, 0, 19] 1
scikit-learn/scikit-learn 6057 6041 [0.0, 0.7666016208742163, 0.0, 1.0, 0.8478260869565217, 1, 1, 0, 1] 1
scikit-learn/scikit-learn 5297 5277 [0.2116503856440835, 0.3548229654076887, 0.35074626865671643, 0.7272727272727273, 0.5643564356435643, 1, 8, 1.272067220580709, 6] 1
scikit-learn/scikit-learn 6874 2616 [0.7918205531673265, 0.09775512612805097, 0, 0.0, 0.0, 0, 0, 2.5157068159447373, 925] 1
scikit-learn/scikit-learn 6692 5762 [0.10915122760987919, 0.029864936978421727, 0.06542056074766354, 0.3333333333333333, 0.8507462686567164, 0, 1, 1.0, 164] 1
scikit-learn/scikit-learn 4205 3907 [0.0071884968368258135, 0.0, 1.0, 0.16666666666666666, 1.0, 0, 1, 1.0, 67] 1
scikit-learn/scikit-learn 3306 1714 [0.40533370840783767, 0.0, 0, 0.0, 0.0, 0, 0, 1.6183535575436867, 481] 1
scikit-learn/scikit-learn 2948 2199 [0.23207915902465387, 0.07008330171235232, 0.015517241379310345, 0.06896551724137931, 0.7674418604651163, 0, 2, 1.0, 226] 1
scikit-learn/scikit-learn 6586 3638 [0.1666488506557441, 0.0537578422370677, 0, 0.14285714285714285, 0.0, 0, 1, 1.4136951501208042, 566] 1
scikit-learn/scikit-learn 3531 3463 [0.8487251620329064, 0.0, 0, 0.0, 0.0, 0, 0, 1.9746765346400692, 14] 1
scikit-learn/scikit-learn 6671 5366 [0.5477468965671792, 0.0, 0, 0.0, 0.0, 0, 0, 1.9850902466716172, 192] 1
scikit-learn/scikit-learn 311 296 [0.08215190597484018, 0.16969877956085938, 0.016129032258064516, 0.14285714285714285, 0.296875, 0, 1, 1.0, 6] 1
scikit-learn/scikit-learn 7541 6176 [0.47276439345304827, 0.3677839028934046, 0, 1.0, 0.0, -1, 1, 1.86244169759766, 256] 1
scikit-learn/scikit-learn 6671 5127 [0.7784294281401872, 0.0, 0, 0.2, 0.7333333333333333, 0, 1, 2.215128380808506, 244] 1
