angular/angular.js 8206 8177 [0.0, 0.22495003749582143, 0, 1.0, 1.0, 0, 1, 0, 1] 1
angular/angular.js 14635 12682 [0.10923077920746281, 0.08457839249687332, 0.48, 0.5, 0.0, 0, 1, 1.0, 266] 1
angular/angular.js 1602 1564 [0.012274619583742357, 0.0, 0.7254901960784313, 0.14285714285714285, 1.0, -1, 1, 1.0, 10] 1
angular/angular.js 3025 2522 [0.0, 0.14060202141163086, 0.3153153153153153, 0.5, 0.5853658536585366, 0, 2, 0, 55] 1
angular/angular.js 3197 3082 [0.0, 0.0, 0.14666666666666667, 0.5, 0.0, -1, 1, 0, 13] 1
angular/angular.js 5976 5536 [0.1089918894207709, 0.052860349127267246, 0.14556962025316456, 0.6, 0.935064935064935, 0, 3, 1.0, 30] 1
angular/angular.js 4021 3897 [0.0, 0.2863383246879056, 1.0, 0.5, 1.0, -1, 1, 0, 11] 1
angular/angular.js 9481 9478 [0.0, 0.008135036689579272, 0, 0.0, 0.0, 0, 0, 0, 0] 1
angular/angular.js 8206 8130 [0.0, 0.12084288083187908, 0, 1.0, 1.0, 0, 1, 0, 5] 1
angular/angular.js 2362 2307 [0.015469483769016858, 0.0, 0, 1.0, 1.0, 0, 1, 1.0, 6] 1
angular/angular.js 12362 12307 [0.0, 0.0, 0.8450184501845018, 0.38446969696969696, 0.9385608260729268, 0, 203, 0, 7] 1
angular/angular.js 3082 2835 [0.0, 0.0, 0.25, 0.5, 0.7575757575757576, 0, 1, 0, 27] 1
angular/angular.js 7960 7776 [0.0, 0.16761881417884514, 0.0, 0.1, 0.0, 0, 1, 0, 13] 1
angular/angular.js 3699 3697 [0.09947390848101147, 0.0, 0, 0.0, 0.0, 0, 0, 1.0, 0] 1
angular/angular.js 12933 12166 [0.09540166936253282, 0.1559793719061105, 0.0600375234521576, 0.3333333333333333, 1.0, 0, 1, 1.0, 97] 1
angular/angular.js 9905 8005 [0.06311717662581631, 0.07358743943020937, 0.009950248756218905, 0.2727272727272727, 0.12110726643598616, 0, 3, 1.0, 130] 1
angular/angular.js 9013 4858 [0.2558464083879426, 0.26989076929587763, 0.7130434782608696, 0.13963039014373715, 0.9084194977843427, 0, 68, 1.0, 304] 1
angular/angular.js 5080 3376 [0.38433396948650445, 0.047412529261767894, 0.6666666666666666, 1.0, 0.4166666666666667, 0, 2, 1.408435877033222, 116] 1
angular/angular.js 9917 9265 [0.006692160001992429, 0.016984645969808216, 0.03125, 0.4, 0.5277777777777778, -1, 2, 1.0, 40] 1
angular/angular.js 2439 2060 [0.10921299187932218, 0.18943643058539003, 0.014492753623188406, 0.5, 0.0, 0, 1, 1.0, 52] 1
angular/angular.js 2260 2216 [0.2472965914251027, 0.0, 0.6110557768924303, 0.5714285714285714, 0.9296097934200459, 0, 4, 1.0, 6] 1
angular/angular.js 10592 7762 [0.20611993916388413, 0.024559074636198767, 0.009269662921348315, 0.6666666666666666, 0.7805105853051059, 0, 2, 1.0, 201] 1
angular/angular.js 2488 2396 [0.19497047095927247, 0.3294665933518206, 1.0, 0.5, 1.0, 0, 1, 1.0, 10] 1
angular/angular.js 4612 4479 [0.06507824986134685, 0.2020754345049904, 0, 0.0, 0.0, 1, 0, 1.2740812943383735, 6] 1
angular/angular.js 5174 5110 [0.6008629172822791, 0.022327734504592543, 0.5, 1.0, 1.0, 0, 1, 1.0, 2] 1
angular/angular.js 12524 12477 [0.1983374011886526, 0.0, 0.14622178606476938, 0.45454545454545453, 0.8939226519337017, 0, 5, 1.0, 6] 1
angular/angular.js 4369 4351 [0.2701574950696968, 0.0, 0, 1.0, 1.0, 0, 1, 1.0, 1] 1
angular/angular.js 15542 15538 [0.013984305981487278, 0.20182975399574707, 0.5, 0.5, 1.0, 1, 1, 1.0, 1] 1
angular/angular.js 2265 2252 [0.7198043984347844, 0.0, 0, 0, 0.0, 0, 0, 1.3641042420115084, 2] 1
angular/angular.js 6716 6692 [0.314210097182187, 0.0, 0, 1.0, 0.0, 0, 1, 1.4136965479190962, 2] 1
angular/angular.js 14967 6412 [0.32944076460123456, 0.42243871744477995, 0.2803738317757009, 0.6666666666666666, 0.0, 0, 2, 1.3312789018217102, 887] 1
angular/angular.js 10619 10618 [0.22037691248052604, 0.0, 0.1902654867256637, 1.0, 1.0, 0, 2, 1.8656209479383814, 0] 1
angular/angular.js 12072 4282 [0.4119258826158561, 0.05896492061062179, 0.07291666666666667, 0.2, 0.0, -1, 1, 1.681341569984796, 613] 1
angular/angular.js 4171 4083 [0.333264142831552, 0.22960557588286626, 0.0, 0.5, 0.5641025641025641, 1, 1, 1.60147590995969, 5] 1
angular/angular.js 15919 15917 [0.46557752878388914, 0.1936335830673131, 0, 1.0, 0.0, 0, 1, 2.0722757175463364, 0] 1
angular/angular.js 8716 8628 [0.4740711100689828, 0.15283709329801554, 0.5070754716981132, 0.3333333333333333, 0.4065244667503137, 1, 2, 1.3471830355703787, 6] 1
angular/angular.js 3393 1745 [0.37816912740988035, 0.19618174816022582, 0.0776255707762557, 0.3333333333333333, 0.5380434782608695, 0, 1, 1.0, 215] 1
angular/angular.js 7079 6474 [0.038546987491003076, 0.1480668875136885, 0.76, 1.0, 1.0, 1, 1, 1.4010850858444321, 42] 1
angular/angular.js 4086 3135 [0.18082878747997008, 0.07282164629464309, 0.06896551724137931, 0.3333333333333333, 0.0, 0, 1, 1.4135108234134064, 78] 1
angular/angular.js 8626 8606 [0.37722820597429196, 0.2708816131148326, 0, 1.0, 1.0, 0, 1, 1.1403966414467024, 1] 1
angular/angular.js 7906 7903 [0.2727384584903668, 0.7262784709333141, 0.36607142857142855, 0.5, 0.92, 1, 2, 1.5786981721368538, 0] 1
angular/angular.js 5108 5101 [0.2595030370078795, 0.5403897269830324, 0.1, 0.5, 0.0, 1, 1, 1.4895161977290803, 1] 1
angular/angular.js 9827 5746 [0.3611965559687257, 0.2930813867739569, 0, 0.5, 0.0, 0, 1, 1.7977413817927168, 290] 1
angular/angular.js 8492 8233 [0.280987769160881, 0.006575024450201818, 0.0, 1.0, 0.0, 0, 2, 1.770466913035519, 19] 1
angular/angular.js 7479 7262 [0.6269938749915752, 0.06378372183328382, 0, 0.5, 1.0, 0, 1, 1.6031603982518206, 19] 1
angular/angular.js 8206 8133 [0.3558058028037844, 0.3586801070211271, 0, 0.0, 0.0, 0, 0, 1.4133447246789674, 5] 1
angular/angular.js 9356 8837 [0.4025342111427262, 0.0, 0.0, 0.18181818181818182, 0.9457364341085271, 0, 4, 1.6623564776042257, 32] 1
angular/angular.js 4530 4410 [0.44903943264598056, 0.36039005091518284, 0, 1.0, 1.0, 0, 1, 1.903952733408594, 4] 1
angular/angular.js 1851 1701 [0.4934549119751306, 0.21858639916182143, 0.10618279569892473, 1.0, 0.5333333333333333, 0, 2, 1.5681306145976075, 38] 1
angular/angular.js 13497 13495 [0.6550486041029776, 0.2773626929798547, 0.0, 1.0, 1.0, -1, 1, 2.2883292517118323, 0] 1
angular/angular.js 4940 4529 [0.5557855838043398, 0.3681866305128231, 0.1, 0.5, 1.0, 1, 1, 2.204517224952655, 25] 1
angular/angular.js 5084 4872 [0.48193143398497723, 0.7778889904518793, 0.8081180811808119, 1.0, 0.6261261261261262, 1, 2, 2.004706211679781, 11] 1
angular/angular.js 11803 11722 [0.7808428152993724, 0.44938152467436665, 0.16176470588235295, 0.6, 0.3271604938271605, 1, 3, 2.2787948660461934, 9] 1
angular/angular.js 6986 6983 [0.6713398297832558, 0.4730827317849241, 0.4174757281553398, 0.3333333333333333, 1.0, 1, 1, 1.923858169595082, 0] 1
angular/angular.js 6215 6098 [0.5754715025100776, 0.4085156607360459, 0.1981981981981982, 0.6666666666666666, 0.5735294117647058, 0, 2, 1.371955766108651, 7] 1
angular/angular.js 4544 4410 [0.7434397625517207, 0.36039005091518284, 0, 1.0, 1.0, 0, 1, 1.8330992466447305, 5] 1
angular/angular.js 4916 4860 [0.0, 0.0, 0, 1.0, 1.0, 0, 1, 0, 2] 1
angular/angular.js 4968 4963 [0.1855821565735403, 0.0, 0, 1.0, 0.0, 0, 1, 1.0, 0] 1
angular/angular.js 6876 6065 [0.6184969677561455, 0.07029177464532012, 0.6956521739130435, 1.0, 0.0, -1, 2, 2.267363676812453, 55] 1
angular/angular.js 2399 2357 [0.581960739346038, 0.07479367144215719, 0, 0.1, 1.0, 0, 1, 1.4087059561625215, 3] 1
angular/angular.js 4658 4615 [0.58035282768228, 0.0, 0, 1.0, 1.0, 0, 1, 1.6158361141839794, 2] 1
angular/angular.js 6807 6801 [0.7163950203721151, 0.44356015341222366, 0.30434782608695654, 1.0, 1.0, 1, 1, 1.7950652712104278, 0] 1
angular/angular.js 4630 4512 [0.0, 0.8311760249807006, 1.0, 1.0, 1.0, 0, 1, 0, 6] 1
angular/angular.js 11973 11097 [0.49751506458395367, 0.16089353291356379, 1.0, 0.5, 0.0, 0, 1, 1.7320975395404559, 99] 1
angular/angular.js 13942 13941 [0.34961021959818855, 0.8603480512880531, 0, 0.5, 1.0, 1, 1, 2.0902507943011326, 0] 1
angular/angular.js 3198 2773 [0.6930272681706388, 0.29296265970858454, 0.06666666666666667, 0.5, 1.0, 0, 1, 1.9471117246856235, 48] 1
angular/angular.js 11028 9964 [0.6795859648979891, 0.6392889522512493, 1.0, 0.5, 0.6666666666666666, 0, 2, 2.9915210059252844, 95] 1
angular/angular.js 8034 8032 [0.34339706387677676, 0.020423054263806324, 0.20708446866485014, 1.0, 1.0, 0, 2, 1.4080424005674352, 0] 1
angular/angular.js 4924 4854 [0.0, 0.0, 0, 1.0, 1.0, 0, 1, 0, 3] 1
angular/angular.js 4300 3898 [0.3048898187860063, 0.22125325144181027, 0.13333333333333333, 1.0, 0.56, 0, 1, 1.3719760513179167, 30] 1
angular/angular.js 1514 1045 [0.09781579546932545, 0.16798849510622357, 0.06918238993710692, 1.0, 0.0, 0, 2, 1.0, 140] 1
angular/angular.js 11790 11443 [0.24748242433434886, 0.01549866582042727, 0.022950819672131147, 0.4, 0.0, 0, 2, 1.0, 35] 1
angular/angular.js 4833 4337 [0.6297196351249978, 0.42352538175337046, 0.013636363636363636, 0.25, 0.0, 0, 1, 1.9743228496625687, 30] 1
angular/angular.js 8108 7902 [0.5527811800710268, 0.07240714100605156, 0.1310344827586207, 1.0, 1.0, 0, 2, 2.1057188494400343, 19] 1
angular/angular.js 2357 2199 [0.1914009047903368, 0.4784729205697775, 0, 1.0, 1.0, 0, 1, 1.0, 20] 1
angular/angular.js 4308 3848 [0.5338241086800749, 0.16981884200519798, 0.02721774193548387, 1.0, 0.7020408163265306, -1, 2, 1.6443032245433233, 34] 1
angular/angular.js 3958 3898 [0.26270259044207134, 0.42469829749140897, 0.13333333333333333, 1.0, 0.56, 0, 1, 1.344274316699608, 4] 1
angular/angular.js 8205 7968 [0.8850912262795876, 0.22120291067333897, 0.5, 0.5, 0.0, 0, 1, 2.4202726308113545, 21] 1
angular/angular.js 4642 4615 [0.6402969802399913, 0.0, 0, 1.0, 1.0, 0, 1, 1.609774674737889, 1] 1
angular/angular.js 10335 10330 [0.1581925862347083, 0.07789194165709899, 0, 1.0, 0.4423076923076923, 0, 1, 1.2557489149141758, 0] 1
angular/angular.js 4665 4615 [0.6268629401571048, 0.0, 0, 1.0, 1.0, 0, 1, 1.4116343319180946, 2] 1
angular/angular.js 5019 4067 [0.3029032723372925, 0.02508540017844923, 0, 0.0, 0.0, 0, 0, 1.5396543439401036, 59] 1
angular/angular.js 4292 3898 [0.5747992490376673, 0.0, 0.13333333333333333, 1.0, 0.56, 0, 1, 1.7223940222418515, 29] 1
angular/angular.js 7846 5063 [0.5634955716526022, 0.239039245997915, 0.2857142857142857, 1.0, 0.25, 0, 2, 1.696526117820543, 207] 1
angular/angular.js 10711 10327 [0.5119649058881984, 0.0031370503817456314, 1.0, 0.5, 1.0, 0, 1, 2.2598541808774555, 37] 1
angular/angular.js 12110 9791 [0.0, 0.0, 0.0, 1.0, 0.42424242424242425, 0, 1, 0, 232] 1
angular/angular.js 3785 3761 [0.14949404200750432, 0.0, 0, 1.0, 1.0, 0, 1, 1.0, 1] 1
angular/angular.js 3010 2522 [0.05620117155633781, 0.08533592290285787, 0.3029197080291971, 0.5, 0.5241935483870968, 0, 2, 1.0, 53] 1
angular/angular.js 6885 6046 [0.14143604253032643, 0.0, 0, 1.0, 1.0, 0, 1, 1.0, 57] 1
angular/angular.js 10585 5072 [0.649889610131306, 0.6298799962266576, 0.18309859154929578, 1.0, 0.7652173913043478, 0, 2, 1.8967214260218088, 400] 1
angular/angular.js 10485 10476 [0.6955068991233828, 0.0, 1.0, 1.0, 1.0, 0, 1, 1.974244052781029, 0] 1
angular/angular.js 9763 9321 [0.2009589148851784, 0.08435973177542007, 0.0, 0.25, 0.0, 0, 1, 1.629721179681685, 24] 1
angular/angular.js 4532 4410 [0.4327576465729852, 0.0, 0, 1.0, 1.0, 0, 1, 1.7305533926249292, 5] 1
angular/angular.js 1616 1544 [0.0, 0.0, 0.2, 0.05263157894736842, 0.7931034482758621, 0, 1, 0, 18] 1
angular/angular.js 3452 2981 [0.4908362605478562, 0.14114673556778765, 0.2512315270935961, 1.0, 0.08620689655172414, 0, 2, 1.9810888410309162, 47] 1
angular/angular.js 4356 3898 [0.6736287352628731, 0.21517198854370295, 0.13333333333333333, 1.0, 1.0, 0, 1, 2.344239411056973, 33] 1
angular/angular.js 11593 11579 [0.47253250976390093, 0.01119486302608881, 0.3, 1.0, 1.0, 0, 2, 2.1662389813434246, 0] 1
angular/angular.js 13014 9791 [0.3199242562765495, 0.0, 0.0, 1.0, 0.42424242424242425, 0, 1, 1.4048661653475532, 344] 1
angular/angular.js 10477 10443 [0.45748863866413886, 0.04757850390395592, 0.07407407407407407, 0.5, 1.0, 0, 1, 2.2435518765808364, 3] 1
angular/angular.js 14488 14085 [0.6170372143586734, 0.35416310468125745, 1.0, 0.5, 1.0, 1, 1, 1.9832235646683805, 62] 1
angular/angular.js 7947 7868 [0.1974577776529487, 0.0, 0.0, 0.07142857142857142, 1.0, 0, 1, 1.3310205040184286, 5] 1
angular/angular.js 4193 3927 [0.05785592197180786, 0.001965278833946326, 0.05, 1.0, 0.0440251572327044, -1, 2, 1.0, 20] 1
angular/angular.js 15535 15524 [0.7153469197870919, 0.09943416969597588, 0, 0, 0.0, 0, 0, 1.4054101546765354, 1] 1
angular/angular.js 15110 15106 [0.06126736823572462, 0.6627962013134209, 0.00245398773006135, 0.6666666666666666, 0.9620253164556962, 0, 2, 1.2711751666321223, 0] 1
angular/angular.js 11938 11937 [0.7091828926180075, 0.42305430421223156, 1.0, 1.0, 1.0, 0, 1, 1.7168268553968953, 0] 1
angular/angular.js 7999 5903 [0.6239283805269741, 0.3069953865278419, 0.375, 0.25, 0.8947368421052632, 0, 2, 2.262010198454286, 156] 1
angular/angular.js 7582 5674 [0.3170206699414581, 0.2983181032114931, 0.08, 0.5, 0.3114754098360656, 0, 1, 1.3922821058101102, 136] 1
angular/angular.js 4646 4512 [0.6407847023350084, 0.18292503683645167, 1.0, 1.0, 1.0, 0, 1, 1.7594670590168375, 7] 1
angular/angular.js 11017 9854 [0.9339282469714199, 0.3565287707686277, 0, 0.0, 0.0, 1, 0, 2.3416488548490393, 101] 1
angular/angular.js 8516 8512 [0.6695455792293097, 0.6144925511497493, 0.16129032258064516, 1.0, 0.8409090909090909, 1, 2, 2.031590084727328, 0] 1
angular/angular.js 11359 10985 [0.8569531412546793, 0.570062211326354, 0.1, 1.0, 0.7741935483870968, 0, 2, 2.3426057189054235, 40] 1
angular/angular.js 2273 1084 [0.9804467279906637, 0.5591957737200057, 0.9379157427937915, 1.0, 1.0, 0, 4, 2.3667944636964573, 284] 1
mozilla-b2g/gaia 1171 1170 [0.23899014702436067, 0.2717493411275265, 0, 1.0, 0.4375, 0, 1, 1.2973176949287497, 0] 1
mozilla-b2g/gaia 6795 6603 [0.3605798353225456, 0.0, 0, 1.0, 1.0, 1, 1, 1.5745840173299417, 10] 1
mozilla-b2g/gaia 13332 13292 [0.0007413583151947488, 0.0, 0.0, 0.04, 1.0, 0, 1, 1.0, 2] 1
mozilla-b2g/gaia 9488 9457 [0.11164604688866811, 0.10476398476903592, 0.0, 0.5, 1.0, 0, 1, 1.061059814552893, 1] 1
mozilla-b2g/gaia 9428 9349 [0.8196526480471277, 0.12773257915195457, 1.0, 1.0, 1.0, 1, 1, 1.9767429251322008, 3] 1
mozilla-b2g/gaia 22947 22749 [0.6650498938097578, 0.0, 0.11764705882352941, 0.07142857142857142, 1.0, 1, 1, 1.7011599849355734, 4] 1
mozilla-b2g/gaia 18033 18000 [0.3513464283157045, 0.6959164921729953, 1.0, 1.0, 1.0, 1, 1, 1.699064205904453, 1] 1
mozilla-b2g/gaia 2459 2420 [0.0, 0.0, 0, 0.0, 0.0, 0, 0, 0, 2] 1
mozilla-b2g/gaia 5772 5638 [0.0008637144622952547, 0.0, 0.0, 0.2857142857142857, 0.0038098140810728437, 0, 2, 1.0, 8] 1
mozilla-b2g/gaia 12565 12520 [0.13211879099510443, 0.11509045818739608, 0.125, 1.0, 1.0, 0, 1, 1.0, 3] 1
mozilla-b2g/gaia 10547 8726 [0.08732396787979996, 0.0, 0.0, 1.0, 1.0, 1, 1, 1.0, 93] 1
mozilla-b2g/gaia 8383 8363 [0.22284188673209465, 0.0, 0.12295081967213115, 0.3333333333333333, 0.0, 1, 1, 1.0, 1] 1
mozilla-b2g/gaia 9768 9467 [0.0, 0.0, 0.05714285714285714, 0.16666666666666666, 0.4186046511627907, 0, 1, 0, 14] 1
mozilla-b2g/gaia 17425 17408 [0.0, 0.0, 0, 0.5, 1.0, 0, 1, 0, 0] 1
mozilla-b2g/gaia 21450 21295 [0.0, 0.0, 0.9852941176470589, 0.6666666666666666, 1.0, 0, 2, 0, 4] 1
mozilla-b2g/gaia 1010 1004 [0.0, 0.0, 0.0, 0.02564102564102564, 1.0, 0, 1, 0, 0] 1
mozilla-b2g/gaia 21295 20806 [0.261967787392463, 0.0, 0.6951219512195121, 0.5, 1.0, 0, 2, 1.3695601961622814, 12] 1
mozilla-b2g/gaia 6471 6466 [0.0007603097463185891, 0.0, 0.3333333333333333, 0.5, 1.0, 0, 1, 1.0, 0] 1
mozilla-b2g/gaia 10228 10180 [0.15559915261335272, 0.2728243144991236, 0.18518518518518517, 0.5, 0.37037037037037035, 1, 1, 1.382363522783873, 1] 1
mozilla-b2g/gaia 15218 15022 [0.05389327779816906, 0.0, 0, 1.0, 1.0, 0, 1, 1.099434638476933, 5] 1
mozilla-b2g/gaia 11048 11032 [0.00035877293461662486, 0.0, 0.39097744360902253, 1.0, 0.38235294117647056, 0, 2, 1.0, 0] 1
mozilla-b2g/gaia 3627 3600 [0.4460990463605511, 0.11172616822444545, 0.016666666666666666, 0.3333333333333333, 0.6521739130434783, 0, 1, 1.0, 0] 1
mozilla-b2g/gaia 16480 16475 [0.2677187906553443, 0.0, 0, 1.0, 1.0, 1, 1, 1.4108903858952153, 0] 1
mozilla-b2g/gaia 14246 14107 [0.0008517953554619909, 0.30244629327800854, 0, 1.0, 1.0, 0, 1, 1.0, 4] 1
mozilla-b2g/gaia 28433 28349 [0.2901339953659927, 0.0009097860905516354, 0, 0.3333333333333333, 1.0, 1, 1, 1.0506042665050206, 3] 1
mozilla-b2g/gaia 7010 6996 [0.0005766445912104403, 0.0, 0.01619047619047619, 0.375, 0.22297297297297297, 0, 3, 1.0, 0] 1
mozilla-b2g/gaia 21899 21887 [0.4885610608884649, 0.0, 0.9736842105263158, 1.0, 1.0, 1, 1, 1.0506042665050206, 0] 1
mozilla-b2g/gaia 27959 27781 [0.37581794195130536, 0.0, 0.04065040650406504, 0.16666666666666666, 0.20259128386336867, 1, 10, 1.6346373447937128, 6] 1
mozilla-b2g/gaia 12134 11062 [0.3782629662901078, 0.3213784524171396, 0.1827956989247312, 1.0, 1.0, 1, 1, 1.4366004181423702, 54] 1
mozilla-b2g/gaia 17136 16651 [0.25134119541662436, 0.0, 0.1134453781512605, 0.4, 0.46218487394957986, 1, 2, 1.934140501694856, 14] 1
mozilla-b2g/gaia 13480 12010 [0.5035996782826474, 0.0, 0.20481927710843373, 0.2857142857142857, 0.7567567567567568, 1, 2, 1.6619633439499135, 60] 1
mozilla-b2g/gaia 10373 10253 [0.0010651381243040698, 0.05653905265333842, 0, 0, 0.0, 0, 0, 1.0, 6] 1
mozilla-b2g/gaia 27829 27430 [0.2924751034584456, 0.0, 0.4857142857142857, 1.0, 0.8, 0, 1, 1.7549958693069694, 15] 1
mozilla-b2g/gaia 13342 12014 [0.7503608391540512, 0.0, 0.02727272727272727, 0.2727272727272727, 0.5926773455377574, 1, 3, 1.9677443347551986, 56] 1
mozilla-b2g/gaia 23790 23101 [0.5377930052967107, 0.0, 0, 0.3333333333333333, 1.0, 1, 1, 1.566677319709927, 17] 1
mozilla-b2g/gaia 24321 24292 [0.6824313920395096, 0.0, 0.17318435754189945, 0.5, 0.8275862068965517, 1, 1, 2.3779406708777926, 0] 1
mozilla-b2g/gaia 10980 10738 [0.8506838984579226, 0.12210643876771365, 0.6381709741550696, 0.8235294117647058, 0.9189046866771985, 1, 28, 2.2344319866925053, 13] 1
mozilla-b2g/gaia 7669 7587 [1.0, 0.2395444765414216, 0.13488372093023257, 1.0, 0.7758620689655172, 1, 2, 2.881002705247039, 3] 1
kubernetes/kubernetes 661 657 [0.0, 0.3858086394377865, 0.1267605633802817, 0.5, 0.8620689655172413, 0, 1, 0, 0] 1
kubernetes/kubernetes 2716 2694 [0.5337076156740798, 0.34026286805963635, 0.0, 1.0, 1.0, 0, 1, 1.5428786609282414, 0] 1
kubernetes/kubernetes 17024 14548 [0.45638322340855725, 0.11640894784107876, 0, 0.0, 0.0, 1, 0, 1.6224468690870513, 45] 1
kubernetes/kubernetes 45263 43027 [0.5704541379772545, 0.5710848477679331, 0.0223463687150838, 0.1111111111111111, 0.9774436090225563, -1, 1, 2.170957553118992, 50] 1
kubernetes/kubernetes 41036 41006 [0.5738952486545236, 0.1474048168647966, 0.0, 1.0, 0.4117647058823529, 0, 1, 1.4117591658524233, 0] 1
kubernetes/kubernetes 56 52 [0.0, 0.0, 0, 1.0, 1.0, 0, 1, 0, 0] 1
kubernetes/kubernetes 35745 32790 [0.5970650465686124, 0.5488780908887032, 0.6956521739130435, 0.5, 1.0, 0, 1, 1.663659928511889, 42] 1
kubernetes/kubernetes 8639 7439 [0.021964164849335076, 0.20745915561086054, 0, 0.0, 0.0, 1, 0, 1.0, 23] 1
kubernetes/kubernetes 61 52 [0.0, 0.0, 0, 1.0, 1.0, 0, 1, 0, 0] 1
kubernetes/kubernetes 19759 15998 [0.16686570627388225, 0.021680068526575984, 0, 0.16666666666666666, 0.7058823529411765, 0, 1, 1.0, 87] 1
kubernetes/kubernetes 30993 28284 [0.6543305924218075, 0.6742226195770361, 0, 0.26666666666666666, 1.0, 0, 4, 1.4094016763383852, 50] 1
kubernetes/kubernetes 10895 10784 [0.6812423987358636, 0.10597286140928366, 0.20382165605095542, 0.125, 1.0, 1, 1, 1.3786723679825945, 1] 1
kubernetes/kubernetes 10232 9264 [0.6674150804563795, 0.0, 0.18675352877307275, 0.1, 1.0, 0, 1, 1.6892636991535164, 18] 1
kubernetes/kubernetes 31372 31361 [0.0, 0.8287273064193953, 1.0, 0.5, 1.0, -1, 1, 0, 0] 1
kubernetes/kubernetes 21531 21357 [0.4346349472314081, 0.32435785701622694, 0.0, 1.0, 1.0, 0, 1, 1.9690829897770568, 2] 1
kubernetes/kubernetes 33276 32120 [0.0, 0.8020081268409299, 0.004106776180698152, 1.0, 0.0, 0, 1, 0, 16] 1
kubernetes/kubernetes 54 52 [0.0, 0.0, 0, 1.0, 1.0, 0, 1, 0, 0] 1
kubernetes/kubernetes 30772 30771 [0.0, 0.7569636539596611, 0, 0.5, 0.4888888888888889, -1, 1, 0, 0] 1
kubernetes/kubernetes 28037 28026 [0.0, 0.0, 0.2, 1.0, 0.6666666666666666, 0, 1, 0, 0] 1
kubernetes/kubernetes 3916 3915 [0.5173418056686758, 0.0, 0.0, 0.5, 0.3888888888888889, 0, 1, 1.2951133283474725, 0] 1
kubernetes/kubernetes 44344 43215 [0.0, 0.0, 0.0, 0.038461538461538464, 0.0, 0, 1, 0, 26] 1
kubernetes/kubernetes 40322 39503 [0.0, 0.19450206640316275, 0.39285714285714285, 0.5, 1.0, 0, 1, 0, 17] 1
kubernetes/kubernetes 45455 40210 [0.0, 0.08111063485335991, 0.0, 1.0, 0.6666666666666666, 0, 1, 0, 106] 1
kubernetes/kubernetes 36168 36163 [0.0, 0.9649998989761613, 0.023255813953488372, 0.05555555555555555, 0.0, 0, 2, 0, 0] 1
kubernetes/kubernetes 46923 46913 [0.0, 0.9714374450241916, 0, 0.16666666666666666, 0.0, -1, 1, 0, 0] 1
kubernetes/kubernetes 1211 1210 [0.0, 0.01823561751954806, 0.39416058394160586, 1.0, 1.0, 0, 1, 0, 0] 1
kubernetes/kubernetes 13322 13144 [0.025230694908584934, 0.30704240101622576, 0.08333333333333333, 0.08695652173913043, 0.8430379746835444, 0, 2, 1.0, 3] 1
kubernetes/kubernetes 21786 21601 [0.0, 0.12574234107374815, 0, 0.993805918788713, 0.9925925925925926, 0, 1444, 0, 3] 1
kubernetes/kubernetes 4065 4056 [0.5134423788409814, 0.0, 0, 0, 0.0, 0, 0, 1.4124350721835244, 0] 1
kubernetes/kubernetes 47455 47074 [0.0, 0.18127593003633655, 0, 1.0, 1.0, 0, 1, 0, 6] 1
kubernetes/kubernetes 24783 24549 [0.0, 0.4414789757480878, 0.0, 1.0, 0.4838709677419355, 0, 1, 0, 5] 1
kubernetes/kubernetes 7503 7456 [0.13009628757958863, 0.24016229305734985, 0.0, 0.5, 0.375, -1, 1, 1.6372957049876045, 0] 1
kubernetes/kubernetes 47322 46193 [0.0, 0.023152408875222914, 0, 0.09090909090909091, 0.5185185185185185, 0, 1, 0, 20] 1
kubernetes/kubernetes 28996 28978 [0.0, 0.16640592742974092, 0.10416666666666667, 1.0, 1.0, 0, 1, 0, 0] 1
kubernetes/kubernetes 42529 42138 [0.0, 0.15973266703130212, 0, 0.0, 0.0, 0, 0, 0, 5] 1
kubernetes/kubernetes 37269 275 [0.0, 0.0, 0, 0.0, 0.0, 0, 0, 0, 878] 1
kubernetes/kubernetes 45273 44727 [0.0, 0.0718550860833323, 0.8, 1.0, 0.0, 0, 1, 0, 12] 1
kubernetes/kubernetes 34502 32109 [0.0, 0.2647978942067763, 0.12, 0.01282051282051282, 1.0, 0, 1, 0, 34] 1
kubernetes/kubernetes 20810 19559 [0.11856066855627267, 0.014411517590191884, 0, 0.2, 0.0, -1, 1, 1.0, 26] 1
kubernetes/kubernetes 41210 41106 [0.0, 0.06699550019447455, 0.0, 0.2222222222222222, 0.825, 0, 2, 0, 1] 1
kubernetes/kubernetes 26066 26059 [0.45227882587134594, 0.014246835961608683, 0, 0.0, 0.0, -1, 0, 1.0, 0] 1
kubernetes/kubernetes 5741 5735 [0.04725672726778446, 0.0, 0, 0.5, 0.0, 0, 1, 1.0, 0] 1
kubernetes/kubernetes 38751 38370 [0.0, 0.06224514196609176, 1.0, 1.0, 1.0, 0, 1, 0, 6] 1
kubernetes/kubernetes 10883 10819 [0.0, 0.0, 1.0, 0.5, 0.3493975903614458, 0, 1, 0, 0] 1
kubernetes/kubernetes 38296 38285 [0.0, 0.08029258902164078, 0.022222222222222223, 0.1111111111111111, 0.0, 0, 2, 0, 0] 1
kubernetes/kubernetes 25591 24509 [0.0, 0.026887899345648596, 0.14285714285714285, 0.045454545454545456, 1.0, 0, 1, 0, 23] 1
kubernetes/kubernetes 9966 9854 [0.0, 0.1310660560560725, 0.17417417417417416, 1.0, 0.44660194174757284, 0, 1, 0, 1] 1
kubernetes/kubernetes 44496 39342 [0.7674416971899886, 0.516863277516107, 0, 0.0, 0.0, 1, 0, 1.0, 102] 1
kubernetes/kubernetes 18449 13838 [0.0, 0.008440081570164288, 0, 0.0, 0.0, -1, 0, 0, 89] 1
kubernetes/kubernetes 46927 46784 [0.0, 0.08739144273286979, 0, 0.0, 0.0, -1, 0, 0, 2] 1
kubernetes/kubernetes 12111 11679 [0.0, 0.0, 0, 0.0, 0.0, 0, 0, 0, 9] 1
kubernetes/kubernetes 42883 42630 [0.0, 0.003991770737863827, 0.0, 0.2, 0.4, 0, 1, 0, 3] 1
kubernetes/kubernetes 451 356 [0.0, 0.15564806967062253, 0, 0.0, 0.0, 0, 0, 0, 10] 1
kubernetes/kubernetes 5775 5714 [0.0, 0.0922921741558153, 0.0, 0.1111111111111111, 0.32065217391304346, -1, 2, 0, 2] 1
kubernetes/kubernetes 38789 33757 [0.0, 0.07667363500418742, 0.21428571428571427, 0.047619047619047616, 0.3191489361702128, 0, 1, 0, 76] 1
kubernetes/kubernetes 11113 11085 [0.0, 0.0, 0.14163090128755365, 0.00423728813559322, 0.5416666666666666, 0, 1, 0, 0] 1
kubernetes/kubernetes 29226 29204 [0.0, 0.0, 0.23316062176165803, 0.75, 0.4692737430167598, -1, 3, 0, 0] 1
kubernetes/kubernetes 33683 33675 [0.5369393698334446, 0.7577618524204636, 0, 0.9714285714285714, 1.0, 0, 34, 1.0, 0] 1
kubernetes/kubernetes 40550 39903 [0.0, 0.023525992880240244, 0.0, 0.07692307692307693, 0.0, -1, 1, 0, 12] 1
kubernetes/kubernetes 11450 11364 [0.0, 0.10273114211319297, 0, 0.05, 0.0, 0, 1, 0, 1] 1
kubernetes/kubernetes 40901 40193 [0.0, 0.025603109800108603, 0.0, 1.0, 0.0, -1, 1, 0, 13] 1
kubernetes/kubernetes 36673 36425 [0.0, 0.28760204539525625, 0.03339882121807466, 0.005257623554153523, 0.5574018126888217, -1, 5, 0, 3] 1
kubernetes/kubernetes 39883 38317 [0.0, 0.07833070878609001, 0.6729559748427673, 0.23529411764705882, 0.6114649681528662, 0, 4, 0, 36] 1
kubernetes/kubernetes 11322 11317 [0.0, 0.0, 0.026041666666666668, 0.2, 0.0, 0, 1, 0, 0] 1
kubernetes/kubernetes 15401 15224 [0.0, 0.017134529997165433, 0.0, 0.03333333333333333, 0.6101694915254238, 0, 1, 0, 2] 1
kubernetes/kubernetes 46953 46909 [0.0, 0.28755358188371094, 0.2835820895522388, 0.5, 0.358974358974359, 1, 1, 0, 1] 1
kubernetes/kubernetes 41480 41478 [0.0, 0.0, 0, 0.0, 0.0, 0, 0, 0, 0] 1
kubernetes/kubernetes 33964 30787 [0.1521031144332322, 0.2294138158257359, 0.011494252873563218, 0.038461538461538464, 0.551594746716698, -1, 1, 1.0, 47] 1
kubernetes/kubernetes 42113 42049 [0.01142551844811337, 0.09304527554266241, 0, 0.08333333333333333, 0.9692307692307692, 0, 1, 1.0, 1] 1
kubernetes/kubernetes 15339 15004 [0.09708098967992217, 0.0, 0, 0.0, 0.0, 0, 0, 1.0, 6] 1
kubernetes/kubernetes 30147 30137 [0.06301875691775252, 0.24584590332204218, 0.4339622641509434, 0.5, 1.0, 1, 1, 1.0, 0] 1
kubernetes/kubernetes 14472 14448 [0.0, 0.0, 0.256198347107438, 1.0, 0.0, 0, 1, 0, 0] 1
kubernetes/kubernetes 7142 6847 [0.13671984132456003, 0.0, 0.2222222222222222, 1.0, 0.5526315789473685, 0, 1, 1.3362827628117067, 6] 1
kubernetes/kubernetes 6949 6938 [0.0, 0.010793518322599904, 0, 0.0, 0.0, -1, 0, 0, 0] 1
kubernetes/kubernetes 32311 32268 [0.64482778539247, 0.7034909906352945, 1.0, 1.0, 1.0, 1, 1, 1.7231635200417925, 0] 1
kubernetes/kubernetes 7021 6886 [0.05203324602852639, 0.23457005143258886, 0.0, 0.5, 0.46875, 0, 1, 1.0, 2] 1
kubernetes/kubernetes 25888 24861 [0.27132357078243574, 0.06156547565586948, 0.06132075471698113, 0.2727272727272727, 0.0, -1, 3, 1.0, 22] 1
kubernetes/kubernetes 45804 45768 [0.0, 0.0, 0, 0.0, 0.0, 0, 0, 0, 1] 1
kubernetes/kubernetes 18073 17769 [0.03813775284907917, 0.0, 0.0, 1.0, 0.0, 0, 1, 1.0, 7] 1
kubernetes/kubernetes 37347 37332 [0.08919400384079444, 0.43882783721662816, 0.7441860465116279, 1.0, 1.0, 1, 1, 1.0, 0] 1
kubernetes/kubernetes 25996 25634 [0.16165205530729984, 0.08212192893914115, 0.8031088082901554, 0.03260869565217391, 0.9608938547486033, -1, 3, 1.0, 4] 1
kubernetes/kubernetes 6614 6239 [0.2973184934639883, 0.11324595608945409, 0.0967741935483871, 0.16666666666666666, 0.5238095238095238, 0, 2, 1.0, 8] 1
kubernetes/kubernetes 25688 25326 [0.14905355921290428, 0.1158266809503694, 0.006134969325153374, 0.375, 0.6124197002141327, 0, 3, 1.4031965432942202, 7] 1
kubernetes/kubernetes 22501 21535 [0.05921868395693806, 0.0, 0.24065420560747663, 0.2727272727272727, 0.6, -1, 3, 1.0, 13] 1
kubernetes/kubernetes 44288 40234 [0.0, 0.42446946000383273, 0.08024691358024691, 0.09090909090909091, 0.2777777777777778, -1, 2, 0, 79] 1
kubernetes/kubernetes 45065 45034 [0.1246981808968775, 0.022792304851460193, 0.031914893617021274, 0.42857142857142855, 0.5977011494252874, 0, 3, 1.0, 0] 1
kubernetes/kubernetes 24881 24201 [0.2175912022085894, 0.3000733032021979, 0.14347826086956522, 0.75, 0.3939393939393939, 0, 3, 1.0, 14] 1
kubernetes/kubernetes 44313 44312 [0.11320362755435705, 0.21042296879464492, 0, 0.0, 0.0, 1, 0, 1.0, 0] 1
kubernetes/kubernetes 13758 13738 [0.06638936865848273, 0.15908618522498633, 0.125, 1.0, 0.8627450980392157, 1, 2, 1.0, 0] 1
kubernetes/kubernetes 7679 7615 [0.11319939879624732, 0.0, 0.025598219254312743, 0.06153846153846154, 0.2261682242990654, 0, 4, 1.0, 1] 1
kubernetes/kubernetes 29150 25524 [0.11926511236553043, 0.2170965591609306, 0.0, 0.1111111111111111, 0.0, 0, 1, 1.0, 67] 1
kubernetes/kubernetes 33101 33099 [0.16197352096330275, 0.7582931214770674, 0, 0.0, 0.0, 1, 0, 1.0, 0] 1
kubernetes/kubernetes 13628 13616 [0.5384460028795548, 0.006298716423467571, 0, 0.0, 0.0, 1, 0, 1.5313364992399925, 0] 1
kubernetes/kubernetes 35320 33616 [0.20007419866220433, 0.377567366019492, 0.04326123128119801, 0.09090909090909091, 0.16216216216216217, -1, 1, 1.414132717615713, 23] 1
kubernetes/kubernetes 30884 30802 [0.12837801137657012, 0.40873090689124497, 0, 0.0, 0.0, 0, 0, 1.0, 0] 1
kubernetes/kubernetes 10440 7053 [0.4400695263836412, 0.0017088734092925383, 0.15130023640661938, 0.10975609756097561, 0.421195652173913, 0, 9, 1.4047579150430427, 67] 1
kubernetes/kubernetes 23043 22845 [0.14383250554717408, 0.6204997231366762, 0.0, 0.5, 1.0, 0, 1, 1.0, 5] 1
kubernetes/kubernetes 35609 35556 [0.16675374619837818, 0.4692980578080194, 0.0, 0.0017761989342806395, 1.0, 0, 1, 1.233901416975478, 0] 1
kubernetes/kubernetes 3200 3199 [0.2547924558955318, 0.0, 0.9166666666666666, 0.2727272727272727, 0.7741935483870968, 0, 3, 1.4027313578676956, 0] 1
kubernetes/kubernetes 40421 40400 [0.3024748840455039, 0.21483320743252274, 0, 0.14285714285714285, 0.72, 1, 1, 1.0, 0] 1
kubernetes/kubernetes 21130 20665 [0.1627341234149499, 0.31400119392589926, 0, 0.13333333333333333, 1.0, 1, 2, 1.0, 7] 1
kubernetes/kubernetes 44839 44583 [0.21360751573490908, 0.059323754960241205, 0.0, 0.07692307692307693, 0.5909090909090909, 0, 1, 1.3181938511934972, 6] 1
kubernetes/kubernetes 10609 10453 [0.2068550144767372, 0.0, 0, 0.5, 1.0, -1, 3, 1.4025559486968842, 3] 1
kubernetes/kubernetes 15043 14871 [0.5114137776427105, 0.0, 0.06153846153846154, 0.25, 0.5579710144927537, 0, 1, 1.4045885169381156, 2] 1
kubernetes/kubernetes 6976 5012 [0.26688547213881525, 0.15860882584635366, 1.0, 0.043478260869565216, 1.0, 0, 1, 1.361741136321866, 44] 1
kubernetes/kubernetes 14675 14564 [0.18100133161506118, 0.0, 0, 0.0, 0.0, 0, 0, 1.6568860343104626, 3] 1
kubernetes/kubernetes 46478 46383 [0.2646816844190882, 0.15504874999230772, 0.0, 0.5, 0.54, -1, 1, 1.2291506813994966, 1] 1
kubernetes/kubernetes 44838 44583 [0.24747770723371096, 0.07041700759970972, 0.0, 0.07692307692307693, 1.0, 0, 1, 1.3181938511934972, 6] 1
kubernetes/kubernetes 44727 44463 [0.24084468810935233, 0.1573829127250729, 0, 0.0, 0.0, 0, 0, 1.0, 6] 1
kubernetes/kubernetes 34246 34083 [0.21639613117049275, 0.4621938122485223, 0.015625, 0.03571428571428571, 0.4857142857142857, 1, 1, 1.0, 1] 1
kubernetes/kubernetes 25512 22737 [0.6031966132042427, 0.22985516383364094, 0.018867924528301886, 0.2, 0.5471698113207547, 0, 2, 1.4130025110040243, 63] 1
kubernetes/kubernetes 26097 25973 [0.015643358098811247, 0.0, 0.13333333333333333, 1.0, 0.6296296296296297, 0, 1, 1.0, 3] 1
kubernetes/kubernetes 29995 29447 [0.17642432227717478, 0.04572828555932401, 0.5774099318403116, 1.0, 0.9030226700251889, 0, 2, 1.0, 12] 1
kubernetes/kubernetes 5466 5022 [0.13950621949701772, 0.018402466214323156, 0.008928571428571428, 0.3333333333333333, 0.48214285714285715, -1, 1, 1.833255908683149, 9] 1
kubernetes/kubernetes 16283 14493 [0.19382335048596092, 0.2689476377115442, 0.22674418604651161, 1.0, 0.5081967213114754, 0, 1, 1.2230352079386262, 32] 1
kubernetes/kubernetes 41761 41756 [0.132929842081155, 0.0071891055786451235, 0, 1.0, 0.52, 0, 1, 1.403746566139478, 0] 1
kubernetes/kubernetes 5784 5775 [0.08318755633877246, 0.0, 0.0, 0.3, 0.4564459930313589, -1, 3, 1.4091931043345332, 0] 1
kubernetes/kubernetes 31287 31282 [0.1773178248199704, 0.6039010913118775, 0.0, 0.25, 0.0, 0, 1, 1.3950476369126426, 0] 1
kubernetes/kubernetes 24556 24537 [0.04450212842965492, 0.6840524351778325, 0.52, 1.0, 0.5407725321888412, 1, 1, 1.0, 0] 1
kubernetes/kubernetes 14229 14213 [0.029728965263262307, 0.0, 1.0, 0.5, 1.0, 0, 2, 1.0, 0] 1
kubernetes/kubernetes 21532 21357 [0.08979708331317314, 0.05645576042386494, 0.0, 1.0, 1.0, 0, 1, 1.0, 2] 1
kubernetes/kubernetes 2412 2397 [0.2568777953307423, 0.0, 0.8779472954230236, 0.8888888888888888, 0.9820051413881749, 0, 8, 1.0, 1] 1
kubernetes/kubernetes 4393 4390 [0.23394699623690662, 0.15645923901684805, 0, 1.0, 1.0, 0, 1, 1.4105340510582534, 0] 1
kubernetes/kubernetes 8931 8743 [0.4292841694265791, 0.16318247203178413, 0, 0.0, 0.0, 1, 0, 1.3985073236889036, 4] 1
kubernetes/kubernetes 39342 39293 [0.16708451683198902, 0.02330844768226532, 1.0, 0.001349527665317139, 1.0, -1, 1, 1.0, 3] 1
kubernetes/kubernetes 10746 10512 [0.22924129696643455, 0.1566665044153437, 0.23636363636363636, 1.0, 0.0, 0, 1, 1.4015716387920416, 6] 1
kubernetes/kubernetes 5763 5233 [0.3680703833336041, 0.06838808121224835, 0.020618556701030927, 0.057692307692307696, 0.3672566371681416, 1, 3, 1.6321725673206706, 11] 1
kubernetes/kubernetes 41546 41427 [0.13390907170238694, 0.037209147069365296, 0.8435074854873205, 0.5632754342431762, 0.8156795930120945, 0, 227, 1.0, 1] 1
kubernetes/kubernetes 17264 17195 [0.10308314836722357, 0.05251429579952742, 0.01971830985915493, 0.1111111111111111, 0.7471526195899773, -1, 1, 1.4132784995871321, 0] 1
kubernetes/kubernetes 9838 9730 [0.27674317837419177, 0.04765079227364097, 0, 1.0, 0.6956521739130435, 0, 1, 1.0, 3] 1
kubernetes/kubernetes 38546 1932 [0.0356964212219414, 0.0, 0, 0.0, 0.0, 0, 0, 1.0, 780] 1
kubernetes/kubernetes 28966 25342 [0.36492438193673826, 0.18355228630296747, 0.12844036697247707, 0.5, 0.7338403041825095, 0, 2, 1.414189976525095, 66] 1
kubernetes/kubernetes 32064 32049 [0.5639819863188228, 0.6496494582457978, 0, 1.0, 1.0, 0, 1, 1.6813526661617924, 0] 1
kubernetes/kubernetes 40379 40378 [0.3713083566642841, 0.0, 0.0, 1.0, 0.0, 0, 1, 1.7188153203707799, 0] 1
kubernetes/kubernetes 36597 36294 [0.23081466248712126, 0.7522829544369739, 0.2, 0.5, 0.25, -1, 1, 1.403658235938189, 4] 1
kubernetes/kubernetes 11475 11474 [0.3694639138187023, 0.0, 0, 1.0, 1.0, 0, 1, 1.183834539628066, 0] 1
kubernetes/kubernetes 36434 32811 [0.7880729216796416, 0.8501779385345071, 0.8484848484848485, 0.75, 0.5473684210526316, 1, 3, 1.918252785975632, 53] 1
kubernetes/kubernetes 41942 37571 [0.3261423588297029, 0.28647160994717874, 0, 0.0, 0.0, -1, 0, 1.403658235938189, 86] 1
kubernetes/kubernetes 11219 10234 [0.3792631435951897, 0.07287733323685512, 0, 0.0, 0.0, 1, 0, 1.4071456596303198, 20] 1
kubernetes/kubernetes 35835 35817 [0.36890075401795375, 0.5679162930093902, 0.0, 1.0, 1.0, 0, 1, 1.4078792216451075, 0] 1
kubernetes/kubernetes 45920 45918 [0.36419552316762177, 0.13033801064159153, 0.2765714285714286, 0.29545454545454547, 0.6209386281588448, -1, 13, 1.4061835453390528, 0] 1
kubernetes/kubernetes 16495 16152 [0.5388695594046898, 0.3356666878846048, 0.13389121338912133, 0.6666666666666666, 0.8215297450424929, 1, 6, 1.349952570997415, 6] 1
kubernetes/kubernetes 31741 31682 [0.6276596770780677, 0.3799053615732528, 0, 1.0, 1.0, 0, 3, 1.3999269818945748, 0] 1
kubernetes/kubernetes 16227 15791 [0.2086510077671074, 0.07158428037986489, 0.08525345622119816, 0.3333333333333333, 0.6828193832599119, 0, 1, 1.4141894233569792, 7] 1
kubernetes/kubernetes 20141 19706 [0.2574083716011888, 0.08275537772984277, 0, 1.0, 0, 0, 1, 1.7153246598838758, 10] 1
kubernetes/kubernetes 35732 34152 [0.33206816731947525, 0.4571966497953005, 0.030927835051546393, 0.5, 0.0, 0, 2, 1.4132784995871321, 21] 1
kubernetes/kubernetes 19932 19807 [0.7029661303446235, 0.0, 0.4739099356683345, 0.2037037037037037, 0.960811756473058, 0, 11, 1.4063110984907368, 2] 1
kubernetes/kubernetes 8309 8303 [0.3840746418332275, 0.10354354708297703, 0.2, 1.0, 1.0, 0, 2, 1.412229683924523, 0] 1
kubernetes/kubernetes 38591 38452 [0.4594970439364159, 0.24291024971150038, 0.06451612903225806, 1.0, 0.28735632183908044, 0, 1, 1.620930571721094, 2] 1
kubernetes/kubernetes 22163 22131 [0.2915414318091928, 0.01782970698302528, 0, 0.0, 0.0, 0, 0, 1.7173247074375382, 1] 1
kubernetes/kubernetes 46695 46346 [0.6970443945955007, 0.9774999681856658, 0.34265734265734266, 0.5, 0.0, 0, 1, 1.2132113979191013, 6] 1
kubernetes/kubernetes 34811 34144 [0.1704147044494683, 0.46506212626708343, 0.13095238095238096, 0.1, 0.06931464174454828, 0, 2, 1.0, 8] 1
kubernetes/kubernetes 14098 14083 [0.48806159591250403, 0.2543037303525845, 0, 1.0, 1.0, 0, 1, 1.2060155762459308, 0] 1
kubernetes/kubernetes 17169 17167 [0.3846353931485763, 0.035262115446310575, 1.0, 1.0, 1.0, 0, 1, 1.5075579682295337, 0] 1
kubernetes/kubernetes 13894 12717 [0.29549720729595025, 0.0, 0.13142857142857142, 0.3333333333333333, 0.8383838383838383, -1, 2, 1.4141313252399457, 29] 1
kubernetes/kubernetes 5307 5302 [0.5161540804729223, 0.0, 0, 1.0, 1.0, 0, 1, 1.6180329409386978, 0] 1
kubernetes/kubernetes 46666 45575 [0.4881006750041319, 0.4076046205139211, 0, 0.0, 0.0, 1, 0, 1.7070689116561129, 20] 1
kubernetes/kubernetes 43145 42152 [0.25940941766892306, 0.15925028315497392, 0, 1.0, 0.7142857142857143, 0, 1, 1.636175659641269, 16] 1
kubernetes/kubernetes 5298 5293 [0.6097695637208376, 0.21796966008222854, 0, 1.0, 1.0, 0, 1, 1.7016443897171174, 0] 1
kubernetes/kubernetes 42202 41745 [0.28847344157455074, 0.29208737401420376, 0.6375417239348125, 0.78125, 0.8780386453355495, 0, 25, 1.390479489233282, 7] 1
kubernetes/kubernetes 28994 28604 [0.4604691623122586, 0.0, 0.0, 0.13333333333333333, 0.38016528925619836, -1, 2, 1.730045448133382, 7] 1
kubernetes/kubernetes 44500 42007 [0.3537201532170132, 0.4439530960629614, 0, 0.14285714285714285, 0.8904109589041096, 0, 7, 1.0, 49] 1
kubernetes/kubernetes 44934 44908 [0.5427139388801615, 0.0640448168715174, 0.72, 0.3333333333333333, 0.7083333333333334, 0, 1, 1.9486094668631133, 0] 1
kubernetes/kubernetes 4698 4494 [0.03881786193358244, 0.6493529409634368, 0.2800982800982801, 0.3333333333333333, 0.8177570093457944, 1, 1, 1.0, 3] 1
kubernetes/kubernetes 46307 45649 [0.5782564128405853, 0.06503645871872586, 0.5518134715025906, 1.0, 0.9608938547486033, 0, 2, 2.1393758667233813, 12] 1
kubernetes/kubernetes 41959 41663 [0.6195275044285901, 0.4457253724257918, 0.020123839009287926, 0.1, 0.2089041095890411, 0, 1, 1.4121832940655321, 5] 1
kubernetes/kubernetes 28414 24299 [0.41895335550328977, 0.7306147767031184, 0.20874751491053678, 0.3333333333333333, 0.35, 1, 2, 1.7279884592341919, 78] 1
kubernetes/kubernetes 30848 29741 [0.7644270574373068, 0.6487467629444661, 0.7051282051282052, 0.6666666666666666, 0.9808575803981623, 0, 4, 1.6862721465707216, 20] 1
kubernetes/kubernetes 273 169 [0.3981245115290291, 0.0, 0.15625, 0.3333333333333333, 0.75, 0, 1, 1.4137747169151837, 8] 1
kubernetes/kubernetes 22110 20384 [0.4227537851588899, 0.12322900356227938, 0.9598540145985401, 0.8571428571428571, 0.99, -1, 24, 1.6786603364780022, 26] 1
kubernetes/kubernetes 30654 30476 [0.5419727238026499, 0.5580792786418461, 0.013333333333333334, 1.0, 0.0, 0, 1, 2.0955037469202136, 4] 1
kubernetes/kubernetes 15902 15840 [0.46309687705769464, 0.08849064263654648, 0.0, 1.0, 0.0, 0, 1, 1.8170938948141702, 0] 1
kubernetes/kubernetes 45463 45263 [0.5704541379772545, 0.24797908638383862, 0.011560693641618497, 0.11764705882352941, 0.8860103626943006, -1, 2, 2.170957553118992, 4] 1
kubernetes/kubernetes 9575 7227 [0.5977490760963877, 0.523650429763775, 0.3333333333333333, 0.8571428571428571, 1.0, 0, 6, 2.137371862449711, 47] 1
kubernetes/kubernetes 85 82 [0.5956714814663706, 0.0, 0.7894736842105263, 1.0, 1.0, 0, 1, 1.3727161085556676, 0] 1
kubernetes/kubernetes 46869 46863 [0.41848786347156675, 0.1990236067421505, 0, 0.5, 1.0, 0, 1, 1.0, 0] 1
kubernetes/kubernetes 18377 18341 [0.5978391115977629, 0.0, 0.0, 0.5, 0.0, 0, 1, 1.407023509447527, 0] 1
kubernetes/kubernetes 34972 29489 [0.5317914881173197, 0.6556618947481211, 0.1744186046511628, 0.5, 0.9029126213592233, 0, 1, 1.8924198133025891, 86] 1
kubernetes/kubernetes 37137 35550 [0.45385766778292913, 0.5102953137496258, 0, 0.0, 0.0, 1, 0, 2.0978656538370393, 24] 1
kubernetes/kubernetes 3274 3270 [0.29390470171645267, 0.043681799429356176, 0.25287356321839083, 0.38461538461538464, 0.38934426229508196, 0, 5, 1.409782539742642, 0] 1
kubernetes/kubernetes 28294 28251 [0.4035076377431149, 0.09133891003565105, 0.0, 0.5, 1.0, 1, 1, 1.7136729304530811, 0] 1
kubernetes/kubernetes 44909 44462 [0.4426175517901942, 0.1109908538327126, 0, 0.5, 1.0, -1, 1, 1.569492188748621, 11] 1
kubernetes/kubernetes 40380 40379 [0.44466896255229904, 0.0, 0.0, 1.0, 0.6666666666666666, 0, 1, 1.5583345739382735, 0] 1
kubernetes/kubernetes 12980 12895 [0.6577963338432543, 0.42750946038537974, 0.14545454545454545, 0.5, 0.0, 1, 1, 2.281215260605792, 1] 1
kubernetes/kubernetes 28606 28206 [0.5514709336899268, 0.011608302481765575, 0.9285714285714286, 0.25, 0.7307692307692307, 0, 1, 1.8908142376651618, 8] 1
kubernetes/kubernetes 43902 43871 [0.5139383144456479, 0.4154229543837513, 0.494716618635927, 1.0, 0.7850799289520426, 0, 5, 1.8423735852788314, 0] 1
kubernetes/kubernetes 13800 13680 [0.43495290203249215, 0.28850796248583227, 0.11632270168855535, 1.0, 0.14225941422594143, 0, 2, 1.7692729772026485, 1] 1
kubernetes/kubernetes 3577 3555 [0.5096503719510352, 0.0, 0, 0.0, 0.0, 0, 0, 1.8019353270487375, 0] 1
kubernetes/kubernetes 13165 13154 [0.32517371950146146, 0.11736639714009198, 1.0, 1.0, 1.0, 0, 1, 1.586542299162974, 0] 1
kubernetes/kubernetes 41342 41308 [0.5502917450557898, 0.05779381965737427, 0.25925925925925924, 1.0, 0.5714285714285714, 0, 1, 1.5950458273611443, 0] 1
kubernetes/kubernetes 47684 47223 [0.23334231942245556, 0.10503448293335804, 0.0, 1.0, 1.0, 1, 1, 1.2580906592589751, 7] 1
kubernetes/kubernetes 19406 19324 [0.771407033533672, 0.0, 0.0, 1.0, 0.9090909090909091, 0, 5, 2.2029101003599787, 2] 1
kubernetes/kubernetes 11284 10824 [0.23724109684813952, 0.13521308032772003, 0.0, 1.0, 1.0, 0, 1, 1.6336395477552312, 7] 1
kubernetes/kubernetes 38587 38571 [0.7097893386975332, 0.06935557698980278, 1.0, 1.0, 1.0, -1, 1, 1.9104287512837161, 0] 1
kubernetes/kubernetes 20057 19510 [0.5082499618871762, 0.0, 0.09310344827586207, 0.9444444444444444, 0.9620681754537818, 0, 17, 2.1464319406350754, 11] 1
kubernetes/kubernetes 44966 44943 [0.5865253604743427, 0.29782758211880583, 1.0, 1.0, 1.0, 0, 1, 1.6980995007523532, 0] 1
kubernetes/kubernetes 36195 36186 [0.6895439093569117, 0.6558668330165334, 0.9209541627689429, 0.5, 1.0, 0, 2, 2.466104720303485, 0] 1
kubernetes/kubernetes 34424 32408 [0.7842943034714861, 0.5884360805012149, 0.0547945205479452, 0.125, 0.7837837837837838, 0, 1, 1.9911267312935208, 30] 1
kubernetes/kubernetes 30928 30880 [0.5949878023632439, 0.47133863012237015, 0.5681818181818182, 0.75, 1.0, 0, 3, 1.412055525715624, 0] 1
kubernetes/kubernetes 2669 2652 [0.6883139199772789, 0.17110893980921751, 0, 1.0, 1.0, 0, 1, 2.191333454727973, 2] 1
kubernetes/kubernetes 29854 29185 [0.4236815325518344, 0.3612162379153947, 0.0, 0.25, 1.0, 0, 1, 1.601673115119675, 13] 1
kubernetes/kubernetes 21365 21361 [0.29238177436748386, 0.0, 0.2222222222222222, 0.5, 0.72, 1, 2, 1.7045754423412527, 0] 1
kubernetes/kubernetes 35839 35760 [0.8357076590434991, 0.42779362522731573, 0.3420355656451003, 0.4166666666666667, 0.3941908713692946, 1, 10, 1.3992569000558102, 0] 1
kubernetes/kubernetes 43666 42717 [0.949848251955312, 0.21341058509387448, 0.7368421052631579, 0.8529411764705882, 0.8872785829307569, 0, 29, 2.5128617220043976, 17] 1
kubernetes/kubernetes 25995 23473 [0.8869558793002661, 0.04248184306103079, 0.15730337078651685, 0.3333333333333333, 0.8813559322033898, 0, 1, 1.794575259743624, 56] 1
kubernetes/kubernetes 6964 6952 [0.7065712076108532, 0.08321452539664564, 0.058823529411764705, 0.25, 0.0, 0, 1, 1.6584232204191942, 0] 1
kubernetes/kubernetes 28053 28052 [0.8658969634784582, 0.38889606410822786, 1.0, 1.0, 1.0, 1, 5, 1.8042656334098266, 0] 1
kubernetes/kubernetes 46823 46739 [0.8963923216600302, 0.13023594878049677, 0.0, 1.0, 0.8586497890295358, -1, 8, 3.01469562716744, 1] 1
kubernetes/kubernetes 37140 36826 [0.5482435366156471, 0.682283537173233, 1.0, 0.2, 1.0, 1, 1, 1.8042656334098266, 3] 1
kubernetes/kubernetes 19884 19725 [1.0, 0.9085161993386988, 1.0, 1.0, 1.0, 0, 1, 2.183989174498751, 4] 1
kubernetes/kubernetes 44969 43936 [1.0, 0.47707110949154474, 0.5921137685843568, 1.0, 0.8656429942418427, 1, 2, 2.415379239273672, 25] 1
kubernetes/kubernetes 43719 42815 [1.0, 0.6171862354951454, 1.0, 0.625, 1.0, -1, 5, 2.563070872815105, 18] 1
kubernetes/kubernetes 39634 39632 [0.733340168674626, 0.6688735091832254, 0.43478260869565216, 1.0, 0.8837209302325582, 1, 3, 1.8250822483613072, 0] 1
