angular/angular.js 8206 8177 [0.0, 0.18828672984465164, 0.0, 1.0, 1.0, 0] 1
angular/angular.js 14635 12682 [0.11041903101032499, 0.08871410366806876, 0.8058066296105564, 0.5, 0.0, 0] 1
angular/angular.js 1602 1564 [0.012686764247000762, 0.0, 0.9583800885187983, 0.14285714285714285, 1.0, -1] 1
angular/angular.js 3025 2522 [0.0, 0.13822211565037798, 0.7472423250210534, 0.5, 0.5853658536585366, 0] 1
angular/angular.js 3197 3082 [0.0, 0.0, 0.35743428521328957, 0.5, 0.0, -1] 1
angular/angular.js 5976 5536 [0.11418896594312646, 0.054335764293007696, 0.2113281652977169, 0.6, 0.935064935064935, 0] 1
angular/angular.js 4021 3897 [0.0, 0.3342203859983423, 1.0, 0.5, 1.0, -1] 1
angular/angular.js 9481 9478 [0.0, 0.0071836278162000465, 0.0, 0.0, 0.0, 0] 1
angular/angular.js 8206 8130 [0.0, 0.12062328254813871, 0.0, 1.0, 1.0, 0] 1
angular/angular.js 2362 2307 [0.01619269568511511, 0.0, 0.0, 1.0, 1.0, 0] 1
angular/angular.js 12362 12307 [0.0, 0.0, 0.996682918528462, 0.38446969696969696, 0.9385608260729268, 0] 1
angular/angular.js 3082 2835 [0.0, 0.0, 0.5986843400892498, 0.5, 0.7575757575757576, 0] 1
angular/angular.js 7960 7776 [0.0, 0.17650545496796227, 0.0, 0.1, 0.0, 0] 1
angular/angular.js 3699 3697 [0.10893573689050547, 0.0, 0.0, 0.0, 0.0, 0] 1
angular/angular.js 12933 12166 [0.09522810461802524, 0.1556523935087519, 0.5098300908202665, 0.3333333333333333, 1.0, 0] 1
angular/angular.js 9905 8005 [0.06655975138176141, 0.07806769683620621, 0.08691405714291135, 0.2727272727272727, 0.12110726643598616, 0] 1
angular/angular.js 9013 4858 [0.26702209026526624, 0.26721971119812227, 0.9145147297440672, 0.13963039014373715, 0.9084194977843427, 0] 1
angular/angular.js 5080 3376 [0.3887338345777525, 0.04187534394921965, 0.8164965809277259, 1.0, 0.4166666666666667, 0] 1
angular/angular.js 9917 9265 [0.006593983336262553, 0.01769993003826611, 0.06804138174397717, 0.4, 0.5277777777777778, -1] 1
angular/angular.js 2439 2060 [0.11051752812066316, 0.15823220765358426, 0.3494816226644152, 0.5, 0.0, 0] 1
angular/angular.js 2260 2216 [0.24046245406913425, 0.0, 0.900681859298309, 0.5714285714285714, 0.9296097934200459, 0] 1
angular/angular.js 10592 7762 [0.20678942206290002, 0.03174131393718988, 0.18751628932547798, 0.6666666666666666, 0.7805105853051059, 0] 1
angular/angular.js 2488 2396 [0.19191445984349337, 0.3243143570354645, 0.9999999999999999, 0.5, 1.0, 0] 1
angular/angular.js 4612 4479 [0.061563083285009555, 0.19777140192109943, 0.0, 0.0, 0.0, 1] 1
angular/angular.js 5174 5110 [0.6151832811342313, 0.023342647872798303, 0.8553372034476998, 1.0, 1.0, 0] 1
angular/angular.js 12524 12477 [0.37300286566203905, 0.0, 0.4125926379862166, 0.45454545454545453, 0.8939226519337017, 0] 1
angular/angular.js 4369 4351 [0.2571708107970444, 0.0, 0.0, 1.0, 1.0, 0] 1
angular/angular.js 15542 15538 [0.01388954923108169, 0.2407411688920337, 0.6324555320336759, 0.5, 1.0, 1] 1
angular/angular.js 2265 2252 [0.7123509570949172, 0.0, 0.0, 0, 0.0, 0] 1
angular/angular.js 6716 6692 [0.3238729834853058, 0.0, 0.0, 1.0, 0.0, 0] 1
angular/angular.js 14967 6412 [0.25142493380283243, 0.3889887257150275, 0.5941006089072717, 0.6666666666666666, 0.0, 0] 1
angular/angular.js 10619 10618 [0.22366402714659178, 0.0, 0.6458397238688365, 1.0, 1.0, 0] 1
angular/angular.js 12072 4282 [0.41051468998634894, 0.013846876761544563, 0.20473877443018715, 0.2, 0.0, -1] 1
angular/angular.js 4171 4083 [0.32142969038662705, 0.2267204703272707, 0.0, 0.5, 0.5641025641025641, 1] 1
angular/angular.js 15919 15917 [0.6046811153131962, 0.38757887155961357, 0.0, 1.0, 0.0, 0] 1
angular/angular.js 8716 8628 [0.4683168137407706, 0.14341396904016354, 0.8327454532230836, 0.3333333333333333, 0.4065244667503137, 1] 1
angular/angular.js 3393 1745 [0.3695049031594194, 0.1806819884818354, 0.14462283564076908, 0.3333333333333333, 0.5380434782608695, 0] 1
angular/angular.js 7079 6474 [0.03279330365105333, 0.09640381787320894, 0.9192547197409877, 1.0, 1.0, 1] 1
angular/angular.js 4086 3135 [0.18245466096769528, 0.0946354274830163, 0.06537204504606134, 0.3333333333333333, 0.0, 0] 1
angular/angular.js 8626 8606 [0.5048357145164946, 0.2220134055885849, 0.0, 1.0, 1.0, 0] 1
angular/angular.js 7906 7903 [0.1980718206579569, 0.633928938163718, 0.617171799771944, 0.5, 0.92, 1] 1
angular/angular.js 5108 5101 [0.34534695633462825, 0.6031592635254328, 0.5361534927829378, 0.5, 0.0, 1] 1
angular/angular.js 9827 5746 [0.3551664627732167, 0.2294443243980897, 0.0, 0.5, 0.0, 0] 1
angular/angular.js 8492 8233 [0.2757798017377333, 0.006077763751874607, 0.0, 1.0, 0.0, 0] 1
angular/angular.js 7479 7262 [0.6239001764684398, 0.06098679345323477, 0.0, 0.5, 1.0, 0] 1
angular/angular.js 8206 8133 [0.34572807911012104, 0.34573758067875654, 0.0, 0.0, 0.0, 0] 1
angular/angular.js 9356 8837 [0.3960057302440794, 0.0, 0.0, 0.18181818181818182, 0.9457364341085271, 0] 1
angular/angular.js 4530 4410 [0.44593795908113404, 0.3921358800020787, 0.0, 1.0, 1.0, 0] 1
angular/angular.js 1851 1701 [0.4841875780939947, 0.217925345990357, 0.7522977885190791, 1.0, 0.5333333333333333, 0] 1
angular/angular.js 13497 13495 [0.6287943261679688, 0.22376580741992938, 0.0, 1.0, 1.0, -1] 1
angular/angular.js 4940 4529 [0.5602722694310404, 0.31777770518964044, 0.3175003175004763, 0.5, 1.0, 1] 1
angular/angular.js 5084 4872 [0.48728170745339544, 0.778462887828291, 0.9634152286193778, 1.0, 0.6261261261261262, 1] 1
angular/angular.js 11803 11722 [0.7731461976018611, 0.425646993655194, 0.5525325475004752, 0.6, 0.3271604938271605, 1] 1
angular/angular.js 6986 6983 [0.6487364844473905, 0.5132781592767172, 0.8583124998696603, 0.3333333333333333, 1.0, 1] 1
angular/angular.js 6215 6098 [0.5887134844493063, 0.4690078096759035, 0.3607904303611868, 0.6666666666666666, 0.5735294117647058, 0] 1
angular/angular.js 4544 4410 [0.7416352074804874, 0.3921358800020787, 0.0, 1.0, 1.0, 0] 1
angular/angular.js 4916 4860 [0.0, 0.0, 0.0, 1.0, 1.0, 0] 1
angular/angular.js 4968 4963 [0.18668861653291544, 0.0, 0.0, 1.0, 0.0, 0] 1
angular/angular.js 6876 6065 [0.6059627336706666, 0.07612976952638885, 0.9177136357643809, 1.0, 0.0, -1] 1
angular/angular.js 2399 2357 [0.6115167319049427, 0.08173080264520145, 0.0, 0.1, 1.0, 0] 1
angular/angular.js 4658 4615 [0.5796924539593776, 0.0, 0.0, 1.0, 1.0, 0] 1
angular/angular.js 6807 6801 [0.7032258934620867, 0.4758725627325168, 0.8540823544386387, 1.0, 1.0, 1] 1
angular/angular.js 4630 4512 [0.0, 0.8397518280611784, 1.0, 1.0, 1.0, 0] 1
angular/angular.js 11973 11097 [0.5001000683016487, 0.15817007253291637, 1.0, 0.5, 0.0, 0] 1
angular/angular.js 13942 13941 [0.34229623298351625, 0.8616719620340307, 0.0, 0.5, 1.0, 1] 1
angular/angular.js 3198 2773 [0.6830990642270907, 0.29889597101250215, 0.2494011967449215, 0.5, 1.0, 0] 1
angular/angular.js 11028 9964 [0.6746048412139484, 0.6398980707668638, 1.0, 0.5, 0.6666666666666666, 0] 1
angular/angular.js 8034 8032 [0.3412214789974107, 0.01629695397469304, 0.406886744414977, 1.0, 1.0, 0] 1
angular/angular.js 4924 4854 [0.0, 0.0, 0.0, 1.0, 1.0, 0] 1
angular/angular.js 4300 3898 [0.2892309292887156, 0.30863971981629557, 0.5897678246195885, 1.0, 0.56, 0] 1
angular/angular.js 1514 1045 [0.09588097863574083, 0.16860182987100897, 0.4231531103160293, 1.0, 0.0, 0] 1
angular/angular.js 11790 11443 [0.2423202788848573, 0.016084009198573286, 0.06004429901180989, 0.4, 0.0, 0] 1
angular/angular.js 4833 4337 [0.6438660930806887, 0.4920271903005497, 0.00917649204774775, 0.25, 0.0, 0] 1
angular/angular.js 8108 7902 [0.551032531721751, 0.0703850999024727, 0.3914007794265957, 1.0, 1.0, 0] 1
angular/angular.js 2357 2199 [0.18038184434125956, 0.5064713704178663, 0.0, 1.0, 1.0, 0] 1
angular/angular.js 4308 3848 [0.5480411166187721, 0.18563372512215276, 0.12585344410618476, 1.0, 0.7020408163265306, -1] 1
angular/angular.js 3958 3898 [0.24898310241378366, 0.49746125190888135, 0.5897678246195885, 1.0, 0.56, 0] 1
angular/angular.js 8205 7968 [0.8876800929193905, 0.223187347610086, 0.5848976518656018, 0.5, 0.0, 0] 1
angular/angular.js 4642 4615 [0.6406782101941526, 0.0, 0.0, 1.0, 1.0, 0] 1
angular/angular.js 10335 10330 [0.1544447437509071, 0.07866228140652431, 0.0, 1.0, 0.4423076923076923, 0] 1
angular/angular.js 4665 4615 [0.6256204349049364, 0.0, 0.0, 1.0, 1.0, 0] 1
angular/angular.js 5019 4067 [0.30760595383836276, 0.024622441757799367, 0.0, 0.0, 0.0, 0] 1
angular/angular.js 4292 3898 [0.5516658560760687, 0.0, 0.5897678246195885, 1.0, 0.56, 0] 1
angular/angular.js 7846 5063 [0.5621723410414196, 0.23645536400752426, 0.6160831149758973, 1.0, 0.25, 0] 1
angular/angular.js 10711 10327 [0.5150405582670586, 0.003196890573683935, 0.9999999999999998, 0.5, 1.0, 0] 1
angular/angular.js 12110 9791 [0.0, 0.0, 0.0, 1.0, 0.42424242424242425, 0] 1
angular/angular.js 3785 3761 [0.1552168432852061, 0.0, 0.0, 1.0, 1.0, 0] 1
angular/angular.js 3010 2522 [0.055260591432358515, 0.09775903175873325, 0.5604166538894864, 0.5, 0.5241935483870968, 0] 1
angular/angular.js 6885 6046 [0.14233197077029477, 0.0, 0.0, 1.0, 1.0, 0] 1
angular/angular.js 10585 5072 [0.6421840961223306, 0.6271700535494377, 0.8591491329157559, 1.0, 0.7652173913043478, 0] 1
angular/angular.js 10485 10476 [0.6930120224699686, 0.0, 1.0, 1.0, 1.0, 0] 1
angular/angular.js 9763 9321 [0.2071903127297462, 0.08626613542108778, 0.0, 0.25, 0.0, 0] 1
angular/angular.js 4532 4410 [0.4297072879173398, 0.0, 0.0, 1.0, 1.0, 0] 1
angular/angular.js 1616 1544 [0.0, 0.0, 0.24253562503633297, 0.05263157894736842, 0.7931034482758621, 0] 1
angular/angular.js 3452 2981 [0.3511016769529211, 0.14016948524234393, 0.5101327801706756, 1.0, 0.08620689655172414, 0] 1
angular/angular.js 4356 3898 [0.651276069435738, 0.2561999776475467, 0.5897678246195885, 1.0, 1.0, 0] 1
angular/angular.js 11593 11579 [0.4753658935169762, 0.011213877004656399, 0.6362740408673152, 1.0, 1.0, 0] 1
angular/angular.js 13014 9791 [0.3312115824706483, 0.0, 0.0, 1.0, 0.42424242424242425, 0] 1
angular/angular.js 10477 10443 [0.45404457051769814, 0.05902268826994443, 0.29814239699997197, 0.5, 1.0, 0] 1
angular/angular.js 14488 14085 [0.5646241428958366, 0.3493584795389281, 0.9999999999999998, 0.5, 1.0, 1] 1
angular/angular.js 7947 7868 [0.1257532944497724, 0.0, 0.0, 0.07142857142857142, 1.0, 0] 1
angular/angular.js 4193 3927 [0.0570506373988157, 0.0019788542071077484, 0.1720244639918768, 1.0, 0.0440251572327044, -1] 1
angular/angular.js 15535 15524 [0.7247914263796086, 0.012469041354708775, 0.0, 0, 0.0, 0] 1
angular/angular.js 15110 15106 [0.0571199021802863, 0.6021025148275511, 0.00727579894885408, 0.6666666666666666, 0.9620253164556962, 0] 1
angular/angular.js 11938 11937 [0.7112528724021684, 0.3633562307479089, 1.0, 1.0, 1.0, 0] 1
angular/angular.js 7999 5903 [0.6052415639820691, 0.31706135192979434, 0.6979160645851802, 0.25, 0.8947368421052632, 0] 1
angular/angular.js 7582 5674 [0.3275320295515559, 0.31838764094800437, 0.6058392513710816, 0.5, 0.3114754098360656, 0] 1
angular/angular.js 4646 4512 [0.6408646830872734, 0.17613714159241328, 1.0, 1.0, 1.0, 0] 1
angular/angular.js 11017 9854 [0.9338329669375903, 0.3812553714175928, 0.0, 0.0, 0.0, 1] 1
angular/angular.js 8516 8512 [0.6797056701555566, 0.6315011277298463, 0.30016680568428156, 1.0, 0.8409090909090909, 1] 1
angular/angular.js 11359 10985 [0.8435406464128914, 0.4933804696213614, 0.13363062095621217, 1.0, 0.7741935483870968, 0] 1
angular/angular.js 2273 1084 [0.9809750681952127, 0.5496876724321719, 0.9890356197201502, 1.0, 1.0, 0] 1
mozilla-b2g/gaia 1171 1170 [0.2456548161005711, 0.25679934186416703, 0.0, 1.0, 0.4375, 0] 1
mozilla-b2g/gaia 6795 6603 [0.3614387867748454, 0.0, 0.0, 1.0, 1.0, 1] 1
mozilla-b2g/gaia 13332 13292 [0.0006913573856239284, 0.0, 0.0, 0.04, 1.0, 0] 1
mozilla-b2g/gaia 9488 9457 [0.1164701850943277, 0.11192148708382073, 0.0, 0.5, 1.0, 0] 1
mozilla-b2g/gaia 9428 9349 [0.8072702632225495, 0.13121494018214722, 0.9999999999999998, 1.0, 1.0, 1] 1
mozilla-b2g/gaia 22947 22749 [0.6603488263795245, 0.0, 0.3768445758127967, 0.07142857142857142, 1.0, 1] 1
mozilla-b2g/gaia 18033 18000 [0.3488676496255611, 0.6831038394102705, 0.9999999999999998, 1.0, 1.0, 1] 1
mozilla-b2g/gaia 2459 2420 [0.0, 0.0, 0.0, 0.0, 0.0, 0] 1
mozilla-b2g/gaia 5772 5638 [0.0008004630860245242, 0.0, 0.0, 0.2857142857142857, 0.0038098140810728437, 0] 1
mozilla-b2g/gaia 12565 12520 [0.127630970083836, 0.10715217588170246, 0.4743416490252569, 1.0, 1.0, 0] 1
mozilla-b2g/gaia 10547 8726 [0.08829264685360401, 0.0, 0.0, 1.0, 1.0, 1] 1
mozilla-b2g/gaia 8383 8363 [0.24662426657160255, 0.0, 0.3939226197167016, 0.3333333333333333, 0.0, 1] 1
mozilla-b2g/gaia 9768 9467 [0.0, 0.0, 0.14907119849998599, 0.16666666666666666, 0.4186046511627907, 0] 1
mozilla-b2g/gaia 17425 17408 [0.0, 0.0, 0.0, 0.5, 1.0, 0] 1
mozilla-b2g/gaia 21450 21295 [0.0, 0.0, 0.9975093361076328, 0.6666666666666666, 1.0, 0] 1
mozilla-b2g/gaia 1010 1004 [0.0, 0.0, 0.0, 0.02564102564102564, 1.0, 0] 1
mozilla-b2g/gaia 21295 20806 [0.2498654157920782, 0.0, 0.9084882372342431, 0.5, 1.0, 0] 1
mozilla-b2g/gaia 6471 6466 [0.0007124098010427374, 0.0, 0.8944271909999159, 0.5, 1.0, 0] 1
mozilla-b2g/gaia 10228 10180 [0.1638826510102798, 0.27105473037727335, 0.5572821370559891, 0.5, 0.37037037037037035, 1] 1
mozilla-b2g/gaia 15218 15022 [0.06399977333421275, 0.0, 0.0, 1.0, 1.0, 0] 1
mozilla-b2g/gaia 11048 11032 [0.00033396057918007647, 0.0, 0.8155543973420071, 1.0, 0.38235294117647056, 0] 1
mozilla-b2g/gaia 3627 3600 [0.41588618754183443, 0.1172490648572857, 0.07273929674533079, 0.3333333333333333, 0.6521739130434783, 0] 1
mozilla-b2g/gaia 16480 16475 [0.2537465908583107, 0.0, 0.0, 1.0, 1.0, 1] 1
mozilla-b2g/gaia 14246 14107 [0.0007530091479532395, 0.272718848599497, 0.0, 1.0, 1.0, 0] 1
mozilla-b2g/gaia 28433 28349 [0.2871981534739793, 0.0008682682473106335, 0.0, 0.3333333333333333, 1.0, 1] 1
mozilla-b2g/gaia 7010 6996 [0.000554440131900824, 0.0, 0.08433313028905057, 0.375, 0.22297297297297297, 0] 1
mozilla-b2g/gaia 21899 21887 [0.5140398143141037, 0.0, 0.9933992677987827, 1.0, 1.0, 1] 1
mozilla-b2g/gaia 27959 27781 [0.3905449881376739, 0.0, 0.18028809537709617, 0.16666666666666666, 0.20259128386336867, 1] 1
mozilla-b2g/gaia 12134 11062 [0.4045466741802607, 0.30980807762302076, 0.6003462351943887, 1.0, 1.0, 1] 1
mozilla-b2g/gaia 17136 16651 [0.26014306337912446, 0.0, 0.6340795977811362, 0.4, 0.46218487394957986, 1] 1
mozilla-b2g/gaia 13480 12010 [0.5055739024646871, 0.0, 0.4305555555555556, 0.2857142857142857, 0.7567567567567568, 1] 1
mozilla-b2g/gaia 10373 10253 [0.0009414827698979777, 0.05753431460191684, 0.0, 0, 0.0, 0] 1
mozilla-b2g/gaia 27829 27430 [0.2910202696204509, 0.0, 0.8795982044994791, 1.0, 0.8, 0] 1
mozilla-b2g/gaia 13342 12014 [0.7412697942255071, 0.0, 0.0894208228038293, 0.2727272727272727, 0.5926773455377574, 1] 1
mozilla-b2g/gaia 23790 23101 [0.541581696365562, 0.0, 0.0, 0.3333333333333333, 1.0, 1] 1
mozilla-b2g/gaia 24321 24292 [0.6745838704083751, 0.0, 0.600385918471426, 0.5, 0.8275862068965517, 1] 1
mozilla-b2g/gaia 10980 10738 [0.8349902409831849, 0.1281762283912191, 0.9013574968785135, 0.8235294117647058, 0.9189046866771985, 1] 1
mozilla-b2g/gaia 7669 7587 [1.0, 0.24038304434870605, 0.40707982034270224, 1.0, 0.7758620689655172, 1] 1
kubernetes/kubernetes 661 657 [0.0, 0.40485960377751296, 0.4801153535226426, 0.5, 0.8620689655172413, 0] 1
kubernetes/kubernetes 2716 2694 [0.5307061187550018, 0.3362662215859763, 0.0, 1.0, 1.0, 0] 1
kubernetes/kubernetes 17024 14548 [0.462729447917209, 0.13137202179541357, 0.0, 0.0, 0.0, 1] 1
kubernetes/kubernetes 45263 43027 [0.5782006407553147, 0.5820758075704935, 0.03433353139400408, 0.1111111111111111, 0.9774436090225563, -1] 1
kubernetes/kubernetes 41036 41006 [0.574376884676942, 0.1373836833932438, 0.0, 1.0, 0.4117647058823529, 0] 1
kubernetes/kubernetes 56 52 [0.0, 0.0, 0.0, 1.0, 1.0, 0] 1
kubernetes/kubernetes 35745 32790 [0.5770461114003834, 0.48432255754662196, 0.9358786874253315, 0.5, 1.0, 0] 1
kubernetes/kubernetes 8639 7439 [0.02234907473400014, 0.20102588055813436, 0.0, 0.0, 0.0, 1] 1
kubernetes/kubernetes 61 52 [0.0, 0.0, 0.0, 1.0, 1.0, 0] 1
kubernetes/kubernetes 19759 15998 [0.18539101751459403, 0.021117539986764137, 0.0, 0.16666666666666666, 0.7058823529411765, 0] 1
kubernetes/kubernetes 30993 28284 [0.6466605345240646, 0.5613259463692666, 0.0, 0.26666666666666666, 1.0, 0] 1
kubernetes/kubernetes 10895 10784 [0.654719571531214, 0.09938766192851214, 0.5986807426631121, 0.125, 1.0, 1] 1
kubernetes/kubernetes 10232 9264 [0.6758203058416233, 0.0, 0.6204478762182246, 0.1, 1.0, 0] 1
kubernetes/kubernetes 31372 31361 [0.0, 0.7450247123021707, 0.9999999999999998, 0.5, 1.0, -1] 1
kubernetes/kubernetes 21531 21357 [0.43068319221882906, 0.30864836848106963, 0.0, 1.0, 1.0, 0] 1
kubernetes/kubernetes 33276 32120 [0.0, 0.8043752349348469, 0.4675251962445921, 1.0, 0.0, 0] 1
kubernetes/kubernetes 54 52 [0.0, 0.0, 0.0, 1.0, 1.0, 0] 1
kubernetes/kubernetes 30772 30771 [0.0, 0.6717147088211705, 0.0, 0.5, 0.4888888888888889, -1] 1
kubernetes/kubernetes 28037 28026 [0.0, 0.0, 0.6324555320336759, 1.0, 0.6666666666666666, 0] 1
kubernetes/kubernetes 3916 3915 [0.4929076411197541, 0.0, 0.0, 0.5, 0.3888888888888889, 0] 1
kubernetes/kubernetes 44344 43215 [0.0, 0.0, 0.0, 0.038461538461538464, 0.0, 0] 1
kubernetes/kubernetes 40322 39503 [0.0, 0.1886990792352835, 0.5661385170722979, 0.5, 1.0, 0] 1
kubernetes/kubernetes 45455 40210 [0.0, 0.0800652459971685, 0.0, 1.0, 0.6666666666666666, 0] 1
kubernetes/kubernetes 36168 36163 [0.0, 0.9715476984951649, 0.16308201826336052, 0.05555555555555555, 0.0, 0] 1
kubernetes/kubernetes 46923 46913 [0.0, 0.9759607349650623, 0.0, 0.16666666666666666, 0.0, -1] 1
kubernetes/kubernetes 1211 1210 [0.0, 0.01710871338251453, 0.6811779074425792, 1.0, 1.0, 0] 1
kubernetes/kubernetes 13322 13144 [0.023156557672137795, 0.2794339154340442, 0.3558174633152884, 0.08695652173913043, 0.8430379746835444, 0] 1
kubernetes/kubernetes 21786 21601 [0.0, 0.11886734262861702, 0.0, 0.993805918788713, 0.9925925925925926, 0] 1
kubernetes/kubernetes 4065 4056 [0.49537788825668005, 0.0, 0.0, 0, 0.0, 0] 1
kubernetes/kubernetes 47455 47074 [0.0, 0.16476172753877474, 0.0, 1.0, 1.0, 0] 1
kubernetes/kubernetes 24783 24549 [0.0, 0.4457082938780099, 0.0, 1.0, 0.4838709677419355, 0] 1
kubernetes/kubernetes 7503 7456 [0.12472401367872274, 0.2295280130651966, 0.0, 0.5, 0.375, -1] 1
kubernetes/kubernetes 47322 46193 [0.0, 0.02263929998783736, 0.0, 0.09090909090909091, 0.5185185185185185, 0] 1
kubernetes/kubernetes 28996 28978 [0.0, 0.17765719260041593, 0.29633362966711113, 1.0, 1.0, 0] 1
kubernetes/kubernetes 42529 42138 [0.0, 0.17238069114615057, 0.0, 0.0, 0.0, 0] 1
kubernetes/kubernetes 37269 275 [0.0, 0.0, 0.0, 0.0, 0.0, 0] 1
kubernetes/kubernetes 45273 44727 [0.0, 0.07156014063565752, 0.9146591207600472, 1.0, 0.0, 0] 1
kubernetes/kubernetes 34502 32109 [0.0, 0.23410635559875784, 0.0408248290463863, 0.01282051282051282, 1.0, 0] 1
kubernetes/kubernetes 20810 19559 [0.1238647846912475, 0.013882406494005241, 0.0, 0.2, 0.0, -1] 1
kubernetes/kubernetes 41210 41106 [0.0, 0.06746706468981703, 0.0, 0.2222222222222222, 0.825, 0] 1
kubernetes/kubernetes 26066 26059 [0.4114157077909994, 0.012634691858668829, 0.0, 0.0, 0.0, -1] 1
kubernetes/kubernetes 5741 5735 [0.05387603503157023, 0.0, 0.0, 0.5, 0.0, 0] 1
kubernetes/kubernetes 38751 38370 [0.0, 0.06101811124044447, 1.0, 1.0, 1.0, 0] 1
kubernetes/kubernetes 10883 10819 [0.0, 0.0, 0.9999999999999998, 0.5, 0.3493975903614458, 0] 1
kubernetes/kubernetes 38296 38285 [0.0, 0.0806229897257937, 0.03284430927214311, 0.1111111111111111, 0.0, 0] 1
kubernetes/kubernetes 25591 24509 [0.0, 0.029043243071540017, 0.2581988897471611, 0.045454545454545456, 1.0, 0] 1
kubernetes/kubernetes 9966 9854 [0.0, 0.13476613036240773, 0.2057262845290625, 1.0, 0.44660194174757284, 0] 1
kubernetes/kubernetes 44496 39342 [0.7483326698549099, 0.5199205140912279, 0.0, 0.0, 0.0, 1] 1
kubernetes/kubernetes 18449 13838 [0.0, 0.008539194403999447, 0.0, 0.0, 0.0, -1] 1
kubernetes/kubernetes 46927 46784 [0.0, 0.08965606828887376, 0.0, 0.0, 0.0, -1] 1
kubernetes/kubernetes 12111 11679 [0.0, 0.0, 0.0, 0.0, 0.0, 0] 1
kubernetes/kubernetes 42883 42630 [0.0, 0.004240862186338248, 0.0, 0.2, 0.4, 0] 1
kubernetes/kubernetes 451 356 [0.0, 0.15935383961649696, 0.0, 0.0, 0.0, 0] 1
kubernetes/kubernetes 5775 5714 [0.0, 0.09511089454604388, 0.0, 0.1111111111111111, 0.32065217391304346, -1] 1
kubernetes/kubernetes 38789 33757 [0.0, 0.08621837170122455, 0.32142857142857145, 0.047619047619047616, 0.3191489361702128, 0] 1
kubernetes/kubernetes 11113 11085 [0.0, 0.0, 0.19518638958406073, 0.00423728813559322, 0.5416666666666666, 0] 1
kubernetes/kubernetes 29226 29204 [0.0, 0.0, 0.4100147180280406, 0.75, 0.4692737430167598, -1] 1
kubernetes/kubernetes 33683 33675 [0.5043852340799425, 0.6696023673901743, 0.0, 0.9714285714285714, 1.0, 0] 1
kubernetes/kubernetes 40550 39903 [0.0, 0.02406397377023833, 0.0, 0.07692307692307693, 0.0, -1] 1
kubernetes/kubernetes 11450 11364 [0.0, 0.10150984432107812, 0.0, 0.05, 0.0, 0] 1
kubernetes/kubernetes 40901 40193 [0.0, 0.025875109108925543, 0.0, 1.0, 0.0, -1] 1
kubernetes/kubernetes 36673 36425 [0.0, 0.2768954386581275, 0.04459303675418199, 0.005257623554153523, 0.5574018126888217, -1] 1
kubernetes/kubernetes 39883 38317 [0.0, 0.07526705690109595, 0.8936350351260067, 0.23529411764705882, 0.6114649681528662, 0] 1
kubernetes/kubernetes 11322 11317 [0.0, 0.0, 0.07649779574145106, 0.2, 0.0, 0] 1
kubernetes/kubernetes 15401 15224 [0.0, 0.015390923158775256, 0.0, 0.03333333333333333, 0.6101694915254238, 0] 1
kubernetes/kubernetes 46953 46909 [0.0, 0.2885609464148487, 0.47237749297333015, 0.5, 0.358974358974359, 1] 1
kubernetes/kubernetes 41480 41478 [0.0, 0.0, 0.0, 0.0, 0.0, 0] 1
kubernetes/kubernetes 33964 30787 [0.1413638867944654, 0.20237729556054782, 0.04472919446196578, 0.038461538461538464, 0.551594746716698, -1] 1
kubernetes/kubernetes 42113 42049 [0.011141049630507063, 0.09397080364495809, 0.0, 0.08333333333333333, 0.9692307692307692, 0] 1
kubernetes/kubernetes 15339 15004 [0.09290541995195517, 0.0, 0.0, 0.0, 0.0, 0] 1
kubernetes/kubernetes 30147 30137 [0.0648135024994713, 0.29127123121829246, 0.8100776435625721, 0.5, 1.0, 1] 1
kubernetes/kubernetes 14472 14448 [0.0, 0.0, 0.4142287406178835, 1.0, 0.0, 0] 1
kubernetes/kubernetes 7142 6847 [0.13542505941887448, 0.0, 0.8616404368553291, 1.0, 0.5526315789473685, 0] 1
kubernetes/kubernetes 6949 6938 [0.0, 0.010771693354607478, 0.0, 0.0, 0.0, -1] 1
kubernetes/kubernetes 32311 32268 [0.648360099437003, 0.6290694461416744, 0.9999999999999998, 1.0, 1.0, 1] 1
kubernetes/kubernetes 7021 6886 [0.05894088619488925, 0.2310790781687581, 0.0, 0.5, 0.46875, 0] 1
kubernetes/kubernetes 25888 24861 [0.283503857079166, 0.05897247311994833, 0.15092975346824045, 0.2727272727272727, 0.0, -1] 1
kubernetes/kubernetes 45804 45768 [0.0, 0.0, 0.0, 0.0, 0.0, 0] 1
kubernetes/kubernetes 18073 17769 [0.037610084774515294, 0.0, 0.0, 1.0, 0.0, 0] 1
kubernetes/kubernetes 37347 37332 [0.09074174884987438, 0.3708984047403496, 0.953820966476532, 1.0, 1.0, 1] 1
kubernetes/kubernetes 25996 25634 [0.1592560014081816, 0.08585109854714519, 0.8274608439508027, 0.03260869565217391, 0.9608938547486033, -1] 1
kubernetes/kubernetes 6614 6239 [0.3083714114435579, 0.11465865463324632, 0.1556997888323046, 0.16666666666666666, 0.5238095238095238, 0] 1
kubernetes/kubernetes 25688 25326 [0.14445734837272725, 0.11666919843058494, 0.02046706633324728, 0.375, 0.6124197002141327, 0] 1
kubernetes/kubernetes 22501 21535 [0.0643421856075347, 0.0, 0.44836509459124096, 0.2727272727272727, 0.6, -1] 1
kubernetes/kubernetes 44288 40234 [0.0, 0.40257629126683303, 0.23622701561364426, 0.09090909090909091, 0.2777777777777778, -1] 1
kubernetes/kubernetes 45065 45034 [0.132593462777882, 0.014698453810228341, 0.08438901105753764, 0.42857142857142855, 0.5977011494252874, 0] 1
kubernetes/kubernetes 24881 24201 [0.21512742095639942, 0.3052611872845159, 0.21178618420050904, 0.75, 0.3939393939393939, 0] 1
kubernetes/kubernetes 44313 44312 [0.10423882852816903, 0.18210265042415816, 0.0, 0.0, 0.0, 1] 1
kubernetes/kubernetes 13758 13738 [0.06277502974235433, 0.15908448902950514, 0.35355339059327373, 1.0, 0.8627450980392157, 1] 1
kubernetes/kubernetes 7679 7615 [0.11625397595264936, 0.0, 0.3111104638575572, 0.06153846153846154, 0.2261682242990654, 0] 1
kubernetes/kubernetes 29150 25524 [0.12052671997558922, 0.10292243548107233, 0.0, 0.1111111111111111, 0.0, 0] 1
kubernetes/kubernetes 33101 33099 [0.165776343728922, 0.6819090404236823, 0.0, 0.0, 0.0, 1] 1
kubernetes/kubernetes 13628 13616 [0.573538912570485, 0.0063404821863263065, 0.0, 0.0, 0.0, 1] 1
kubernetes/kubernetes 35320 33616 [0.17840078349191335, 0.3196682777544897, 0.49052991290879006, 0.09090909090909091, 0.16216216216216217, -1] 1
kubernetes/kubernetes 30884 30802 [0.13370032979298171, 0.3684326686434742, 0.0, 0.0, 0.0, 0] 1
kubernetes/kubernetes 10440 7053 [0.4660481391923143, 0.0016193707619995635, 0.28151908696922084, 0.10975609756097561, 0.421195652173913, 0] 1
kubernetes/kubernetes 23043 22845 [0.16119249165227192, 0.6076046507698495, 0.0, 0.5, 1.0, 0] 1
kubernetes/kubernetes 35609 35556 [0.17006918768533624, 0.3534961627497867, 0.0, 0.0017761989342806395, 1.0, 0] 1
kubernetes/kubernetes 3200 3199 [0.2665085350266771, 0.0, 0.9857160402833807, 0.2727272727272727, 0.7741935483870968, 0] 1
kubernetes/kubernetes 40421 40400 [0.3103444765479298, 0.2200278327031591, 0.0, 0.14285714285714285, 0.72, 1] 1
kubernetes/kubernetes 21130 20665 [0.15623519421532003, 0.3124133646727578, 0.0, 0.13333333333333333, 1.0, 1] 1
kubernetes/kubernetes 44839 44583 [0.21221788317440488, 0.06152364672676177, 0.0, 0.07692307692307693, 0.5909090909090909, 0] 1
kubernetes/kubernetes 10609 10453 [0.20486814312139082, 0.0, 0.0, 0.5, 1.0, -1] 1
kubernetes/kubernetes 15043 14871 [0.5112041605114422, 0.0, 0.5146674734348982, 0.25, 0.5579710144927537, 0] 1
kubernetes/kubernetes 6976 5012 [0.25822213276468964, 0.15587135255262605, 1.0000000000000002, 0.043478260869565216, 1.0, 0] 1
kubernetes/kubernetes 14675 14564 [0.20991545410868317, 0.0, 0.0, 0.0, 0.0, 0] 1
kubernetes/kubernetes 46478 46383 [0.27067748124536145, 0.16141507267839592, 0.0, 0.5, 0.54, -1] 1
kubernetes/kubernetes 44838 44583 [0.24507394620890557, 0.07803240893745035, 0.0, 0.07692307692307693, 1.0, 0] 1
kubernetes/kubernetes 44727 44463 [0.24394560958931696, 0.16801778095809808, 0.0, 0.0, 0.0, 0] 1
kubernetes/kubernetes 34246 34083 [0.22502495386279117, 0.3730665552530725, 0.023621864174990383, 0.03571428571428571, 0.4857142857142857, 1] 1
kubernetes/kubernetes 25512 22737 [0.6364050665295478, 0.23743023786653067, 0.02441931452527522, 0.2, 0.5471698113207547, 0] 1
kubernetes/kubernetes 26097 25973 [0.01608713822465297, 0.0, 0.5353033790313109, 1.0, 0.6296296296296297, 0] 1
kubernetes/kubernetes 29995 29447 [0.17862765610022882, 0.0544920389046024, 0.9596210420724097, 1.0, 0.9030226700251889, 0] 1
kubernetes/kubernetes 5466 5022 [0.12949899802760542, 0.018976377617544553, 0.01847579984912311, 0.3333333333333333, 0.48214285714285715, -1] 1
kubernetes/kubernetes 16283 14493 [0.21329418937088998, 0.2895196023166362, 0.6133959382535363, 1.0, 0.5081967213114754, 0] 1
kubernetes/kubernetes 41761 41756 [0.13764334760885208, 0.007285406064352479, 0.0, 1.0, 0.52, 0] 1
kubernetes/kubernetes 5784 5775 [0.08568140114747325, 0.0, 0.0, 0.3, 0.4564459930313589, -1] 1
kubernetes/kubernetes 31287 31282 [0.192033470196528, 0.49308077647492254, 0.0, 0.25, 0.0, 0] 1
kubernetes/kubernetes 24556 24537 [0.04475895129293224, 0.6893155498015412, 0.8484934690783194, 1.0, 0.5407725321888412, 1] 1
kubernetes/kubernetes 14229 14213 [0.02896855020342531, 0.0, 0.9999999999999998, 0.5, 1.0, 0] 1
kubernetes/kubernetes 21532 21357 [0.08789256439806238, 0.05663423751994238, 0.0, 1.0, 1.0, 0] 1
kubernetes/kubernetes 2412 2397 [0.26071670883778275, 0.0, 0.9943727257817965, 0.8888888888888888, 0.9820051413881749, 0] 1
kubernetes/kubernetes 4393 4390 [0.24169601164031917, 0.14499137685531732, 0.0, 1.0, 1.0, 0] 1
kubernetes/kubernetes 8931 8743 [0.43386146616227705, 0.15545991663001404, 0.0, 0.0, 0.0, 1] 1
kubernetes/kubernetes 39342 39293 [0.17829473482350877, 0.024168198537540576, 0.9999999999999998, 0.001349527665317139, 1.0, -1] 1
kubernetes/kubernetes 10746 10512 [0.2368718649302865, 0.15959317312410123, 0.7456143440672193, 1.0, 0.0, 0] 1
kubernetes/kubernetes 5763 5233 [0.3561620283780386, 0.06650727203118835, 0.03557725048386637, 0.057692307692307696, 0.3672566371681416, 1] 1
kubernetes/kubernetes 41546 41427 [0.15448809804981412, 0.03729577345334054, 0.9736544522317012, 0.5632754342431762, 0.8156795930120945, 0] 1
kubernetes/kubernetes 17264 17195 [0.1051136522430723, 0.055245878042493514, 0.39403727382867165, 0.1111111111111111, 0.7471526195899773, -1] 1
kubernetes/kubernetes 9838 9730 [0.3036049165345311, 0.045468701610282485, 0.0, 1.0, 0.6956521739130435, 0] 1
kubernetes/kubernetes 38546 1932 [0.035873660755945405, 0.0, 0.0, 0.0, 0.0, 0] 1
kubernetes/kubernetes 28966 25342 [0.35808914118687063, 0.17278478991472854, 0.6278494825103227, 0.5, 0.7338403041825095, 0] 1
kubernetes/kubernetes 32064 32049 [0.5620165430556997, 0.5276590581662634, 0.0, 1.0, 1.0, 0] 1
kubernetes/kubernetes 40379 40378 [0.3627506083961227, 0.0, 0.0, 1.0, 0.0, 0] 1
kubernetes/kubernetes 36597 36294 [0.2195699486134636, 0.6837005988518474, 0.2946278254943948, 0.5, 0.25, -1] 1
kubernetes/kubernetes 11475 11474 [0.44105760394011706, 0.0, 0.0, 1.0, 1.0, 0] 1
kubernetes/kubernetes 36434 32811 [0.7942117101182065, 0.7908151098302716, 0.9462050686250894, 0.75, 0.5473684210526316, 1] 1
kubernetes/kubernetes 41942 37571 [0.30911287667397236, 0.2941145138731415, 0.0, 0.0, 0.0, -1] 1
kubernetes/kubernetes 11219 10234 [0.36075484231303456, 0.07037257649548133, 0.0, 0.0, 0.0, 1] 1
kubernetes/kubernetes 35835 35817 [0.3879466646527645, 0.4842040456248345, 0.0, 1.0, 1.0, 0] 1
kubernetes/kubernetes 45920 45918 [0.3737949338395304, 0.12522118374298585, 0.6262757266398529, 0.29545454545454547, 0.6209386281588448, -1] 1
kubernetes/kubernetes 16495 16152 [0.506384002774576, 0.34188669574231023, 0.760899753908902, 0.6666666666666666, 0.8215297450424929, 1] 1
kubernetes/kubernetes 31741 31682 [0.6245730740336598, 0.2979229910133589, 0.0, 1.0, 1.0, 0] 1
kubernetes/kubernetes 16227 15791 [0.22894025299378024, 0.072484195658977, 0.33357968022912454, 0.3333333333333333, 0.6828193832599119, 0] 1
kubernetes/kubernetes 20141 19706 [0.2779294207732052, 0.0842710087120696, 0.0, 1.0, 0, 0] 1
kubernetes/kubernetes 35732 34152 [0.33278796837706154, 0.35943977766563584, 0.21175749901626975, 0.5, 0.0, 0] 1
kubernetes/kubernetes 19932 19807 [0.7257755516365676, 0.0, 0.906824191302379, 0.2037037037037037, 0.960811756473058, 0] 1
kubernetes/kubernetes 8309 8303 [0.3860271187202543, 0.11580955764886669, 0.5247781977776373, 1.0, 1.0, 0] 1
kubernetes/kubernetes 38591 38452 [0.43753809261907184, 0.22830251003587634, 0.22710998958306755, 1.0, 0.28735632183908044, 0] 1
kubernetes/kubernetes 22163 22131 [0.28346766985938127, 0.020136506246735932, 0.0, 0.0, 0.0, 0] 1
kubernetes/kubernetes 46695 46346 [0.7121912879250935, 0.9753561395241974, 0.6254934069704522, 0.5, 0.0, 0] 1
kubernetes/kubernetes 34811 34144 [0.1649299174081242, 0.37146418803286246, 0.25043080516381877, 0.1, 0.06931464174454828, 0] 1
kubernetes/kubernetes 14098 14083 [0.4595024836098078, 0.2455548456843338, 0.0, 1.0, 1.0, 0] 1
kubernetes/kubernetes 17169 17167 [0.3947755377489563, 0.035818484909128326, 1.0, 1.0, 1.0, 0] 1
kubernetes/kubernetes 13894 12717 [0.3050183752345369, 0.0, 0.5767674509632076, 0.3333333333333333, 0.8383838383838383, -1] 1
kubernetes/kubernetes 5307 5302 [0.5210585496268502, 0.0, 0.0, 1.0, 1.0, 0] 1
kubernetes/kubernetes 46666 45575 [0.49529130832171875, 0.40551906769511714, 0.0, 0.0, 0.0, 1] 1
kubernetes/kubernetes 43145 42152 [0.281274266192364, 0.15751272297917432, 0.0, 1.0, 0.7142857142857143, 0] 1
kubernetes/kubernetes 5298 5293 [0.6158596671312901, 0.2228886385149948, 0.0, 1.0, 1.0, 0] 1
kubernetes/kubernetes 42202 41745 [0.2788052915061502, 0.28020507645391574, 0.9418680037096138, 0.78125, 0.8780386453355495, 0] 1
kubernetes/kubernetes 28994 28604 [0.4671864783245469, 0.0, 0.0, 0.13333333333333333, 0.38016528925619836, -1] 1
kubernetes/kubernetes 44500 42007 [0.35985634143931344, 0.4372707335345398, 0.0, 0.14285714285714285, 0.8904109589041096, 0] 1
kubernetes/kubernetes 44934 44908 [0.5650492244558827, 0.06835389912163327, 0.9163419338230352, 0.3333333333333333, 0.7083333333333334, 0] 1
kubernetes/kubernetes 4698 4494 [0.04085003351436919, 0.6479423318403217, 0.8071682479137651, 0.3333333333333333, 0.8177570093457944, 1] 1
kubernetes/kubernetes 46307 45649 [0.6013955036020656, 0.05027779516068702, 0.923451534204432, 1.0, 0.9608938547486033, 0] 1
kubernetes/kubernetes 41959 41663 [0.606076599922393, 0.4477113604331552, 0.34230761603626286, 0.1, 0.2089041095890411, 0] 1
kubernetes/kubernetes 28414 24299 [0.40426972526731386, 0.6543116469547037, 0.5477039335682853, 0.3333333333333333, 0.35, 1] 1
kubernetes/kubernetes 30848 29741 [0.77610964372244, 0.5236846091856433, 0.9550033298491075, 0.6666666666666666, 0.9808575803981623, 0] 1
kubernetes/kubernetes 273 169 [0.38798664400895755, 0.0, 0.3893314107138301, 0.3333333333333333, 0.75, 0] 1
kubernetes/kubernetes 22110 20384 [0.41845121223911685, 0.1376406678000555, 0.9997703150960029, 0.8571428571428571, 0.99, -1] 1
kubernetes/kubernetes 30654 30476 [0.5465367931731444, 0.4580932939159817, 0.05378528742004771, 1.0, 0.0, 0] 1
kubernetes/kubernetes 15902 15840 [0.4947126101339833, 0.08430108713168802, 0.0, 1.0, 0.0, 0] 1
kubernetes/kubernetes 45463 45263 [0.5782006407553147, 0.2526382665325298, 0.021720251464278622, 0.11764705882352941, 0.8860103626943006, -1] 1
kubernetes/kubernetes 9575 7227 [0.5744754694532019, 0.5347401810492064, 0.5163977794943222, 0.8571428571428571, 1.0, 0] 1
kubernetes/kubernetes 85 82 [0.5722599835213027, 0.0, 0.8778762251403478, 1.0, 1.0, 0] 1
kubernetes/kubernetes 46869 46863 [0.4170118200497658, 0.2143897230831755, 0.0, 0.5, 1.0, 0] 1
kubernetes/kubernetes 18377 18341 [0.6456148495894647, 0.0, 0.0, 0.5, 0.0, 0] 1
kubernetes/kubernetes 34972 29489 [0.5152666742416785, 0.5649106025005822, 0.2815145647743151, 0.5, 0.9029126213592233, 0] 1
kubernetes/kubernetes 37137 35550 [0.48284031788909176, 0.419057160885832, 0.0, 0.0, 0.0, 1] 1
kubernetes/kubernetes 3274 3270 [0.28264102019144954, 0.04310089859111591, 0.7630060524795015, 0.38461538461538464, 0.38934426229508196, 0] 1
kubernetes/kubernetes 28294 28251 [0.41253068156290407, 0.09522440375371474, 0.0, 0.5, 1.0, 1] 1
kubernetes/kubernetes 44909 44462 [0.4420589156836269, 0.11687885944269712, 0.0, 0.5, 1.0, -1] 1
kubernetes/kubernetes 40380 40379 [0.44480059618899764, 0.0, 0.0, 1.0, 0.6666666666666666, 0] 1
kubernetes/kubernetes 12980 12895 [0.6473580422796705, 0.43533904058971806, 0.0776077479682388, 0.5, 0.0, 1] 1
kubernetes/kubernetes 28606 28206 [0.5476378747699202, 0.012099777502812582, 1.0000000000000002, 0.25, 0.7307692307692307, 0] 1
kubernetes/kubernetes 43902 43871 [0.5135704179474427, 0.40563741083359495, 0.7572314733671476, 1.0, 0.7850799289520426, 0] 1
kubernetes/kubernetes 13800 13680 [0.46175204438749, 0.30638263032777807, 0.4412570093707217, 1.0, 0.14225941422594143, 0] 1
kubernetes/kubernetes 3577 3555 [0.477285627257492, 0.0, 0.0, 0.0, 0.0, 0] 1
kubernetes/kubernetes 13165 13154 [0.33819734828517983, 0.1182700489933031, 1.0, 1.0, 1.0, 0] 1
kubernetes/kubernetes 41342 41308 [0.5521572345886891, 0.049469638904561755, 0.4001633653325206, 1.0, 0.5714285714285714, 0] 1
kubernetes/kubernetes 47684 47223 [0.24039553947484096, 0.10004269791871379, 0.0, 1.0, 1.0, 1] 1
kubernetes/kubernetes 19406 19324 [0.764715574463446, 0.0, 0.0, 1.0, 0.9090909090909091, 0] 1
kubernetes/kubernetes 11284 10824 [0.2425798928218125, 0.13461530662415355, 0.0, 1.0, 1.0, 0] 1
kubernetes/kubernetes 38587 38571 [0.7027239624767577, 0.06949053239016212, 1.0000000000000002, 1.0, 1.0, -1] 1
kubernetes/kubernetes 20057 19510 [0.5013326315283266, 0.0, 0.2222938698494303, 0.9444444444444444, 0.9620681754537818, 0] 1
kubernetes/kubernetes 44966 44943 [0.5563427508855435, 0.2882513602102209, 1.0, 1.0, 1.0, 0] 1
kubernetes/kubernetes 36195 36186 [0.7013692562048424, 0.5667170593041502, 0.9954257251149287, 0.5, 1.0, 0] 1
kubernetes/kubernetes 34424 32408 [0.78450980662911, 0.5057860695983281, 0.26443369690215096, 0.125, 0.7837837837837838, 0] 1
kubernetes/kubernetes 30928 30880 [0.53031375825398, 0.4425714152736458, 0.9072278818997397, 0.75, 1.0, 0] 1
kubernetes/kubernetes 2669 2652 [0.7091174962236505, 0.17085552244453142, 0.0, 1.0, 1.0, 0] 1
kubernetes/kubernetes 29854 29185 [0.4185302089062491, 0.3560859356786453, 0.0, 0.25, 1.0, 0] 1
kubernetes/kubernetes 21365 21361 [0.2959830141900454, 0.0, 0.2581988897471611, 0.5, 0.72, 1] 1
kubernetes/kubernetes 35839 35760 [0.8265710836177003, 0.3967397402829114, 0.7336933746991099, 0.4166666666666667, 0.3941908713692946, 1] 1
kubernetes/kubernetes 43666 42717 [0.9438067793075698, 0.2038372622868362, 0.9834549720265431, 0.8529411764705882, 0.8872785829307569, 0] 1
kubernetes/kubernetes 25995 23473 [0.894611479109269, 0.05100742414026914, 0.5597648815256202, 0.3333333333333333, 0.8813559322033898, 0] 1
kubernetes/kubernetes 6964 6952 [0.7146568393857295, 0.0798457683438937, 0.034441829515914534, 0.25, 0.0, 0] 1
kubernetes/kubernetes 28053 28052 [0.8572498801591322, 0.38072610647387645, 1.0, 1.0, 1.0, 1] 1
kubernetes/kubernetes 46823 46739 [0.9180546255916335, 0.1346398658349994, 0.0, 1.0, 0.8586497890295358, -1] 1
kubernetes/kubernetes 37140 36826 [0.5515588659975854, 0.6376061938170099, 0.9999999999999998, 0.2, 1.0, 1] 1
kubernetes/kubernetes 19884 19725 [1.0, 0.9140438420854125, 1.0, 1.0, 1.0, 0] 1
kubernetes/kubernetes 44969 43936 [1.0, 0.4784014675944592, 0.9026897393909924, 1.0, 0.8656429942418427, 1] 1
kubernetes/kubernetes 43719 42815 [1.0, 0.6202433495330855, 1.0, 0.625, 1.0, -1] 1
kubernetes/kubernetes 39634 39632 [0.7452754661314814, 0.6821312842037351, 0.8153062680839283, 1.0, 0.8837209302325582, 1] 1
