dotnet/corefx 3267 3264 [0.16942958191554364, 0.20441379591031303, 0.0, 0.0, 0.0, 0] 1
dotnet/corefx 6337 6335 [0.01179427962944346, 0.0, 0.0, 0.06666666666666667, 1.0, 0] 1
dotnet/corefx 6202 6181 [0.01077692302905756, 0.07550352639711702, 0.0, 0.5, 0.47058823529411764, 0] 1
dotnet/corefx 20697 20599 [0.001334407162497454, 0.0725022161942169, 0.723336511027503, 0.84375, 0.8405519356075124, 0] 1
dotnet/corefx 17428 17419 [0.0002061551494752972, 0.2754546525663206, 0.5455447255899809, 0.1, 1.0, -1] 1
dotnet/corefx 10460 10450 [-0.005302422344072218, 0.057700388894636245, 0.0, 0.0, 0.0, 0] 1
dotnet/corefx 15044 14939 [-0.006697797580441691, 0.003918015304300477, 0.0, 0.0038819875776397515, 0.6342857142857142, -1] 1
dotnet/corefx 34 32 [0.042333623795427884, 0.5754346835455209, 0.39139684383206536, 0.14285714285714285, 1.0, 0] 1
dotnet/corefx 419 406 [0.008387042884131658, 0.12518510864338506, 0.0, 0.0, 0.0, 0] 1
dotnet/corefx 7925 7886 [0.00023573634246028697, 0.09730928195438092, 0.4999999999999999, 0.1, 1.0, 0] 1
dotnet/corefx 16069 9537 [-0.0026629147753595714, 0.08633561356323421, 0.0, 0.0, 0.0, 0] 1
dotnet/corefx 6089 6058 [0.052323347396346406, 0.18315618734264802, 0.0, 0, 0.0, 0] 1
dotnet/corefx 7627 7610 [0.27358677805395754, 0.000733457566116789, 0.0, 0.7, 1.0, 0] 1
dotnet/corefx 17151 17137 [0.1343828666903394, 0.3106941090890606, 0.42563409586362305, 0.25, 0.0, 1] 1
dotnet/corefx 2694 2675 [0.23979856314608697, 0.4821542514224161, 0.0, 0.0, 0.0, 0] 1
dotnet/corefx 4160 4157 [-0.00614787038450149, 0.10693297042793681, 0.8582352244463665, 0.25, 0.952755905511811, 0] 1
dotnet/corefx 7562 6293 [0.05129788467403516, 0.09056046531467028, 0.0, 0.09090909090909091, 0.0, 0] 1
dotnet/corefx 16826 16814 [0.10245483819102917, 0.12440464931383825, 1.0, 1.0, 1.0, 0] 1
dotnet/corefx 8741 8740 [0.41971936054503844, 0.0, 0.0, 1.0, 1.0, 0] 1
dotnet/corefx 14641 14631 [0.3453246370754184, 0.03134634466943924, 0.8911517280388502, 1.0, 0.8921161825726142, 1] 1
dotnet/corefx 441 438 [0.5334540335049354, 0.0, 0.8677218312746248, 0.21052631578947367, 0.34615384615384615, 0] 1
dotnet/corefx 6585 6194 [0.30488827061857376, 0.17406689031768244, 0.6872916147840878, 0.9, 0.942381562099872, 0] 1
dotnet/corefx 19477 19463 [0.30323171511768915, 0.25868571648123934, 0.0, 0.0, 0.0, 1] 1
dotnet/corefx 12873 12863 [0.696368923032754, 0.573640798154709, 0.5952994762353382, 0.04878048780487805, 0.084375, 0] 1
dotnet/corefx 9560 9557 [0.3698618583086116, 0.3269110531938392, 0.0, 0.005780346820809248, 1.0, 0] 1
dotnet/corefx 3686 3046 [0.6938937426184005, 0.4448755255513897, 0.8518621064369466, 0.4, 0.5116279069767442, 0] 1
dotnet/corefx 5345 5327 [0.2736053428089642, 0.005882907403031474, 0.0, 1.0, 1.0, 0] 1
dotnet/corefx 10718 10715 [0.7433610511707992, 0.0, 0.0, 0.007352941176470588, 0.8, 0] 1
dotnet/corefx 9113 9112 [0.9136681542574075, 0.06517609342157218, 0.0, 1.0, 0.999341816586222, 1] 1
dotnet/corefx 9312 9310 [0.878063860280443, 0.0, 0.0, 1.0, 1.0, 0] 1
nodejs/node 12878 12875 [0.41798247521878695, 0.7666392794807415, 0.3054191986090018, 0.8307692307692308, 0.6856106408706167, 0] 1
nodejs/node 1424 493 [0.014337393997423873, 0.17996458640144564, 0.0, 0.0, 0.0, 0] 1
nodejs/node 2350 1785 [0.23801511533467887, 0.23750667447788895, 0.0, 0.16666666666666666, 0.7121771217712177, 0] 1
nodejs/node 3701 2253 [-0.0064555379805856065, 0.032945670592033315, 0.0, 0.0, 0.0, 0] 1
nodejs/node 12490 12105 [-0.007066674313584821, 0.04597961047486959, 0.3946011021163775, 0.0625, 0.9047619047619048, -1] 1
nodejs/node 7185 7160 [0.048744731201494695, 0.3305992971505241, 0.0, 0.0, 0.0, -1] 1
nodejs/node 2727 2726 [-0.02085344134450619, 0.0705192689151838, 0.0, 0.0, 0.0, 1] 1
nodejs/node 2727 2725 [-0.0030489594511203476, 0.04566479520183496, 0.0, 0.0, 0.0, 1] 1
nodejs/node 11848 11762 [0.0039968689487587285, 0.8068033999403362, 0.0, 0.5, 0.0, 0] 1
nodejs/node 8491 8334 [0.05301133498772269, 0.3379360220583109, 0.08652772175507888, 0.05555555555555555, 0.0, 0] 1
nodejs/node 10339 10239 [0.02503418387887799, 0.42673227656598983, 0.0, 1.0, 0.0, 1] 1
nodejs/node 12231 12230 [0.5030607271612976, 0.35537099542458717, 0.0, 0.1111111111111111, 0.1625, 0] 1
nodejs/node 2556 2312 [0.13693683638920665, 0.11726812109143012, 0.0, 0.0, 0.0, 0] 1
nodejs/node 4814 4813 [0.4222669913245722, 0.38793068908803413, 0.0, 0.9333333333333333, 0.934640522875817, 0] 1
nodejs/node 4265 4254 [0.2428863910712668, 0.41020465654868515, 1.0000000000000002, 0.3333333333333333, 1.0, 0] 1
nodejs/node 12469 12387 [0.06692622280633524, 0.1959339457831722, 0.5095246653650681, 1.0, 1.0, 0] 1
nodejs/node 7617 7028 [0.35178979440722397, 0.2771247282922102, 0.0, 0.5, 1.0, 1] 1
nodejs/node 11828 8491 [0.3948944522812184, 0.40536741102099993, 0.7846125556244438, 0.004235907461713913, 0.5685763888888888, 0] 1
nodejs/node 11099 10343 [0.3282264620463598, 0.41302358479278134, 0.0, 0.0, 0.0, 0] 1
nodejs/node 11074 10320 [0.2958695027631404, 0.28140344427999997, 0.0, 0.0, 0.0, 0] 1
nodejs/node 6987 6947 [0.040421863009656195, 0.21298074859288135, 0.011441737876355756, 1.0, 0.24444444444444444, 0] 1
nodejs/node 3068 3059 [0.03643285202377764, 0.28425788893248477, 0.3694422079859265, 0.5, 0.4536082474226804, 1] 1
nodejs/node 10579 10282 [0.24757223841927442, 0.44555845864993077, 0.0, 0.3333333333333333, 0.0, -1] 1
nodejs/node 5786 5782 [0.253194126550633, 0.22495394397513513, 0.195311067341762, 0.3333333333333333, 0.27626459143968873, 1] 1
nodejs/node 6986 6947 [0.2879478001859519, 0.12293868798948741, 0.025409863380679427, 1.0, 0.022818026240730177, 0] 1
nodejs/node 2262 1936 [0.8350811785226582, 0.12818887928462902, 0.0, 0.5, 0.0, 0] 1
nodejs/node 7616 7311 [0.47088151133060013, 0.13836294241654926, 1.0, 0.037037037037037035, 0.6666666666666666, 0] 1
nodejs/node 11397 11375 [0.09842301755728548, 0.4595310095701817, 0.0, 0.14285714285714285, 1.0, 0] 1
nodejs/node 11610 8551 [0.31846126714441486, 0.20425437665951, 0.0, 0.000992063492063492, 0.0, 0] 1
nodejs/node 8016 8010 [0.6454159951196009, 0.5256043303060891, 0.0, 1.0, 0.0, -1] 1
nodejs/node 6937 6206 [0.45407870419851104, 0.3923157995462396, 0.43159572717897476, 0.5, 1.0, 0] 1
nodejs/node 12231 12204 [0.40890061668713257, 0.3008297053238907, 0.0, 0.1111111111111111, 0.37142857142857144, 0] 1
nodejs/node 10937 10525 [0.5457022042094974, 0.35418307952757083, 0.0, 0.5, 1.0, 0] 1
nodejs/node 539 239 [0.4846404119130611, 0.07843243448188411, 0.5625650191302901, 0.3333333333333333, 1.0, 0] 1
nodejs/node 4585 3823 [0.5202088140284516, 0.22119951461278978, 0.04016096644512494, 0.3333333333333333, 0.0, 0] 1
nodejs/node 9335 9334 [0.10306515553080811, 0.6348723869485361, 0.0, 1.0, 1.0, 0] 1
nodejs/node 3853 3848 [0.49648352794869666, 0.6918226140559367, 0.0, 1.0, 1.0, 1] 1
nodejs/node 6531 5056 [0.07707653470141634, 0.31101113707078654, 0.045060590905933284, 1.0, 0.7482014388489209, 0] 1
nodejs/node 5690 5689 [0.5888337953443439, 0.8657027378452266, 0.0, 0.25, 0.5, 1] 1
nodejs/node 10916 10890 [0.41965355523754694, 0.5520366426674234, 0.7756293831473049, 1.0, 0.0, 0] 1
nodejs/node 11310 9351 [0.7122733170750083, 0.4374556641510528, 0.0, 1.0, 0.7644444444444445, 0] 1
nodejs/node 12437 9961 [0.26297415134705465, 0.26517099421890744, 0.17873743296603883, 0.6666666666666666, 0.5233644859813084, 0] 1
nodejs/node 9243 9220 [0.45053171170582756, 0.014479135144558605, 0.0, 1.0, 1.0, 0] 1
nodejs/node 7626 7311 [0.1515895031904268, 0.3753684719220789, 0.9999999999999998, 0.037037037037037035, 1.0, 1] 1
nodejs/node 3813 2205 [0.6495107911291019, 0.41561850995678196, 0.0, 0.04, 1.0, 0] 1
nodejs/node 561 161 [0.9274512154567695, 0.19494485935966846, 0.5402906346186358, 0.6, 0.6706586826347305, 0] 1
nodejs/node 8263 8231 [0.49602010437915095, 0.270200732455697, 1.0, 1.0, 1.0, 0] 1
nodejs/node 10753 10734 [0.23180464848358, 0.34918788741437057, 0.46216675674166924, 1.0, 0.45714285714285713, 0] 1
nodejs/node 9111 8016 [0.6101643376346169, 0.6930683043117444, 0.0, 1.0, 0.0, 0] 1
nodejs/node 2252 2251 [0.2344998828303319, 0.017521755395143, 0.4714045207910316, 0.3333333333333333, 1.0, 1] 1
nodejs/node 8717 8505 [0.42051182619952293, 0.5341050625686807, 0.0, 1.0, 0.52, 0] 1
nodejs/node 9233 9184 [0.5254563607956998, 0.05634462460459, 0.0, 0.25, 1.0, 0] 1
nodejs/node 385 382 [-0.004205717119977597, 0.0, 0.9999999999999998, 1.0, 0.6666666666666666, 0] 1
nodejs/node 5520 5519 [0.8617179179483432, 0.07791285336959253, 0.0, 1.0, 1.0, 1] 1
nodejs/node 9535 9482 [0.31257839817624644, 0.1645269280041269, 1.0, 1.0, 1.0, 0] 1
nodejs/node 7911 7745 [0.020326620735842606, 0.27719398262403183, 0.0, 0.0, 0.0, 0] 1
nodejs/node 81 56 [0.8751692687291093, 0.22916712188215108, 0.0, 0.5, 0.0, 0] 1
nodejs/node 3568 3567 [0.6551585248118225, 0.5588767355968367, 0.5430753866417045, 0.3333333333333333, 0.0, 1] 1
nodejs/node 8923 3062 [0.6070079625625069, 0.4429118558008211, 0.06788442333021306, 1.0, 1.0, 0] 1
nodejs/node 6537 6536 [0.590773492879549, 0.3339422051291773, 0.40061555556852496, 0.3157894736842105, 0.8217054263565892, 1] 1
nodejs/node 12777 12316 [0.0018091007018074512, 0.3294880837714755, 0.0, 0, 0.0, 0] 1
nodejs/node 7634 7590 [0.0044056047309576655, 0.7423435723027787, 0.0, 0.0001467782181124321, 1.0, 0] 1
nodejs/node 5020 4975 [0.4992941951150349, 0.37594760782940145, 0.0, 0.03225806451612903, 0.18815331010452963, 0] 1
nodejs/node 3774 3722 [0.09489579455709227, 0.08408912048810989, 0.0, 0.6666666666666666, 0.8089887640449438, 0] 1
nodejs/node 6044 5722 [0.4914055828358397, 0.15704160882577312, 0.17828966246886307, 0.25, 0.43564356435643564, -1] 1
nodejs/node 489 482 [0.910791939607333, 0.5675657436863022, 0.3984879558012202, 0.3333333333333333, 1.0, 1] 1
nodejs/node 5783 5544 [0.6784083976595845, 0.4167489870925377, 0.0, 0.5, 1.0, 0] 1
nodejs/node 7465 5458 [-0.004395432426411316, 0.17694145872857045, 0.0, 0.5, 0.9147286821705426, 0] 1
nodejs/node 4124 3511 [0.8215580900883855, 0.8972610949827567, 0.7686826025334885, 0.8, 0.5412844036697247, 1] 1
nodejs/node 6982 6947 [0.3079816585182469, 0.12837650008458318, 0.0, 1.0, 0.02167712492869367, 0] 1
nodejs/node 5251 4277 [0.590273308901625, 0.5266231151160586, 0.5255883312276366, 0.05263157894736842, 0.4827586206896552, 0] 1
nodejs/node 11278 10423 [0.42090271164872445, 0.19907605426046127, 0.0, 0.0, 0.0, 0] 1
nodejs/node 13650 13570 [0.1664286376667598, 0.3150201476473741, 0.5439433649162873, 1.0, 0.0, 1] 1
nodejs/node 8697 8549 [0.5825971802135191, 0.2409060921560664, 0.0, 0.5, 0.42105263157894735, 0] 1
nodejs/node 12590 12544 [0.32215447244447654, 0.5313457198712177, 0.5621013945819732, 1.0, 1.0, 0] 1
nodejs/node 8957 8953 [0.4901510081662667, 0.0032187887315878157, 1.0, 1.0, 1.0, 0] 1
nodejs/node 601 533 [0.5852147491230919, 0.03206550858534752, 0.41536773015932643, 0.5, 0.617948717948718, 0] 1
nodejs/node 5316 5306 [0.12314646955800812, 0.23269300106930402, 0.0, 1.0, 1.0, 0] 1
nodejs/node 11533 9352 [0.9475914969923501, 0.18508075655852463, 0.0, 1.0, 0.8280616382806164, 0] 1
nodejs/node 11599 7850 [0.8228349645633506, 0.6426097694416881, 0.381528726074437, 0.42857142857142855, 0.3333333333333333, 1] 1
nodejs/node 11143 10786 [0.4431293999528852, 0.40032092772268196, 0.0, 0.0, 0.0, 0] 1
nodejs/node 6728 6718 [0.4633643406532381, 0.8878427507190773, 0.0, 1.0, 0.0, -1] 1
nodejs/node 11340 11308 [0.7509939090740784, 0.9842303692565327, 0.5521834315298448, 1.0, 0.5144230769230769, 1] 1
nodejs/node 12491 12487 [0.641065056197009, 0.5081313551427123, 0.062363121870003216, 0.5, 0.48, 1] 1
nodejs/node 12492 12487 [0.6125975541657723, 0.7407390675113842, 0.3614031611621005, 0.5, 0.8985507246376812, 0] 1
nodejs/node 5251 4749 [0.5857992830157056, 0.3550832163327357, 0.0, 0.0, 0.0, 0] 1
nodejs/node 8612 8587 [0.7685851615036192, 0.744181857540274, 0.9803060746521975, 0.3333333333333333, 0.875, 0] 1
nodejs/node 10055 9935 [0.6890704750632224, 0.9072747607208874, 0.19802950859533483, 1.0, 1.0, 0] 1
nodejs/node 12822 12732 [0.7644001986221725, 0.44902359663948294, 0.0, 0.014285714285714285, 0.0, 0] 1
nodejs/node 5434 5306 [0.596580402146827, -0.005329006015072048, 0.0, 1.0, 1.0, 0] 1
nodejs/node 11838 11823 [0.6121353574108511, 0.3607595361048411, 0.9999999999999998, 1.0, 1.0, 0] 1
nodejs/node 7933 7932 [0.4582732393453151, 0.28466325418608424, 0.0, 0.0, 0.0, 1] 1
nodejs/node 4342 4062 [0.8757123883364396, 0.536251374617043, 0.2677824371959891, 1.0, 1.0, 1] 1
nodejs/node 7139 6788 [0.8702165730785453, 0.45808281255938127, 0.8974897390299406, 0.16411378555798686, 0.8964346349745331, 1] 1
nodejs/node 5211 5097 [0.8702165730785453, 0.9020510845062666, 0.9980372567610999, 0.873972602739726, 0.9870905587668594, 1] 1
nodejs/node 12901 12426 [0.8294238020818027, 0.535519402056386, 0.11934408395282282, 1.0, 1.0, 0] 1
nodejs/node 2207 2205 [0.8470939357713867, 0.43489007318926315, 0.0, 0.45454545454545453, 0.8717948717948718, 0] 1
nodejs/node 7771 7689 [0.999916213597515, 0.5771293753855561, 0.0, 0.0, 0.0, -1] 1
nodejs/node 10583 10531 [0.7978796988375348, 0.8845612448351678, 1.0000000000000002, 1.0, 1.0, 0] 1
nodejs/node 5007 5003 [0.869182383189895, 0.0, 0.0, 1.0, 0.7407407407407407, 0] 1
nodejs/node 9848 9284 [1.0, 0.796741255817965, 0.9960935655536398, 0.7704517704517705, 0.989535490605428, 1] 1
nodejs/node 9578 9575 [1.0000000000000002, 0.8080275747752675, 0.9999999999999998, 1.0, 1.0, 1] 1
nodejs/node 4310 4258 [1.0000000000000002, 0.06531537369280392, 0.0, 1.0, 1.0, 0] 1
nodejs/node 4958 4110 [0.7924644763657989, 0.6240749302630126, 0.7164560856230808, 0.10073497622135755, 0.8822228074795891, 1] 1
scikit-learn/scikit-learn 3181 2632 [0.0018816594057638563, 0.03794805162494872, 0.0, 0.3333333333333333, 1.0, 0] 1
scikit-learn/scikit-learn 5835 5771 [0.16877146895353187, 0.3665016320044669, 0.0, 0.5, 1.0, 1] 1
scikit-learn/scikit-learn 6337 6332 [0.0006590997703650006, 0.0, 0.5773502691896258, 0.16666666666666666, 0.6666666666666666, 0] 1
scikit-learn/scikit-learn 7015 5900 [0.2077565432559672, 0.06836887796302102, 0.35427851807640165, 1.0, 0.41422594142259417, -1] 1
scikit-learn/scikit-learn 3735 2979 [0.000749387280868338, 0.11129046380356752, 0.3133813018456956, 0.6666666666666666, 0.4585365853658537, 0] 1
scikit-learn/scikit-learn 7350 7312 [0.19746742101676193, 0.9725281968094525, 0.0, 0.0, 0.0, 1] 1
scikit-learn/scikit-learn 6720 6666 [-0.0016428911867941544, 0.07327300837552338, 0.11126341728741623, 0.05555555555555555, 0.0, -1] 1
scikit-learn/scikit-learn 5152 4845 [1.0742591483145763e-05, 0.08907420860720014, 0.0, 0.02040816326530612, 1.0, 0] 1
scikit-learn/scikit-learn 4802 4182 [-0.0076572899866996095, 0.015707406418116247, 0.0, 0.0, 0.0, 0] 1
scikit-learn/scikit-learn 6841 5064 [-0.0027340200950863387, 0.5368801004855045, 0.0, 1.0, 0.963302752293578, 1] 1
scikit-learn/scikit-learn 4308 4087 [-0.003455046509943209, 0.14144738333230242, 0.08150924585113689, 1.0, 0.4117647058823529, 0] 1
scikit-learn/scikit-learn 5607 5577 [0.00017689533134128876, 0.07876891968938907, 0.0, 0.0, 0.0, 0] 1
scikit-learn/scikit-learn 4802 4175 [-0.007214382960194257, 0.08740624440673286, 0.0, 0.0, 0.0, 0] 1
scikit-learn/scikit-learn 3760 3655 [-0.0056831644657640784, 0.13770361890792546, 0.5033266645878641, 0.25, 0.0, 0] 1
scikit-learn/scikit-learn 7350 5393 [0.21430051825255036, 0.1385075930654294, 0.0, 0.0, 0.0, 0] 1
scikit-learn/scikit-learn 6582 6376 [0.040991546661956285, 0.16405805114340458, 0.6483974511504385, 1.0, 0.4457831325301205, -1] 1
scikit-learn/scikit-learn 7978 7902 [0.10834768059140751, 0.48073486238181495, 0.0, 1.0, 0.0, 0] 1
scikit-learn/scikit-learn 7374 5836 [0.18381962240782762, 0.6812116545251543, 0.0, 1.0, 0.43333333333333335, -1] 1
scikit-learn/scikit-learn 6717 1939 [0.6887762086222838, 0.09330774808547816, 0.0, 0.0, 0.0, -1] 1
scikit-learn/scikit-learn 3432 3236 [0.25302247646620285, 0.14980224620109822, 0.0, 0.5, 0.0, 1] 1
scikit-learn/scikit-learn 4852 2557 [0.337606949070169, 0.32888884201010316, 0.04562686337288551, 0.09090909090909091, 0.3256972111553785, 0] 1
scikit-learn/scikit-learn 8658 4494 [0.00039595245055194203, 0.35501443795152793, 0.0, 0.16666666666666666, 0.35714285714285715, 1] 1
scikit-learn/scikit-learn 4802 1292 [0.2967175890305641, 0.25953503854760596, 0.0, 0.0, 0.0, 0] 1
scikit-learn/scikit-learn 8518 8517 [0.10418663484992438, 0.9802069646394167, 0.5976143046671968, 1.0, 1.0, 1] 1
scikit-learn/scikit-learn 3574 1176 [0.41972786420901387, 0.3691721698082029, 0.10206207261596574, 0.047619047619047616, 0.42424242424242425, 0] 1
scikit-learn/scikit-learn 7261 6028 [0.48671208921438336, 0.30518891170891344, 0.8017189728415931, 0.8888888888888888, 0.6757990867579908, 0] 1
scikit-learn/scikit-learn 3125 2694 [0.18935228680288652, 0.0, 0.0, 0.14285714285714285, 0.0, 0] 1
scikit-learn/scikit-learn 7819 6077 [0.3941410427851253, 0.20538047115276162, 0.0, 0.3333333333333333, 0.17073170731707318, 0] 1
scikit-learn/scikit-learn 7011 7009 [0.5804299942485601, 0.9849494320384657, 0.0, 1.0, 1.0, 1] 1
scikit-learn/scikit-learn 5295 1348 [0.6795052149291396, 0.1694356406185119, 0.3040328455112034, 0.2727272727272727, 0.5568181818181818, 0] 1
scikit-learn/scikit-learn 5420 5008 [0.5399825861342812, 0.01316739098148806, 0.45393405907161116, 1.0, 0.29577464788732394, 1] 1
scikit-learn/scikit-learn 3735 3310 [0.5617019457432846, 0.3881488801852968, 0.2945236507252444, 0.3333333333333333, 0.18716577540106952, 0] 1
scikit-learn/scikit-learn 5718 5712 [0.3993603609743176, 0.0452534409408575, 0.050636968354183326, 0.3333333333333333, 0.125, 0] 1
scikit-learn/scikit-learn 5378 5348 [0.5994282253229751, -0.0031178210866719415, 0.6220267792430237, 1.0, 0.5619834710743802, 0] 1
scikit-learn/scikit-learn 1961 1787 [0.33522839930058895, 0.30412415881697313, 0.3516605568957492, 0.16666666666666666, 0.8414918414918415, 0] 1
scikit-learn/scikit-learn 7026 1742 [0.5658871862711792, 0.43249423363316897, 0.0, 0.0, 0.0, 0] 1
scikit-learn/scikit-learn 3877 1867 [0.709662921194488, -0.001362128063833908, 0.2145779746757464, 0.5714285714285714, 0.41540785498489424, 0] 1
scikit-learn/scikit-learn 7825 6307 [0.4868836401537599, 0.23022863182491324, 0.8133257084405583, 0.125, 0.0, -1] 1
scikit-learn/scikit-learn 6429 4567 [0.6163483265273738, 0.3528500610161483, 0.41012017376548704, 0.6666666666666666, 0.4666666666666667, 0] 1
scikit-learn/scikit-learn 7776 7775 [0.48068474056418437, 0.2936777230727747, 0.19661895992808387, 0.5, 0.6181818181818182, 1] 1
scikit-learn/scikit-learn 6307 5642 [0.4927596850611678, 0.164439164364382, 0.7427813527082076, 0.2, 0.0, 0] 1
scikit-learn/scikit-learn 6436 6431 [0.6777414691248592, 0.4683811658192984, 0.9999999999999999, 0.3333333333333333, 1.0, 1] 1
scikit-learn/scikit-learn 4852 2263 [0.7434939256667124, 0.1948288008235309, 0.25642048613065843, 0.18181818181818182, 0.6626042334830019, -1] 1
scikit-learn/scikit-learn 6087 5513 [0.4095830724749347, 0.0, 0.8801029553927127, 1.0, 0.5567567567567567, 0] 1
scikit-learn/scikit-learn 3861 3859 [0.6479625809715095, 0.21130928815872577, 0.0, 0.0, 0.0, 0] 1
scikit-learn/scikit-learn 8143 7986 [0.8190219432529682, 0.48477526855388037, 0.9905054201835132, 0.7142857142857143, 1.0, 0] 1
scikit-learn/scikit-learn 5951 5874 [0.5369835922092897, 0.0065614887040729, 0.0, 0.3333333333333333, 0.0, 1] 1
scikit-learn/scikit-learn 6313 5372 [0.8079574234874598, 0.22472915997645398, 0.0, 0.0, 0.0, 0] 1
scikit-learn/scikit-learn 4493 4467 [0.8367861403948306, 0.025649826503105107, 0.2596453934447493, 0.5, 0.2545454545454545, 1] 1
scikit-learn/scikit-learn 5784 2073 [0.75727979601008, 0.0, 0.518932884468384, 0.3333333333333333, 0.34782608695652173, 0] 1
scikit-learn/scikit-learn 6712 6505 [0.5457564719152195, 0.2462815387961194, 0.9923075780734094, 1.0, 0.9437751004016064, 0] 1
scikit-learn/scikit-learn 8438 4354 [0.888729297320024, 0.36670075877613023, 0.42683720332337294, 0.5, 0.15384615384615385, 1] 1
scikit-learn/scikit-learn 8658 8436 [0.9842301081291173, 0.2456242349797551, 0.26937401188058957, 0.16666666666666666, 0.4098360655737705, 1] 1
scikit-learn/scikit-learn 5366 5127 [0.8940877135658574, 0.5837983484967244, 0.04944513860581975, 0.25, 0.7272727272727273, 0] 1
scikit-learn/scikit-learn 7390 7229 [0.0032161048989170324, 0.22672900873027566, 0.09391397902948054, 0.4, 0.8405172413793104, -1] 1
scikit-learn/scikit-learn 6057 6041 [0.0045315665919075, 0.39547779816330303, 0.0, 1.0, 0.8478260869565217, 1] 1
scikit-learn/scikit-learn 5297 5277 [0.3622370571934046, 0.17587737997399325, 0.629149930489972, 0.7272727272727273, 0.5643564356435643, 1] 1
scikit-learn/scikit-learn 6874 2616 [0.955798642091814, 0.195883956704063, 0.0, 0.0, 0.0, 0] 1
scikit-learn/scikit-learn 6692 5762 [0.2733436381134634, 0.0637285614212084, 0.09083266458964699, 0.3333333333333333, 0.8507462686567164, 0] 1
scikit-learn/scikit-learn 4205 3907 [0.015691071224946854, 0.0, 0.9999999999999998, 0.16666666666666666, 1.0, 0] 1
scikit-learn/scikit-learn 3306 1714 [0.5502642502994023, -0.002415303093454157, 0.0, 0.0, 0.0, 0] 1
scikit-learn/scikit-learn 2948 2199 [0.3900967047816026, 0.0930123624589733, 0.2773450728513656, 0.06896551724137931, 0.7674418604651163, 0] 1
scikit-learn/scikit-learn 6586 3638 [0.41188188458810066, 0.14318988658602655, 0.0, 0.14285714285714285, 0.0, 0] 1
scikit-learn/scikit-learn 3531 3463 [0.8513891149813685, 0.0, 0.0, 0.0, 0.0, 0] 1
scikit-learn/scikit-learn 6671 5366 [0.7581046855847955, 0.01613833110928383, 0.0, 0.0, 0.0, 0] 1
scikit-learn/scikit-learn 311 296 [0.1120400268937811, 0.2862480738233958, 0.01670382761952652, 0.14285714285714285, 0.296875, 0] 1
scikit-learn/scikit-learn 7541 6176 [0.5845680138995826, 0.7000705686818504, 0.0, 1.0, 0.0, -1] 1
scikit-learn/scikit-learn 6671 5127 [0.818457802196868, 0.0054386443296714155, 0.0, 0.2, 0.7333333333333333, 0] 1
