dotnet/corefx 3267 3264 [0.1362461543461547, 0.12197895458115145, 0.0, 0.0, 0.0, 0] 1
dotnet/corefx 6337 6335 [0.0, 0.0, 0.0, 0.06666666666666667, 1.0, 0] 1
dotnet/corefx 6202 6181 [0.0, 0.022959462991608785, 0.0, 0.5, 0.47058823529411764, 0] 1
dotnet/corefx 20697 20599 [0.0, 0.0795010600297218, 0.723336511027503, 0.84375, 0.8405519356075124, 0] 1
dotnet/corefx 17428 17419 [0.0, 0.042095076104041805, 0.5455447255899809, 0.1, 1.0, -1] 1
dotnet/corefx 10460 10450 [0.0, 0.03502189363774611, 0.0, 0.0, 0.0, 0] 1
dotnet/corefx 15044 14939 [0.0, 0.0, 0.0, 0.0038819875776397515, 0.6342857142857142, -1] 1
dotnet/corefx 34 32 [0.0166937090142717, 0.4511992297710144, 0.39139684383206536, 0.14285714285714285, 1.0, 0] 1
dotnet/corefx 419 406 [0.0, 0.06492416612534006, 0.0, 0.0, 0.0, 0] 1
dotnet/corefx 7925 7886 [0.0, 0.024078469534359135, 0.4999999999999999, 0.1, 1.0, 0] 1
dotnet/corefx 16069 9537 [0.0, 0.03359826043033056, 0.0, 0.0, 0.0, 0] 1
dotnet/corefx 6089 6058 [0.03528263812452359, 0.11365213431080338, 0.0, 0, 0.0, 0] 1
dotnet/corefx 7627 7610 [0.2156376117180393, 0.0, 0.0, 0.7, 1.0, 0] 1
dotnet/corefx 17151 17137 [0.04779653451914098, 0.29380291156912663, 0.42563409586362305, 0.25, 0.0, 1] 1
dotnet/corefx 2694 2675 [0.13645345319134689, 0.4208479184074746, 0.0, 0.0, 0.0, 0] 1
dotnet/corefx 4160 4157 [0.0, 0.03005061040303106, 0.8582352244463665, 0.25, 0.952755905511811, 0] 1
dotnet/corefx 7562 6293 [0.04968748414273325, 0.032657082613352435, 0.0, 0.09090909090909091, 0.0, 0] 1
dotnet/corefx 16826 16814 [0.08977167000918891, 0.05393461715474459, 1.0, 1.0, 1.0, 0] 1
dotnet/corefx 8741 8740 [0.4573808999018364, 0.0, 0.0, 1.0, 1.0, 0] 1
dotnet/corefx 14641 14631 [0.4765470111313002, 0.23577797097013314, 0.8911517280388502, 1.0, 0.8921161825726142, 1] 1
dotnet/corefx 441 438 [0.37906284064277146, 0.0, 0.8677218312746248, 0.21052631578947367, 0.34615384615384615, 0] 1
dotnet/corefx 6585 6194 [0.3415406433423232, 0.099763915010082, 0.6872916147840878, 0.9, 0.942381562099872, 0] 1
dotnet/corefx 19477 19463 [0.27443310085386136, 0.09811763305463746, 0.0, 0.0, 0.0, 1] 1
dotnet/corefx 12873 12863 [0.5367114408799899, 0.43812874762300236, 0.5952994762353382, 0.04878048780487805, 0.084375, 0] 1
dotnet/corefx 9560 9557 [0.20016117931695296, 0.20911875157354973, 0.0, 0.005780346820809248, 1.0, 0] 1
dotnet/corefx 3686 3046 [0.4747895978711595, 0.3288547846662621, 0.8518621064369466, 0.4, 0.5116279069767442, 0] 1
dotnet/corefx 5345 5327 [0.15686268347636356, 0.0, 0.0, 1.0, 1.0, 0] 1
dotnet/corefx 10718 10715 [0.7529642613273831, 0.0, 0.0, 0.007352941176470588, 0.8, 0] 1
dotnet/corefx 9113 9112 [0.9547539776485766, 0.05062445186909547, 0.0, 1.0, 0.999341816586222, 1] 1
dotnet/corefx 9312 9310 [0.5999214242049251, 0.0, 0.0, 1.0, 1.0, 0] 1
nodejs/node 12878 12875 [0.37339141216166055, 0.4745416193465103, 0.3054191986090018, 0.8307692307692308, 0.6856106408706167, 0] 1
nodejs/node 1424 493 [0.0, 0.0585916794964896, 0.0, 0.0, 0.0, 0] 1
nodejs/node 2350 1785 [0.17545007452392836, 0.11366344857939945, 0.0, 0.16666666666666666, 0.7121771217712177, 0] 1
nodejs/node 3701 2253 [0.0, 0.015089864220248729, 0.0, 0.0, 0.0, 0] 1
nodejs/node 12490 12105 [0.0, 0.023447920551119935, 0.3946011021163775, 0.0625, 0.9047619047619048, -1] 1
nodejs/node 7185 7160 [0.0, 0.1067665858897004, 0.0, 0.0, 0.0, -1] 1
nodejs/node 2727 2726 [0.0, 0.07370812139458527, 0.0, 0.0, 0.0, 1] 1
nodejs/node 2727 2725 [0.0, 0.005769310603959679, 0.0, 0.0, 0.0, 1] 1
nodejs/node 11848 11762 [0.0, 0.5634585620471501, 0.0, 0.5, 0.0, 0] 1
nodejs/node 8491 8334 [0.0, 0.17131209706246728, 0.08652772175507888, 0.05555555555555555, 0.0, 0] 1
nodejs/node 10339 10239 [0.009484659754922353, 0.258342834681042, 0.0, 1.0, 0.0, 1] 1
nodejs/node 12231 12230 [0.08328710907107738, 0.23746056738877755, 0.0, 0.1111111111111111, 0.1625, 0] 1
nodejs/node 2556 2312 [0.058988801944448145, 0.08197577847371276, 0.0, 0.0, 0.0, 0] 1
nodejs/node 4814 4813 [0.29058215115944863, 0.3469168464567047, 0.0, 0.9333333333333333, 0.934640522875817, 0] 1
nodejs/node 4265 4254 [0.16519006925097318, 0.3258531758472847, 1.0000000000000002, 0.3333333333333333, 1.0, 0] 1
nodejs/node 12469 12387 [0.012336310652321974, 0.18388786381792432, 0.5095246653650681, 1.0, 1.0, 0] 1
nodejs/node 7617 7028 [0.062528523081737, 0.2572858206400484, 0.0, 0.5, 1.0, 1] 1
nodejs/node 11828 8491 [0.2520768873433845, 0.24382141868405094, 0.7846125556244438, 0.004235907461713913, 0.5685763888888888, 0] 1
nodejs/node 11099 10343 [0.22858047036663043, 0.23403635564307598, 0.0, 0.0, 0.0, 0] 1
nodejs/node 11074 10320 [0.1668123890352775, 0.12523442413252348, 0.0, 0.0, 0.0, 0] 1
nodejs/node 6987 6947 [0.016253282904526614, 0.1384950143750185, 0.011441737876355756, 1.0, 0.24444444444444444, 0] 1
nodejs/node 3068 3059 [0.007862670143608794, 0.14738835051470373, 0.3694422079859265, 0.5, 0.4536082474226804, 1] 1
nodejs/node 10579 10282 [0.18506130668774579, 0.22678911113378042, 0.0, 0.3333333333333333, 0.0, -1] 1
nodejs/node 5786 5782 [0.31684388863424023, 0.24338125075109945, 0.195311067341762, 0.3333333333333333, 0.27626459143968873, 1] 1
nodejs/node 6986 6947 [0.1811911442742553, 0.08786751921963486, 0.025409863380679427, 1.0, 0.022818026240730177, 0] 1
nodejs/node 2262 1936 [0.5499191453694965, 0.059445680587113324, 0.0, 0.5, 0.0, 0] 1
nodejs/node 7616 7311 [0.14058313740666306, 0.0890014494602237, 1.0, 0.037037037037037035, 0.6666666666666666, 0] 1
nodejs/node 11397 11375 [0.4792639097337515, 0.18467844995734084, 0.0, 0.14285714285714285, 1.0, 0] 1
nodejs/node 11610 8551 [0.2119506747477649, 0.09153093041631148, 0.0, 0.000992063492063492, 0.0, 0] 1
nodejs/node 8016 8010 [0.3979970479979302, 0.30858923841371944, 0.0, 1.0, 0.0, -1] 1
nodejs/node 6937 6206 [0.42030659082594374, 0.20197410667177154, 0.43159572717897476, 0.5, 1.0, 0] 1
nodejs/node 12231 12204 [0.06819494763319091, 0.19120109174819908, 0.0, 0.1111111111111111, 0.37142857142857144, 0] 1
nodejs/node 10937 10525 [0.6972862398494137, 0.2658448181498964, 0.0, 0.5, 1.0, 0] 1
nodejs/node 539 239 [0.42974022417352714, 0.014919152886052, 0.5625650191302901, 0.3333333333333333, 1.0, 0] 1
nodejs/node 4585 3823 [0.21476268402273707, 0.0696432481565199, 0.04016096644512494, 0.3333333333333333, 0.0, 0] 1
nodejs/node 9335 9334 [0.06235683122768397, 0.5831923540231918, 0.0, 1.0, 1.0, 0] 1
nodejs/node 3853 3848 [0.6230947274023514, 0.0, 0.0, 1.0, 1.0, 1] 1
nodejs/node 6531 5056 [0.05856204852390183, 0.17272072809001518, 0.045060590905933284, 1.0, 0.7482014388489209, 0] 1
nodejs/node 5690 5689 [0.3458219221355637, 0.47674922063679, 0.0, 0.25, 0.5, 1] 1
nodejs/node 10916 10890 [0.21176784672725818, 0.3644209406425841, 0.7756293831473049, 1.0, 0.0, 0] 1
nodejs/node 11310 9351 [0.7075029422994584, 0.2553364309139175, 0.0, 1.0, 0.7644444444444445, 0] 1
nodejs/node 12437 9961 [0.14593846913825578, 0.10134794832856585, 0.17873743296603883, 0.6666666666666666, 0.5233644859813084, 0] 1
nodejs/node 9243 9220 [0.29210889201788637, 0.0, 0.0, 1.0, 1.0, 0] 1
nodejs/node 7626 7311 [0.08829681989028246, 0.24711345678627672, 0.9999999999999998, 0.037037037037037035, 1.0, 1] 1
nodejs/node 3813 2205 [0.5927643667258792, 0.3346651634377159, 0.0, 0.04, 1.0, 0] 1
nodejs/node 561 161 [0.7540063958928536, 0.06875012179893952, 0.5402906346186358, 0.6, 0.6706586826347305, 0] 1
nodejs/node 8263 8231 [0.4914822388934997, 0.19482289832673738, 1.0, 1.0, 1.0, 0] 1
nodejs/node 10753 10734 [0.6876293574972006, 0.19530425276095098, 0.46216675674166924, 1.0, 0.45714285714285713, 0] 1
nodejs/node 9111 8016 [0.37710029988576904, 0.45504985235665996, 0.0, 1.0, 0.0, 0] 1
nodejs/node 2252 2251 [0.22127332455354606, 0.20520273015928023, 0.4714045207910316, 0.3333333333333333, 1.0, 1] 1
nodejs/node 8717 8505 [0.17829898111980552, 0.27660643398929047, 0.0, 1.0, 0.52, 0] 1
nodejs/node 9233 9184 [0.5666466711148367, 0.02172400230417754, 0.0, 0.25, 1.0, 0] 1
nodejs/node 385 382 [0.0, 0.0, 0.9999999999999998, 1.0, 0.6666666666666666, 0] 1
nodejs/node 5520 5519 [0.9727755762256338, 0.0427889589658892, 0.0, 1.0, 1.0, 1] 1
nodejs/node 9535 9482 [0.10808262020124337, 0.045454216827739355, 1.0, 1.0, 1.0, 0] 1
nodejs/node 7911 7745 [0.017804480489377713, 0.24705172111211532, 0.0, 0.0, 0.0, 0] 1
nodejs/node 81 56 [0.8048094093602136, 0.16795287909912707, 0.0, 0.5, 0.0, 0] 1
nodejs/node 3568 3567 [0.4472785272131654, 0.4664094911954455, 0.5430753866417045, 0.3333333333333333, 0.0, 1] 1
nodejs/node 8923 3062 [0.4496452341354823, 0.28706810220592305, 0.06788442333021306, 1.0, 1.0, 0] 1
nodejs/node 6537 6536 [0.674113386884073, 0.14521970441635307, 0.40061555556852496, 0.3157894736842105, 0.8217054263565892, 1] 1
nodejs/node 12777 12316 [0.0, 0.12425241152800585, 0.0, 0, 0.0, 0] 1
nodejs/node 7634 7590 [0.0, 0.4661422747832947, 0.0, 0.0001467782181124321, 1.0, 0] 1
nodejs/node 5020 4975 [0.44316324281370606, 0.21669394199868633, 0.0, 0.03225806451612903, 0.18815331010452963, 0] 1
nodejs/node 3774 3722 [0.0, 0.019554412025601504, 0.0, 0.6666666666666666, 0.8089887640449438, 0] 1
nodejs/node 6044 5722 [0.5627956104240958, 0.1368438357473308, 0.17828966246886307, 0.25, 0.43564356435643564, -1] 1
nodejs/node 489 482 [0.5447713490525599, 0.32706022007901425, 0.3984879558012202, 0.3333333333333333, 1.0, 1] 1
nodejs/node 5783 5544 [0.5828706488618816, 0.2922872025962191, 0.0, 0.5, 1.0, 0] 1
nodejs/node 7465 5458 [0.0, 0.06696145622585653, 0.0, 0.5, 0.9147286821705426, 0] 1
nodejs/node 4124 3511 [0.5308956886023329, 0.7567048769590213, 0.7686826025334885, 0.8, 0.5412844036697247, 1] 1
nodejs/node 6982 6947 [0.32538885465736633, 0.08400691370001662, 0.0, 1.0, 0.02167712492869367, 0] 1
nodejs/node 5251 4277 [0.5260207297585269, 0.2572143442237569, 0.5255883312276366, 0.05263157894736842, 0.4827586206896552, 0] 1
nodejs/node 11278 10423 [0.3494380051971918, 0.13136047105916449, 0.0, 0.0, 0.0, 0] 1
nodejs/node 13650 13570 [0.09373667132999938, 0.22168735163441733, 0.5439433649162873, 1.0, 0.0, 1] 1
nodejs/node 8697 8549 [0.628534120564348, 0.23437077882887936, 0.0, 0.5, 0.42105263157894735, 0] 1
nodejs/node 12590 12544 [0.5538695942586163, 0.40565819066059317, 0.5621013945819732, 1.0, 1.0, 0] 1
nodejs/node 8957 8953 [0.7038483043678262, 0.0, 1.0, 1.0, 1.0, 0] 1
nodejs/node 601 533 [0.4574503929676389, 0.010670652976951939, 0.41536773015932643, 0.5, 0.617948717948718, 0] 1
nodejs/node 5316 5306 [0.6330721451495176, 0.3463020999876834, 0.0, 1.0, 1.0, 0] 1
nodejs/node 11533 9352 [0.7038105782204171, 0.07702632457722809, 0.0, 1.0, 0.8280616382806164, 0] 1
nodejs/node 11599 7850 [0.8807768560578135, 0.49129740111506415, 0.381528726074437, 0.42857142857142855, 0.3333333333333333, 1] 1
nodejs/node 11143 10786 [0.8436362021562807, 0.28695067411922165, 0.0, 0.0, 0.0, 0] 1
nodejs/node 6728 6718 [0.5629637504371748, 0.7799187294202681, 0.0, 1.0, 0.0, -1] 1
nodejs/node 11340 11308 [0.7430226307041453, 0.9840203673770931, 0.5521834315298448, 1.0, 0.5144230769230769, 1] 1
nodejs/node 12491 12487 [0.4913750207767468, 0.3310444281026564, 0.062363121870003216, 0.5, 0.48, 1] 1
nodejs/node 12492 12487 [0.49856800999833817, 0.6040221694141621, 0.3614031611621005, 0.5, 0.8985507246376812, 0] 1
nodejs/node 5251 4749 [0.525854852043084, 0.217140176360543, 0.0, 0.0, 0.0, 0] 1
nodejs/node 8612 8587 [0.8420701607006961, 0.4409816006184823, 0.9803060746521975, 0.3333333333333333, 0.875, 0] 1
nodejs/node 10055 9935 [0.7793842082343414, 0.9012665152144872, 0.19802950859533483, 1.0, 1.0, 0] 1
nodejs/node 12822 12732 [0.724017745356786, 0.3685146758173882, 0.0, 0.014285714285714285, 0.0, 0] 1
nodejs/node 5434 5306 [0.7188013264334474, 0.0, 0.0, 1.0, 1.0, 0] 1
nodejs/node 11838 11823 [0.5495444284596839, 0.2458615050763492, 0.9999999999999998, 1.0, 1.0, 0] 1
nodejs/node 7933 7932 [0.6819540706092679, 0.13324134313335803, 0.0, 0.0, 0.0, 1] 1
nodejs/node 4342 4062 [0.9097252746223468, 0.3482582571458556, 0.2677824371959891, 1.0, 1.0, 1] 1
nodejs/node 7139 6788 [0.8651650013641385, 0.23874812708796156, 0.8974897390299406, 0.16411378555798686, 0.8964346349745331, 1] 1
nodejs/node 5211 5097 [0.8651650013641385, 0.7005566530670144, 0.9980372567610999, 0.873972602739726, 0.9870905587668594, 1] 1
nodejs/node 12901 12426 [0.7694789194026721, 0.46959667173603403, 0.11934408395282282, 1.0, 1.0, 0] 1
nodejs/node 2207 2205 [0.8381442219019737, 0.2072439116177475, 0.0, 0.45454545454545453, 0.8717948717948718, 0] 1
nodejs/node 7771 7689 [1.0, 0.22884554372864263, 0.0, 0.0, 0.0, -1] 1
nodejs/node 10583 10531 [0.8036295751829852, 0.8830708725821041, 1.0000000000000002, 1.0, 1.0, 0] 1
nodejs/node 5007 5003 [0.9237926836637002, 0.0, 0.0, 1.0, 0.7407407407407407, 0] 1
nodejs/node 9848 9284 [1.0, 0.76952740404167, 0.9960935655536398, 0.7704517704517705, 0.989535490605428, 1] 1
nodejs/node 9578 9575 [1.0, 0.7923413413727927, 0.9999999999999998, 1.0, 1.0, 1] 1
nodejs/node 4310 4258 [1.0000000000000002, 0.029361574630954713, 0.0, 1.0, 1.0, 0] 1
nodejs/node 4958 4110 [0.6573953034821169, 0.4699611154327022, 0.7164560856230808, 0.10073497622135755, 0.8822228074795891, 1] 1
scikit-learn/scikit-learn 3181 2632 [0.0, 0.0, 0.0, 0.3333333333333333, 1.0, 0] 1
scikit-learn/scikit-learn 5835 5771 [0.06737234436448229, 0.38136391852555096, 0.0, 0.5, 1.0, 1] 1
scikit-learn/scikit-learn 6337 6332 [0.0, 0.0, 0.5773502691896258, 0.16666666666666666, 0.6666666666666666, 0] 1
scikit-learn/scikit-learn 7015 5900 [0.0, 0.008073430557183955, 0.35427851807640165, 1.0, 0.41422594142259417, -1] 1
scikit-learn/scikit-learn 3735 2979 [0.0, 0.0608601133214449, 0.3133813018456956, 0.6666666666666666, 0.4585365853658537, 0] 1
scikit-learn/scikit-learn 7350 7312 [0.531225376373214, 0.8811181919887316, 0.0, 0.0, 0.0, 1] 1
scikit-learn/scikit-learn 6720 6666 [0.0, 0.024447250940500476, 0.11126341728741623, 0.05555555555555555, 0.0, -1] 1
scikit-learn/scikit-learn 5152 4845 [0.0, 0.02310100699389832, 0.0, 0.02040816326530612, 1.0, 0] 1
scikit-learn/scikit-learn 4802 4182 [0.0, 0.0012739862947812209, 0.0, 0.0, 0.0, 0] 1
scikit-learn/scikit-learn 6841 5064 [0.0, 0.40572592421694376, 0.0, 1.0, 0.963302752293578, 1] 1
scikit-learn/scikit-learn 4308 4087 [0.0, 0.05682475138765332, 0.08150924585113689, 1.0, 0.4117647058823529, 0] 1
scikit-learn/scikit-learn 5607 5577 [0.0, 0.024203980510700013, 0.0, 0.0, 0.0, 0] 1
scikit-learn/scikit-learn 4802 4175 [0.0, 0.04500441511618615, 0.0, 0.0, 0.0, 0] 1
scikit-learn/scikit-learn 3760 3655 [0.0, 0.060340290114720585, 0.5033266645878641, 0.25, 0.0, 0] 1
scikit-learn/scikit-learn 7350 5393 [0.09367757703605492, 0.08218991629099058, 0.0, 0.0, 0.0, 0] 1
scikit-learn/scikit-learn 6582 6376 [0.015813081869826, 0.19249978976043483, 0.6483974511504385, 1.0, 0.4457831325301205, -1] 1
scikit-learn/scikit-learn 7978 7902 [0.025187577988643947, 0.3411958521592644, 0.0, 1.0, 0.0, 0] 1
scikit-learn/scikit-learn 7374 5836 [0.13209294543386865, 0.33340022134330294, 0.0, 1.0, 0.43333333333333335, -1] 1
scikit-learn/scikit-learn 6717 1939 [0.2674785720794578, 0.1444267662890643, 0.0, 0.0, 0.0, -1] 1
scikit-learn/scikit-learn 3432 3236 [0.22045986089078343, 0.6324352718167288, 0.0, 0.5, 0.0, 1] 1
scikit-learn/scikit-learn 4852 2557 [0.21867478172308813, 0.1485033886334744, 0.04562686337288551, 0.09090909090909091, 0.3256972111553785, 0] 1
scikit-learn/scikit-learn 8658 4494 [0.0, 0.2864319823134759, 0.0, 0.16666666666666666, 0.35714285714285715, 1] 1
scikit-learn/scikit-learn 4802 1292 [0.17711139918601682, 0.11920015336525389, 0.0, 0.0, 0.0, 0] 1
scikit-learn/scikit-learn 8518 8517 [0.024407397725660803, 0.9448658921349118, 0.5976143046671968, 1.0, 1.0, 1] 1
scikit-learn/scikit-learn 3574 1176 [0.3349435732024726, 0.1436352854684684, 0.10206207261596574, 0.047619047619047616, 0.42424242424242425, 0] 1
scikit-learn/scikit-learn 7261 6028 [0.19110657132555012, 0.15083727883724624, 0.8017189728415931, 0.8888888888888888, 0.6757990867579908, 0] 1
scikit-learn/scikit-learn 3125 2694 [0.13555139208438757, 0.0, 0.0, 0.14285714285714285, 0.0, 0] 1
scikit-learn/scikit-learn 7819 6077 [0.3201102904962563, 0.15879526856920595, 0.0, 0.3333333333333333, 0.17073170731707318, 0] 1
scikit-learn/scikit-learn 7011 7009 [0.4383612306679651, 0.937314846361598, 0.0, 1.0, 1.0, 1] 1
scikit-learn/scikit-learn 5295 1348 [0.3726544292189951, 0.09276318986596228, 0.3040328455112034, 0.2727272727272727, 0.5568181818181818, 0] 1
scikit-learn/scikit-learn 5420 5008 [0.24425053505872307, 0.05566716844347728, 0.45393405907161116, 1.0, 0.29577464788732394, 1] 1
scikit-learn/scikit-learn 3735 3310 [0.39718984103079424, 0.13467890917873093, 0.2945236507252444, 0.3333333333333333, 0.18716577540106952, 0] 1
scikit-learn/scikit-learn 5718 5712 [0.26422250964336425, 0.014619179148156795, 0.050636968354183326, 0.3333333333333333, 0.125, 0] 1
scikit-learn/scikit-learn 5378 5348 [0.4148694300760509, 0.0, 0.6220267792430237, 1.0, 0.5619834710743802, 0] 1
scikit-learn/scikit-learn 1961 1787 [0.20086518746692694, 0.12754050583431775, 0.3516605568957492, 0.16666666666666666, 0.8414918414918415, 0] 1
scikit-learn/scikit-learn 7026 1742 [0.261448908976713, 0.3359123099279813, 0.0, 0.0, 0.0, 0] 1
scikit-learn/scikit-learn 3877 1867 [0.7835614005276101, 0.0, 0.2145779746757464, 0.5714285714285714, 0.41540785498489424, 0] 1
scikit-learn/scikit-learn 7825 6307 [0.2816298363042656, 0.09858787705093325, 0.8133257084405583, 0.125, 0.0, -1] 1
scikit-learn/scikit-learn 6429 4567 [0.5358161920780108, 0.11695815605636199, 0.41012017376548704, 0.6666666666666666, 0.4666666666666667, 0] 1
scikit-learn/scikit-learn 7776 7775 [0.28068866863159564, 0.17358967962084923, 0.19661895992808387, 0.5, 0.6181818181818182, 1] 1
scikit-learn/scikit-learn 6307 5642 [0.2842912149978894, 0.10121084278792683, 0.7427813527082076, 0.2, 0.0, 0] 1
scikit-learn/scikit-learn 6436 6431 [0.4302207678651695, 0.447199750300217, 0.9999999999999999, 0.3333333333333333, 1.0, 1] 1
scikit-learn/scikit-learn 4852 2263 [0.4571683588038395, 0.11805709349623093, 0.25642048613065843, 0.18181818181818182, 0.6626042334830019, -1] 1
scikit-learn/scikit-learn 6087 5513 [0.2239945910204539, 0.0, 0.8801029553927127, 1.0, 0.5567567567567567, 0] 1
scikit-learn/scikit-learn 3861 3859 [0.2665084053120096, 0.10238821421345004, 0.0, 0.0, 0.0, 0] 1
scikit-learn/scikit-learn 8143 7986 [0.8114469281950056, 0.3443923645428958, 0.9905054201835132, 0.7142857142857143, 1.0, 0] 1
scikit-learn/scikit-learn 5951 5874 [0.4471036739897047, 0.002494271114265181, 0.0, 0.3333333333333333, 0.0, 1] 1
scikit-learn/scikit-learn 6313 5372 [0.6463054923133138, 0.07038885968558548, 0.0, 0.0, 0.0, 0] 1
scikit-learn/scikit-learn 4493 4467 [0.6001930319869863, 0.09492411602257841, 0.2596453934447493, 0.5, 0.2545454545454545, 1] 1
scikit-learn/scikit-learn 5784 2073 [0.6662414940670115, 0.0, 0.518932884468384, 0.3333333333333333, 0.34782608695652173, 0] 1
scikit-learn/scikit-learn 6712 6505 [0.7293534952497998, 0.12570955429693706, 0.9923075780734094, 1.0, 0.9437751004016064, 0] 1
scikit-learn/scikit-learn 8438 4354 [0.8856919400013976, 0.29511319981142986, 0.42683720332337294, 0.5, 0.15384615384615385, 1] 1
scikit-learn/scikit-learn 8658 8436 [0.8313252112937757, 0.2102052625737333, 0.26937401188058957, 0.16666666666666666, 0.4098360655737705, 1] 1
scikit-learn/scikit-learn 5366 5127 [0.6601184603552703, 0.39517630259116804, 0.04944513860581975, 0.25, 0.7272727272727273, 0] 1
scikit-learn/scikit-learn 7390 7229 [0.0, 0.1950082457018034, 0.09391397902948054, 0.4, 0.8405172413793104, -1] 1
scikit-learn/scikit-learn 6057 6041 [0.0, 0.7682861832121238, 0.0, 1.0, 0.8478260869565217, 1] 1
scikit-learn/scikit-learn 5297 5277 [0.21749002645971158, 0.32721868784143665, 0.629149930489972, 0.7272727272727273, 0.5643564356435643, 1] 1
scikit-learn/scikit-learn 6874 2616 [0.784932145712139, 0.0977876981743223, 0.0, 0.0, 0.0, 0] 1
scikit-learn/scikit-learn 6692 5762 [0.10954771572582689, 0.03045600942042445, 0.09083266458964699, 0.3333333333333333, 0.8507462686567164, 0] 1
scikit-learn/scikit-learn 4205 3907 [0.005635488015672983, 0.0, 0.9999999999999998, 0.16666666666666666, 1.0, 0] 1
scikit-learn/scikit-learn 3306 1714 [0.3991188751642762, 0.0, 0.0, 0.0, 0.0, 0] 1
scikit-learn/scikit-learn 2948 2199 [0.23480361255645002, 0.0670574323220353, 0.2773450728513656, 0.06896551724137931, 0.7674418604651163, 0] 1
scikit-learn/scikit-learn 6586 3638 [0.17463847240869737, 0.04653266133234893, 0.0, 0.14285714285714285, 0.0, 0] 1
scikit-learn/scikit-learn 3531 3463 [0.8479245992936306, 0.0, 0.0, 0.0, 0.0, 0] 1
scikit-learn/scikit-learn 6671 5366 [0.5339479400202729, 0.0, 0.0, 0.0, 0.0, 0] 1
scikit-learn/scikit-learn 311 296 [0.08234770926844641, 0.17091103462085797, 0.01670382761952652, 0.14285714285714285, 0.296875, 0] 1
scikit-learn/scikit-learn 7541 6176 [0.4697248884063156, 0.3918131681259264, 0.0, 1.0, 0.0, -1] 1
scikit-learn/scikit-learn 6671 5127 [0.7824784129115603, 0.0, 0.0, 0.2, 0.7333333333333333, 0] 1
