angular/angular.js 8206 8177 [0.0, 0.1899837853958538, 0.0, 1.0, 1.0, 0] 1
angular/angular.js 14635 12682 [0.11100807213409242, 0.0893795997377292, 0.8058066296105564, 0.5, 0.0, 0] 1
angular/angular.js 1602 1564 [0.012234321329086199, 0.0, 0.9583800885187983, 0.14285714285714285, 1.0, -1] 1
angular/angular.js 3025 2522 [0.0, 0.1343359949556819, 0.7472423250210534, 0.5, 0.5853658536585366, 0] 1
angular/angular.js 3197 3082 [0.0, 0.0, 0.35743428521328957, 0.5, 0.0, -1] 1
angular/angular.js 5976 5536 [0.1081570922559173, 0.05249523044825504, 0.2113281652977169, 0.6, 0.935064935064935, 0] 1
angular/angular.js 4021 3897 [0.0, 0.3576383010106948, 1.0, 0.5, 1.0, -1] 1
angular/angular.js 9481 9478 [0.0, 0.007334769240005717, 0.0, 0.0, 0.0, 0] 1
angular/angular.js 8206 8130 [0.0, 0.12483396404399032, 0.0, 1.0, 1.0, 0] 1
angular/angular.js 2362 2307 [0.13823815386412427, 0.0, 0.0, 1.0, 1.0, 0] 1
angular/angular.js 12362 12307 [0.0, 0.0, 0.996682918528462, 0.38446969696969696, 0.9385608260729268, 0] 1
angular/angular.js 3082 2835 [0.0, 0.0, 0.5986843400892498, 0.5, 0.7575757575757576, 0] 1
angular/angular.js 7960 7776 [0.0, 0.1754136558202763, 0.0, 0.1, 0.0, 0] 1
angular/angular.js 3699 3697 [0.10469092435615092, 0.0, 0.0, 0.0, 0.0, 0] 1
angular/angular.js 12933 12166 [0.09339992989848742, 0.16111147264697145, 0.5098300908202665, 0.3333333333333333, 1.0, 0] 1
angular/angular.js 9905 8005 [0.06803596633874782, 0.07617841761745113, 0.08691405714291135, 0.2727272727272727, 0.12110726643598616, 0] 1
angular/angular.js 9013 4858 [0.2722109171833364, 0.30539844905143276, 0.9145147297440672, 0.13963039014373715, 0.9084194977843427, 0] 1
angular/angular.js 5080 3376 [0.3853048498918813, 0.04237917961230595, 0.8164965809277259, 1.0, 0.4166666666666667, 0] 1
angular/angular.js 9917 9265 [0.00653742631145784, 0.01738085404995672, 0.06804138174397717, 0.4, 0.5277777777777778, -1] 1
angular/angular.js 2439 2060 [0.1092033762803295, 0.1633982424704542, 0.3494816226644152, 0.5, 0.0, 0] 1
angular/angular.js 2260 2216 [0.24844375669196733, 0.0, 0.900681859298309, 0.5714285714285714, 0.9296097934200459, 0] 1
angular/angular.js 10592 7762 [0.2026166820964372, 0.023730349892683127, 0.18751628932547798, 0.6666666666666666, 0.7805105853051059, 0] 1
angular/angular.js 2488 2396 [0.1941948572689806, 0.33262433074046405, 0.9999999999999999, 0.5, 1.0, 0] 1
angular/angular.js 4612 4479 [0.06532485236384782, 0.20242862463017589, 0.0, 0.0, 0.0, 1] 1
angular/angular.js 5174 5110 [0.6072262682361244, 0.022569171510541032, 0.8553372034476998, 1.0, 1.0, 0] 1
angular/angular.js 12524 12477 [0.18391435560395297, 0.0, 0.4125926379862166, 0.45454545454545453, 0.8939226519337017, 0] 1
angular/angular.js 4369 4351 [0.2622017907742617, 0.0, 0.0, 1.0, 1.0, 0] 1
angular/angular.js 15542 15538 [0.013742525722635316, 0.20407032818180962, 0.6324555320336759, 0.5, 1.0, 1] 1
angular/angular.js 2265 2252 [0.7172909841431451, 0.0, 0.0, 0, 0.0, 0] 1
angular/angular.js 6716 6692 [0.3191762047648256, 0.0, 0.0, 1.0, 0.0, 0] 1
angular/angular.js 14967 6412 [0.25812763718116427, 0.3965613476444347, 0.5941006089072717, 0.6666666666666666, 0.0, 0] 1
angular/angular.js 10619 10618 [0.2271065889512879, 0.0, 0.6458397238688365, 1.0, 1.0, 0] 1
angular/angular.js 12072 4282 [0.4129624689199449, 0.013623974396294902, 0.20473877443018715, 0.2, 0.0, -1] 1
angular/angular.js 4171 4083 [0.3191311362498064, 0.2657107676874279, 0.0, 0.5, 0.5641025641025641, 1] 1
angular/angular.js 15919 15917 [0.47097079425769467, 0.22963181325453538, 0.0, 1.0, 0.0, 0] 1
angular/angular.js 8716 8628 [0.46498738559782365, 0.15668090201813722, 0.8327454532230836, 0.3333333333333333, 0.4065244667503137, 1] 1
angular/angular.js 3393 1745 [0.3642299857908021, 0.18008800853972307, 0.14462283564076908, 0.3333333333333333, 0.5380434782608695, 0] 1
angular/angular.js 7079 6474 [0.03394836093917762, 0.0997600479112688, 0.9192547197409877, 1.0, 1.0, 1] 1
angular/angular.js 4086 3135 [0.1810845064643745, 0.09104191537940555, 0.06537204504606134, 0.3333333333333333, 0.0, 0] 1
angular/angular.js 8626 8606 [0.48586939183261674, 0.2486702228786243, 0.0, 1.0, 1.0, 0] 1
angular/angular.js 7906 7903 [0.19695593533968098, 0.6415953634994634, 0.617171799771944, 0.5, 0.92, 1] 1
angular/angular.js 5108 5101 [0.39486406394619666, 0.496891304218291, 0.5361534927829378, 0.5, 0.0, 1] 1
angular/angular.js 9827 5746 [0.3707670978692915, 0.2817566622252427, 0.0, 0.5, 0.0, 0] 1
angular/angular.js 8492 8233 [0.263463268795754, 0.0066743678797496295, 0.0, 1.0, 0.0, 0] 1
angular/angular.js 7479 7262 [0.6274984998221242, 0.061862286970062096, 0.0, 0.5, 1.0, 0] 1
angular/angular.js 8206 8133 [0.35871475135016007, 0.33810929466355205, 0.0, 0.0, 0.0, 0] 1
angular/angular.js 9356 8837 [0.39688825967881686, 0.0, 0.0, 0.18181818181818182, 0.9457364341085271, 0] 1
angular/angular.js 4530 4410 [0.4473139132291969, 0.3698679363089597, 0.0, 1.0, 1.0, 0] 1
angular/angular.js 1851 1701 [0.47907300665429864, 0.25840616575563763, 0.7522977885190791, 1.0, 0.5333333333333333, 0] 1
angular/angular.js 13497 13495 [0.6379550740990467, 0.2604132189698427, 0.0, 1.0, 1.0, -1] 1
angular/angular.js 4940 4529 [0.5514987578319913, 0.3205955167090267, 0.3175003175004763, 0.5, 1.0, 1] 1
angular/angular.js 5084 4872 [0.49655589660996496, 0.8049255124944644, 0.9634152286193778, 1.0, 0.6261261261261262, 1] 1
angular/angular.js 11803 11722 [0.7743183516387326, 0.4467738377780779, 0.5525325475004752, 0.6, 0.3271604938271605, 1] 1
angular/angular.js 6986 6983 [0.6606501440055994, 0.5195618057080785, 0.8583124998696603, 0.3333333333333333, 1.0, 1] 1
angular/angular.js 6215 6098 [0.6048269067255241, 0.4097221074520609, 0.3607904303611868, 0.6666666666666666, 0.5735294117647058, 0] 1
angular/angular.js 4544 4410 [0.7452620122473146, 0.3698679363089597, 0.0, 1.0, 1.0, 0] 1
angular/angular.js 4916 4860 [0.0, 0.0, 0.0, 1.0, 1.0, 0] 1
angular/angular.js 4968 4963 [0.1795960514879402, 0.0, 0.0, 1.0, 0.0, 0] 1
angular/angular.js 6876 6065 [0.6067918714955322, 0.07624477921555976, 0.9177136357643809, 1.0, 0.0, -1] 1
angular/angular.js 2399 2357 [0.5911049073892374, 0.07730259945534289, 0.0, 0.1, 1.0, 0] 1
angular/angular.js 4658 4615 [0.5818743519265042, 0.0, 0.0, 1.0, 1.0, 0] 1
angular/angular.js 6807 6801 [0.7044178480994868, 0.4772263340688089, 0.8540823544386387, 1.0, 1.0, 1] 1
angular/angular.js 4630 4512 [0.0, 0.8349835511211546, 1.0, 1.0, 1.0, 0] 1
angular/angular.js 11973 11097 [0.4851304557699948, 0.15234925659116202, 1.0, 0.5, 0.0, 0] 1
angular/angular.js 13942 13941 [0.35743776254881165, 0.8611483421796784, 0.0, 0.5, 1.0, 1] 1
angular/angular.js 3198 2773 [0.6760529837274278, 0.28916038161826363, 0.2494011967449215, 0.5, 1.0, 0] 1
angular/angular.js 11028 9964 [0.7924231037963669, 0.6418143807790443, 1.0, 0.5, 0.6666666666666666, 0] 1
angular/angular.js 8034 8032 [0.23674687121979368, 0.014878597200333367, 0.406886744414977, 1.0, 1.0, 0] 1
angular/angular.js 4924 4854 [0.0, 0.0, 0.0, 1.0, 1.0, 0] 1
angular/angular.js 4300 3898 [0.2909345839258262, 0.2599346610953444, 0.5897678246195885, 1.0, 0.56, 0] 1
angular/angular.js 1514 1045 [0.16796524190079665, 0.20028803232787037, 0.4231531103160293, 1.0, 0.0, 0] 1
angular/angular.js 11790 11443 [0.2398999564691792, 0.015620249203529408, 0.06004429901180989, 0.4, 0.0, 0] 1
angular/angular.js 4833 4337 [0.6347698688433362, 0.4246016929203663, 0.00917649204774775, 0.25, 0.0, 0] 1
angular/angular.js 8108 7902 [0.5549589469807383, 0.0792963417476498, 0.3914007794265957, 1.0, 1.0, 0] 1
angular/angular.js 2357 2199 [0.1850278431612883, 0.49427177591515087, 0.0, 1.0, 1.0, 0] 1
angular/angular.js 4308 3848 [0.5510202375275559, 0.18743662084946036, 0.12585344410618476, 1.0, 0.7020408163265306, -1] 1
angular/angular.js 3958 3898 [0.2537633930341969, 0.4220717811426032, 0.5897678246195885, 1.0, 0.56, 0] 1
angular/angular.js 8205 7968 [0.8808801582184254, 0.21937750534563422, 0.5848976518656018, 0.5, 0.0, 0] 1
angular/angular.js 4642 4615 [0.6347464797824369, 0.0, 0.0, 1.0, 1.0, 0] 1
angular/angular.js 10335 10330 [0.156292969351808, 0.0788574371880139, 0.0, 1.0, 0.4423076923076923, 0] 1
angular/angular.js 4665 4615 [0.628662011594805, 0.0, 0.0, 1.0, 1.0, 0] 1
angular/angular.js 5019 4067 [0.3032355986605635, 0.02437293022702547, 0.0, 0.0, 0.0, 0] 1
angular/angular.js 4292 3898 [0.557362766931746, 0.0, 0.5897678246195885, 1.0, 0.56, 0] 1
angular/angular.js 7846 5063 [0.5748425215152753, 0.2394165426306751, 0.6160831149758973, 1.0, 0.25, 0] 1
angular/angular.js 10711 10327 [0.4979626824787413, 0.004458028391214391, 0.9999999999999998, 0.5, 1.0, 0] 1
angular/angular.js 12110 9791 [0.0, 0.0, 0.0, 1.0, 0.42424242424242425, 0] 1
angular/angular.js 3785 3761 [0.1570586325943237, 0.0, 0.0, 1.0, 1.0, 0] 1
angular/angular.js 3010 2522 [0.043398651776396874, 0.08505625066592476, 0.5604166538894864, 0.5, 0.5241935483870968, 0] 1
angular/angular.js 6885 6046 [0.12951491779902294, 0.0, 0.0, 1.0, 1.0, 0] 1
angular/angular.js 10585 5072 [0.6582253765141445, 0.6400319178849008, 0.8591491329157559, 1.0, 0.7652173913043478, 0] 1
angular/angular.js 10485 10476 [0.7049633157957585, 0.0, 1.0, 1.0, 1.0, 0] 1
angular/angular.js 9763 9321 [0.20277107025829622, 0.11762425613726472, 0.0, 0.25, 0.0, 0] 1
angular/angular.js 4532 4410 [0.4304966867022555, 0.0, 0.0, 1.0, 1.0, 0] 1
angular/angular.js 1616 1544 [0.0, 0.0, 0.24253562503633297, 0.05263157894736842, 0.7931034482758621, 0] 1
angular/angular.js 3452 2981 [0.5068411654363407, 0.14242418519172642, 0.5101327801706756, 1.0, 0.08620689655172414, 0] 1
angular/angular.js 4356 3898 [0.6625148451634528, 0.2509955117305033, 0.5897678246195885, 1.0, 1.0, 0] 1
angular/angular.js 11593 11579 [0.4184480971408429, 0.011409203084763942, 0.6362740408673152, 1.0, 1.0, 0] 1
angular/angular.js 13014 9791 [0.3328970983809545, 0.0, 0.0, 1.0, 0.42424242424242425, 0] 1
angular/angular.js 10477 10443 [0.4603485039763065, 0.0568167494595166, 0.29814239699997197, 0.5, 1.0, 0] 1
angular/angular.js 14488 14085 [0.5536563707961637, 0.4330032635933847, 0.9999999999999998, 0.5, 1.0, 1] 1
angular/angular.js 7947 7868 [0.13041786367295966, 0.0, 0.0, 0.07142857142857142, 1.0, 0] 1
angular/angular.js 4193 3927 [0.05670756014258625, 0.001962492278113248, 0.1720244639918768, 1.0, 0.0440251572327044, -1] 1
angular/angular.js 15535 15524 [0.7080466933958433, 0.013915943543752092, 0.0, 0, 0.0, 0] 1
angular/angular.js 15110 15106 [0.053298513019420166, 0.6122179253104353, 0.00727579894885408, 0.6666666666666666, 0.9620253164556962, 0] 1
angular/angular.js 11938 11937 [0.705556724971791, 0.3656054854360217, 1.0, 1.0, 1.0, 0] 1
angular/angular.js 7999 5903 [0.606294592617938, 0.32505745490004456, 0.6979160645851802, 0.25, 0.8947368421052632, 0] 1
angular/angular.js 7582 5674 [0.32660687357531004, 0.31421121179113637, 0.6058392513710816, 0.5, 0.3114754098360656, 0] 1
angular/angular.js 4646 4512 [0.6366828294591959, 0.1743261279700074, 1.0, 1.0, 1.0, 0] 1
angular/angular.js 11017 9854 [0.9320736246718987, 0.3617306107494642, 0.0, 0.0, 0.0, 1] 1
angular/angular.js 8516 8512 [0.6476603292304031, 0.5020100758137761, 0.30016680568428156, 1.0, 0.8409090909090909, 1] 1
angular/angular.js 11359 10985 [0.8468669001958883, 0.49091071010424786, 0.13363062095621217, 1.0, 0.7741935483870968, 0] 1
angular/angular.js 2273 1084 [0.9811497241628184, 0.5475883353501452, 0.9890356197201502, 1.0, 1.0, 0] 1
mozilla-b2g/gaia 1171 1170 [0.25818412549677067, 0.25452233870283797, 0.0, 1.0, 0.4375, 0] 1
mozilla-b2g/gaia 6795 6603 [0.35088629616232314, 0.0, 0.0, 1.0, 1.0, 1] 1
mozilla-b2g/gaia 13332 13292 [0.0006715609650584951, 0.0, 0.0, 0.04, 1.0, 0] 1
mozilla-b2g/gaia 9488 9457 [0.13956488265993208, 0.11171260851940062, 0.0, 0.5, 1.0, 0] 1
mozilla-b2g/gaia 9428 9349 [0.8163723054279126, 0.12903873041831465, 0.9999999999999998, 1.0, 1.0, 1] 1
mozilla-b2g/gaia 22947 22749 [0.6584956754991992, 0.0, 0.3768445758127967, 0.07142857142857142, 1.0, 1] 1
mozilla-b2g/gaia 18033 18000 [0.35045271938111755, 0.6924908519896081, 0.9999999999999998, 1.0, 1.0, 1] 1
mozilla-b2g/gaia 2459 2420 [0.0, 0.0, 0.0, 0.0, 0.0, 0] 1
mozilla-b2g/gaia 5772 5638 [0.0008035159360644729, 0.0, 0.0, 0.2857142857142857, 0.0038098140810728437, 0] 1
mozilla-b2g/gaia 12565 12520 [0.12243710721612187, 0.1065422627568653, 0.4743416490252569, 1.0, 1.0, 0] 1
mozilla-b2g/gaia 10547 8726 [0.08625143283581514, 0.0, 0.0, 1.0, 1.0, 1] 1
mozilla-b2g/gaia 8383 8363 [0.24269288065975994, 0.0, 0.3939226197167016, 0.3333333333333333, 0.0, 1] 1
mozilla-b2g/gaia 9768 9467 [0.0, 0.0, 0.14907119849998599, 0.16666666666666666, 0.4186046511627907, 0] 1
mozilla-b2g/gaia 17425 17408 [0.0, 0.0, 0.0, 0.5, 1.0, 0] 1
mozilla-b2g/gaia 21450 21295 [0.0, 0.0, 0.9975093361076328, 0.6666666666666666, 1.0, 0] 1
mozilla-b2g/gaia 1010 1004 [0.0, 0.0, 0.0, 0.02564102564102564, 1.0, 0] 1
mozilla-b2g/gaia 21295 20806 [0.26026773759807437, 0.0, 0.9084882372342431, 0.5, 1.0, 0] 1
mozilla-b2g/gaia 6471 6466 [0.0006842410344410485, 0.0, 0.8944271909999159, 0.5, 1.0, 0] 1
mozilla-b2g/gaia 10228 10180 [0.15361961916616712, 0.27034604166705967, 0.5572821370559891, 0.5, 0.37037037037037035, 1] 1
mozilla-b2g/gaia 15218 15022 [0.06970434552722113, 0.0, 0.0, 1.0, 1.0, 0] 1
mozilla-b2g/gaia 11048 11032 [0.0003195302531303313, 0.0, 0.8155543973420071, 1.0, 0.38235294117647056, 0] 1
mozilla-b2g/gaia 3627 3600 [0.4423093992410969, 0.11923005459919933, 0.07273929674533079, 0.3333333333333333, 0.6521739130434783, 0] 1
mozilla-b2g/gaia 16480 16475 [0.2673211673752088, 0.0, 0.0, 1.0, 1.0, 1] 1
mozilla-b2g/gaia 14246 14107 [0.0007377125740870613, 0.2690174306962033, 0.0, 1.0, 1.0, 0] 1
mozilla-b2g/gaia 28433 28349 [0.2570375318089179, 0.0009102862335630475, 0.0, 0.3333333333333333, 1.0, 1] 1
mozilla-b2g/gaia 7010 6996 [0.0005331543538949006, 0.0, 0.08433313028905057, 0.375, 0.22297297297297297, 0] 1
mozilla-b2g/gaia 21899 21887 [0.48968434301214253, 0.0, 0.9933992677987827, 1.0, 1.0, 1] 1
mozilla-b2g/gaia 27959 27781 [0.3848177408728982, 0.0, 0.18028809537709617, 0.16666666666666666, 0.20259128386336867, 1] 1
mozilla-b2g/gaia 12134 11062 [0.3981641162434801, 0.31508460157390067, 0.6003462351943887, 1.0, 1.0, 1] 1
mozilla-b2g/gaia 17136 16651 [0.2476702488441157, 0.0, 0.6340795977811362, 0.4, 0.46218487394957986, 1] 1
mozilla-b2g/gaia 13480 12010 [0.5134658912539033, 0.0, 0.4305555555555556, 0.2857142857142857, 0.7567567567567568, 1] 1
mozilla-b2g/gaia 10373 10253 [0.0009722165488224814, 0.05690126062864405, 0.0, 0, 0.0, 0] 1
mozilla-b2g/gaia 27829 27430 [0.2797725085832849, 0.0, 0.8795982044994791, 1.0, 0.8, 0] 1
mozilla-b2g/gaia 13342 12014 [0.759100258674864, 0.0, 0.0894208228038293, 0.2727272727272727, 0.5926773455377574, 1] 1
mozilla-b2g/gaia 23790 23101 [0.5469989274480742, 0.0, 0.0, 0.3333333333333333, 1.0, 1] 1
mozilla-b2g/gaia 24321 24292 [0.673416523547153, 0.0, 0.600385918471426, 0.5, 0.8275862068965517, 1] 1
mozilla-b2g/gaia 10980 10738 [0.8419202084135303, 0.13133818870356048, 0.9013574968785135, 0.8235294117647058, 0.9189046866771985, 1] 1
mozilla-b2g/gaia 7669 7587 [1.0000000000000002, 0.24238744929329034, 0.40707982034270224, 1.0, 0.7758620689655172, 1] 1
kubernetes/kubernetes 661 657 [0.0, 0.4028149478103818, 0.4801153535226426, 0.5, 0.8620689655172413, 0] 1
kubernetes/kubernetes 2716 2694 [0.5108577188499466, 0.33204762053024206, 0.0, 1.0, 1.0, 0] 1
kubernetes/kubernetes 17024 14548 [0.4642715336018409, 0.13248297124434552, 0.0, 0.0, 0.0, 1] 1
kubernetes/kubernetes 45263 43027 [0.619779955030784, 0.5761401051999847, 0.03433353139400408, 0.1111111111111111, 0.9774436090225563, -1] 1
kubernetes/kubernetes 41036 41006 [0.571205106975967, 0.13551813186044667, 0.0, 1.0, 0.4117647058823529, 0] 1
kubernetes/kubernetes 56 52 [0.0, 0.0, 0.0, 1.0, 1.0, 0] 1
kubernetes/kubernetes 35745 32790 [0.6048384266878637, 0.4814978193283942, 0.9358786874253315, 0.5, 1.0, 0] 1
kubernetes/kubernetes 8639 7439 [0.021637276256402486, 0.20448565973296134, 0.0, 0.0, 0.0, 1] 1
kubernetes/kubernetes 61 52 [0.0, 0.0, 0.0, 1.0, 1.0, 0] 1
kubernetes/kubernetes 19759 15998 [0.1656412163359784, 0.02282450007715334, 0.0, 0.16666666666666666, 0.7058823529411765, 0] 1
kubernetes/kubernetes 30993 28284 [0.6683525364488749, 0.5690971728849006, 0.0, 0.26666666666666666, 1.0, 0] 1
kubernetes/kubernetes 10895 10784 [0.658150796765735, 0.09941701223793603, 0.5986807426631121, 0.125, 1.0, 1] 1
kubernetes/kubernetes 10232 9264 [0.6813711817667497, 0.0, 0.6204478762182246, 0.1, 1.0, 0] 1
kubernetes/kubernetes 31372 31361 [0.0, 0.748427243407037, 0.9999999999999998, 0.5, 1.0, -1] 1
kubernetes/kubernetes 21531 21357 [0.44527895050121324, 0.3177472547244534, 0.0, 1.0, 1.0, 0] 1
kubernetes/kubernetes 33276 32120 [0.0, 0.7939030859118548, 0.4675251962445921, 1.0, 0.0, 0] 1
kubernetes/kubernetes 54 52 [0.0, 0.0, 0.0, 1.0, 1.0, 0] 1
kubernetes/kubernetes 30772 30771 [0.0, 0.6645865596737122, 0.0, 0.5, 0.4888888888888889, -1] 1
kubernetes/kubernetes 28037 28026 [0.0, 0.0, 0.6324555320336759, 1.0, 0.6666666666666666, 0] 1
kubernetes/kubernetes 3916 3915 [0.5143571832099605, 0.0, 0.0, 0.5, 0.3888888888888889, 0] 1
kubernetes/kubernetes 44344 43215 [0.0, 0.0, 0.0, 0.038461538461538464, 0.0, 0] 1
kubernetes/kubernetes 40322 39503 [0.0, 0.19442383855276796, 0.5661385170722979, 0.5, 1.0, 0] 1
kubernetes/kubernetes 45455 40210 [0.0, 0.07792813096564631, 0.0, 1.0, 0.6666666666666666, 0] 1
kubernetes/kubernetes 36168 36163 [0.0, 0.9726190852686318, 0.16308201826336052, 0.05555555555555555, 0.0, 0] 1
kubernetes/kubernetes 46923 46913 [0.0, 0.971366120020869, 0.0, 0.16666666666666666, 0.0, -1] 1
kubernetes/kubernetes 1211 1210 [0.0, 0.01653687621549077, 0.6811779074425792, 1.0, 1.0, 0] 1
kubernetes/kubernetes 13322 13144 [0.025913695730229756, 0.30123110289184596, 0.3558174633152884, 0.08695652173913043, 0.8430379746835444, 0] 1
kubernetes/kubernetes 21786 21601 [0.0, 0.11992031174075193, 0.0, 0.993805918788713, 0.9925925925925926, 0] 1
kubernetes/kubernetes 4065 4056 [0.4914087542315222, 0.0, 0.0, 0, 0.0, 0] 1
kubernetes/kubernetes 47455 47074 [0.0, 0.1698795185702453, 0.0, 1.0, 1.0, 0] 1
kubernetes/kubernetes 24783 24549 [0.0, 0.4340706434480271, 0.0, 1.0, 0.4838709677419355, 0] 1
kubernetes/kubernetes 7503 7456 [0.12917929936702902, 0.2376614797340158, 0.0, 0.5, 0.375, -1] 1
kubernetes/kubernetes 47322 46193 [0.0, 0.022188994013419654, 0.0, 0.09090909090909091, 0.5185185185185185, 0] 1
kubernetes/kubernetes 28996 28978 [0.0, 0.17113440131538893, 0.29633362966711113, 1.0, 1.0, 0] 1
kubernetes/kubernetes 42529 42138 [0.0, 0.17020603066855777, 0.0, 0.0, 0.0, 0] 1
kubernetes/kubernetes 37269 275 [0.0, 0.0, 0.0, 0.0, 0.0, 0] 1
kubernetes/kubernetes 45273 44727 [0.0, 0.07025555204178387, 0.9146591207600472, 1.0, 0.0, 0] 1
kubernetes/kubernetes 34502 32109 [0.0, 0.20603637406190078, 0.0408248290463863, 0.01282051282051282, 1.0, 0] 1
kubernetes/kubernetes 20810 19559 [0.12864648329581324, 0.013614254282427254, 0.0, 0.2, 0.0, -1] 1
kubernetes/kubernetes 41210 41106 [0.0, 0.067905407038973, 0.0, 0.2222222222222222, 0.825, 0] 1
kubernetes/kubernetes 26066 26059 [0.44794852380733435, 0.013348171927792368, 0.0, 0.0, 0.0, -1] 1
kubernetes/kubernetes 5741 5735 [0.05032727636358838, 0.0, 0.0, 0.5, 0.0, 0] 1
kubernetes/kubernetes 38751 38370 [0.0, 0.061824140463452804, 1.0, 1.0, 1.0, 0] 1
kubernetes/kubernetes 10883 10819 [0.0, 0.0, 0.9999999999999998, 0.5, 0.3493975903614458, 0] 1
kubernetes/kubernetes 38296 38285 [0.0, 0.068870327375365, 0.03284430927214311, 0.1111111111111111, 0.0, 0] 1
kubernetes/kubernetes 25591 24509 [0.0, 0.029358020940127374, 0.2581988897471611, 0.045454545454545456, 1.0, 0] 1
kubernetes/kubernetes 9966 9854 [0.0, 0.1269695811896598, 0.2057262845290625, 1.0, 0.44660194174757284, 0] 1
kubernetes/kubernetes 44496 39342 [0.7834642164572398, 0.5069003340013382, 0.0, 0.0, 0.0, 1] 1
kubernetes/kubernetes 18449 13838 [0.0, 0.00847191936979704, 0.0, 0.0, 0.0, -1] 1
kubernetes/kubernetes 46927 46784 [0.0, 0.08571350983088943, 0.0, 0.0, 0.0, -1] 1
kubernetes/kubernetes 12111 11679 [0.0, 0.0, 0.0, 0.0, 0.0, 0] 1
kubernetes/kubernetes 42883 42630 [0.0, 0.004257748380612239, 0.0, 0.2, 0.4, 0] 1
kubernetes/kubernetes 451 356 [0.0, 0.16507210417774157, 0.0, 0.0, 0.0, 0] 1
kubernetes/kubernetes 5775 5714 [0.0, 0.09829804209782003, 0.0, 0.1111111111111111, 0.32065217391304346, -1] 1
kubernetes/kubernetes 38789 33757 [0.0, 0.0899749879895279, 0.32142857142857145, 0.047619047619047616, 0.3191489361702128, 0] 1
kubernetes/kubernetes 11113 11085 [0.0, 0.0, 0.19518638958406073, 0.00423728813559322, 0.5416666666666666, 0] 1
kubernetes/kubernetes 29226 29204 [0.0, 0.0, 0.4100147180280406, 0.75, 0.4692737430167598, -1] 1
kubernetes/kubernetes 33683 33675 [0.5329547050937175, 0.6615774424664408, 0.0, 0.9714285714285714, 1.0, 0] 1
kubernetes/kubernetes 40550 39903 [0.0, 0.02361785093918963, 0.0, 0.07692307692307693, 0.0, -1] 1
kubernetes/kubernetes 11450 11364 [0.0, 0.10468218486597998, 0.0, 0.05, 0.0, 0] 1
kubernetes/kubernetes 40901 40193 [0.0, 0.02574929407800071, 0.0, 1.0, 0.0, -1] 1
kubernetes/kubernetes 36673 36425 [0.0, 0.2719206889066349, 0.04459303675418199, 0.005257623554153523, 0.5574018126888217, -1] 1
kubernetes/kubernetes 39883 38317 [0.0, 0.0787003380742315, 0.8936350351260067, 0.23529411764705882, 0.6114649681528662, 0] 1
kubernetes/kubernetes 11322 11317 [0.0, 0.0, 0.07649779574145106, 0.2, 0.0, 0] 1
kubernetes/kubernetes 15401 15224 [0.0, 0.01599675584251667, 0.0, 0.03333333333333333, 0.6101694915254238, 0] 1
kubernetes/kubernetes 46953 46909 [0.0, 0.29052297548886, 0.47237749297333015, 0.5, 0.358974358974359, 1] 1
kubernetes/kubernetes 41480 41478 [0.0, 0.0, 0.0, 0.0, 0.0, 0] 1
kubernetes/kubernetes 33964 30787 [0.14328612784956296, 0.19956315314285564, 0.04472919446196578, 0.038461538461538464, 0.551594746716698, -1] 1
kubernetes/kubernetes 42113 42049 [0.0107100915753779, 0.09432304749523031, 0.0, 0.08333333333333333, 0.9692307692307692, 0] 1
kubernetes/kubernetes 15339 15004 [0.08716372607614882, 0.0, 0.0, 0.0, 0.0, 0] 1
kubernetes/kubernetes 30147 30137 [0.06437340461699481, 0.3008487099678145, 0.8100776435625721, 0.5, 1.0, 1] 1
kubernetes/kubernetes 14472 14448 [0.0, 0.0, 0.4142287406178835, 1.0, 0.0, 0] 1
kubernetes/kubernetes 7142 6847 [0.1389172098027539, 0.0, 0.8616404368553291, 1.0, 0.5526315789473685, 0] 1
kubernetes/kubernetes 6949 6938 [0.0, 0.011930654184884695, 0.0, 0.0, 0.0, -1] 1
kubernetes/kubernetes 32311 32268 [0.6282912384119248, 0.6258959004079114, 0.9999999999999998, 1.0, 1.0, 1] 1
kubernetes/kubernetes 7021 6886 [0.055647130390817534, 0.23808372070563483, 0.0, 0.5, 0.46875, 0] 1
kubernetes/kubernetes 25888 24861 [0.2487088849201028, 0.05860258985664676, 0.15092975346824045, 0.2727272727272727, 0.0, -1] 1
kubernetes/kubernetes 45804 45768 [0.0, 0.0, 0.0, 0.0, 0.0, 0] 1
kubernetes/kubernetes 18073 17769 [0.03791294452333906, 0.0, 0.0, 1.0, 0.0, 0] 1
kubernetes/kubernetes 37347 37332 [0.08768191343318417, 0.3799552807603961, 0.953820966476532, 1.0, 1.0, 1] 1
kubernetes/kubernetes 25996 25634 [0.1571328183358021, 0.07957092803596748, 0.8274608439508027, 0.03260869565217391, 0.9608938547486033, -1] 1
kubernetes/kubernetes 6614 6239 [0.30392282053586783, 0.12122321894546641, 0.1556997888323046, 0.16666666666666666, 0.5238095238095238, 0] 1
kubernetes/kubernetes 25688 25326 [0.1423884339861351, 0.11842179734302348, 0.02046706633324728, 0.375, 0.6124197002141327, 0] 1
kubernetes/kubernetes 22501 21535 [0.06432195038032879, 0.0, 0.44836509459124096, 0.2727272727272727, 0.6, -1] 1
kubernetes/kubernetes 44288 40234 [0.0, 0.41022005825130187, 0.23622701561364426, 0.09090909090909091, 0.2777777777777778, -1] 1
kubernetes/kubernetes 45065 45034 [0.12293593066461968, 0.014899667773200533, 0.08438901105753764, 0.42857142857142855, 0.5977011494252874, 0] 1
kubernetes/kubernetes 24881 24201 [0.2310005179216359, 0.3042115791418104, 0.21178618420050904, 0.75, 0.3939393939393939, 0] 1
kubernetes/kubernetes 44313 44312 [0.11810960593108585, 0.18905967047198394, 0.0, 0.0, 0.0, 1] 1
kubernetes/kubernetes 13758 13738 [0.06234108413253153, 0.15939940260390462, 0.35355339059327373, 1.0, 0.8627450980392157, 1] 1
kubernetes/kubernetes 7679 7615 [0.11886535601824451, 0.0, 0.3111104638575572, 0.06153846153846154, 0.2261682242990654, 0] 1
kubernetes/kubernetes 29150 25524 [0.12621158813356803, 0.10142591731119244, 0.0, 0.1111111111111111, 0.0, 0] 1
kubernetes/kubernetes 33101 33099 [0.16061995542440782, 0.6849841457336044, 0.0, 0.0, 0.0, 1] 1
kubernetes/kubernetes 13628 13616 [0.5369193411197557, 0.006276521922098072, 0.0, 0.0, 0.0, 1] 1
kubernetes/kubernetes 35320 33616 [0.183198377252312, 0.31803004732976803, 0.49052991290879006, 0.09090909090909091, 0.16216216216216217, -1] 1
kubernetes/kubernetes 30884 30802 [0.12760160100060208, 0.3681394123143202, 0.0, 0.0, 0.0, 0] 1
kubernetes/kubernetes 10440 7053 [0.44331013586909096, 0.001685669115715071, 0.28151908696922084, 0.10975609756097561, 0.421195652173913, 0] 1
kubernetes/kubernetes 23043 22845 [0.1404382987484496, 0.6088324972115792, 0.0, 0.5, 1.0, 0] 1
kubernetes/kubernetes 35609 35556 [0.17212743630488825, 0.3635415622607528, 0.0, 0.0017761989342806395, 1.0, 0] 1
kubernetes/kubernetes 3200 3199 [0.26195458172534014, 0.0, 0.9857160402833807, 0.2727272727272727, 0.7741935483870968, 0] 1
kubernetes/kubernetes 40421 40400 [0.3187676747620255, 0.2198542864526682, 0.0, 0.14285714285714285, 0.72, 1] 1
kubernetes/kubernetes 21130 20665 [0.1569498493671813, 0.30979576980926204, 0.0, 0.13333333333333333, 1.0, 1] 1
kubernetes/kubernetes 44839 44583 [0.2224180754187417, 0.06475635832896388, 0.0, 0.07692307692307693, 0.5909090909090909, 0] 1
kubernetes/kubernetes 10609 10453 [0.2020093259543255, 0.0, 0.0, 0.5, 1.0, -1] 1
kubernetes/kubernetes 15043 14871 [0.5144144483829823, 0.0, 0.5146674734348982, 0.25, 0.5579710144927537, 0] 1
kubernetes/kubernetes 6976 5012 [0.2687518534299171, 0.15451854799751905, 1.0000000000000002, 0.043478260869565216, 1.0, 0] 1
kubernetes/kubernetes 14675 14564 [0.19087895284248027, 0.0, 0.0, 0.0, 0.0, 0] 1
kubernetes/kubernetes 46478 46383 [0.27592202838469365, 0.15656237123494832, 0.0, 0.5, 0.54, -1] 1
kubernetes/kubernetes 44838 44583 [0.25500584554386335, 0.07912905051117297, 0.0, 0.07692307692307693, 1.0, 0] 1
kubernetes/kubernetes 44727 44463 [0.2362157414443048, 0.16072713565999078, 0.0, 0.0, 0.0, 0] 1
kubernetes/kubernetes 34246 34083 [0.19495864226888732, 0.3777944791013967, 0.023621864174990383, 0.03571428571428571, 0.4857142857142857, 1] 1
kubernetes/kubernetes 25512 22737 [0.6171827280217442, 0.2307060495674695, 0.02441931452527522, 0.2, 0.5471698113207547, 0] 1
kubernetes/kubernetes 26097 25973 [0.015794954897680187, 0.0, 0.5353033790313109, 1.0, 0.6296296296296297, 0] 1
kubernetes/kubernetes 29995 29447 [0.175817869140523, 0.05262415578299909, 0.9596210420724097, 1.0, 0.9030226700251889, 0] 1
kubernetes/kubernetes 5466 5022 [0.1312150435798512, 0.018603170531767018, 0.01847579984912311, 0.3333333333333333, 0.48214285714285715, -1] 1
kubernetes/kubernetes 16283 14493 [0.18913541158707972, 0.26757281303859404, 0.6133959382535363, 1.0, 0.5081967213114754, 0] 1
kubernetes/kubernetes 41761 41756 [0.13397755809730255, 0.007361129412739963, 0.0, 1.0, 0.52, 0] 1
kubernetes/kubernetes 5784 5775 [0.08461337362471523, 0.0, 0.0, 0.3, 0.4564459930313589, -1] 1
kubernetes/kubernetes 31287 31282 [0.1811362427316139, 0.48646493958199377, 0.0, 0.25, 0.0, 0] 1
kubernetes/kubernetes 24556 24537 [0.05107105014419697, 0.6602991661755268, 0.8484934690783194, 1.0, 0.5407725321888412, 1] 1
kubernetes/kubernetes 14229 14213 [0.02924665665626189, 0.0, 0.9999999999999998, 0.5, 1.0, 0] 1
kubernetes/kubernetes 21532 21357 [0.09815546941923625, 0.06043908633354003, 0.0, 1.0, 1.0, 0] 1
kubernetes/kubernetes 2412 2397 [0.2625202270016349, 0.0, 0.9943727257817965, 0.8888888888888888, 0.9820051413881749, 0] 1
kubernetes/kubernetes 4393 4390 [0.23154051928469735, 0.13474221806408862, 0.0, 1.0, 1.0, 0] 1
kubernetes/kubernetes 8931 8743 [0.4529247541359256, 0.16324993713949357, 0.0, 0.0, 0.0, 1] 1
kubernetes/kubernetes 39342 39293 [0.1450783422391541, 0.023106707847578813, 0.9999999999999998, 0.001349527665317139, 1.0, -1] 1
kubernetes/kubernetes 10746 10512 [0.217054978768224, 0.16290994826603236, 0.7456143440672193, 1.0, 0.0, 0] 1
kubernetes/kubernetes 5763 5233 [0.38192063728120157, 0.06794146661206851, 0.03557725048386637, 0.057692307692307696, 0.3672566371681416, 1] 1
kubernetes/kubernetes 41546 41427 [0.1510688757326375, 0.03618703022039798, 0.9736544522317012, 0.5632754342431762, 0.8156795930120945, 0] 1
kubernetes/kubernetes 17264 17195 [0.10823406574371358, 0.05568838078370411, 0.39403727382867165, 0.1111111111111111, 0.7471526195899773, -1] 1
kubernetes/kubernetes 9838 9730 [0.3206110826874108, 0.04787754551727658, 0.0, 1.0, 0.6956521739130435, 0] 1
kubernetes/kubernetes 38546 1932 [0.03696154761890139, 0.0, 0.0, 0.0, 0.0, 0] 1
kubernetes/kubernetes 28966 25342 [0.35424183983699964, 0.16962584316028453, 0.6278494825103227, 0.5, 0.7338403041825095, 0] 1
kubernetes/kubernetes 32064 32049 [0.5533664345622523, 0.5302902103344798, 0.0, 1.0, 1.0, 0] 1
kubernetes/kubernetes 40379 40378 [0.3765617217403717, 0.0, 0.0, 1.0, 0.0, 0] 1
kubernetes/kubernetes 36597 36294 [0.21508678156824587, 0.685808001157919, 0.2946278254943948, 0.5, 0.25, -1] 1
kubernetes/kubernetes 11475 11474 [0.3841392282397278, 0.0, 0.0, 1.0, 1.0, 0] 1
kubernetes/kubernetes 36434 32811 [0.7785912175786549, 0.7877169995506342, 0.9462050686250894, 0.75, 0.5473684210526316, 1] 1
kubernetes/kubernetes 41942 37571 [0.3244195433632451, 0.3052347846666106, 0.0, 0.0, 0.0, -1] 1
kubernetes/kubernetes 11219 10234 [0.36724876268058193, 0.08317847093885586, 0.0, 0.0, 0.0, 1] 1
kubernetes/kubernetes 35835 35817 [0.3847499281081371, 0.49094065701188, 0.0, 1.0, 1.0, 0] 1
kubernetes/kubernetes 45920 45918 [0.3606825467377014, 0.12635544352671535, 0.6262757266398529, 0.29545454545454547, 0.6209386281588448, -1] 1
kubernetes/kubernetes 16495 16152 [0.5193655525507244, 0.3306948307360453, 0.760899753908902, 0.6666666666666666, 0.8215297450424929, 1] 1
kubernetes/kubernetes 31741 31682 [0.5870016646948547, 0.2978332522628945, 0.0, 1.0, 1.0, 0] 1
kubernetes/kubernetes 16227 15791 [0.22287814936177805, 0.06940564881527217, 0.33357968022912454, 0.3333333333333333, 0.6828193832599119, 0] 1
kubernetes/kubernetes 20141 19706 [0.251405015695753, 0.08114288460443966, 0.0, 1.0, 0, 0] 1
kubernetes/kubernetes 35732 34152 [0.3377879969829281, 0.3630478808545834, 0.21175749901626975, 0.5, 0.0, 0] 1
kubernetes/kubernetes 19932 19807 [0.7286435642535302, 0.0, 0.906824191302379, 0.2037037037037037, 0.960811756473058, 0] 1
kubernetes/kubernetes 8309 8303 [0.3723717928659373, 0.10621889246774265, 0.5247781977776373, 1.0, 1.0, 0] 1
kubernetes/kubernetes 38591 38452 [0.4500019589836009, 0.23587133570455052, 0.22710998958306755, 1.0, 0.28735632183908044, 0] 1
kubernetes/kubernetes 22163 22131 [0.27638265795669953, 0.020630339731780904, 0.0, 0.0, 0.0, 0] 1
kubernetes/kubernetes 46695 46346 [0.7254443110938817, 0.9765830685172425, 0.6254934069704522, 0.5, 0.0, 0] 1
kubernetes/kubernetes 34811 34144 [0.16359761579270754, 0.37322185875014297, 0.25043080516381877, 0.1, 0.06931464174454828, 0] 1
kubernetes/kubernetes 14098 14083 [0.4975333335819584, 0.23931296772012067, 0.0, 1.0, 1.0, 0] 1
kubernetes/kubernetes 17169 17167 [0.38127077972164863, 0.03612070484713421, 1.0, 1.0, 1.0, 0] 1
kubernetes/kubernetes 13894 12717 [0.29973478555497063, 0.0, 0.5767674509632076, 0.3333333333333333, 0.8383838383838383, -1] 1
kubernetes/kubernetes 5307 5302 [0.531287498250199, 0.0, 0.0, 1.0, 1.0, 0] 1
kubernetes/kubernetes 46666 45575 [0.5069472514049338, 0.4075453630590689, 0.0, 0.0, 0.0, 1] 1
kubernetes/kubernetes 43145 42152 [0.2641222222652197, 0.16401518290102668, 0.0, 1.0, 0.7142857142857143, 0] 1
kubernetes/kubernetes 5298 5293 [0.606340781846175, 0.21285658538577995, 0.0, 1.0, 1.0, 0] 1
kubernetes/kubernetes 42202 41745 [0.2830423883953868, 0.2904644099737955, 0.9418680037096138, 0.78125, 0.8780386453355495, 0] 1
kubernetes/kubernetes 28994 28604 [0.45896497991178464, 0.0, 0.0, 0.13333333333333333, 0.38016528925619836, -1] 1
kubernetes/kubernetes 44500 42007 [0.36202115290990156, 0.4232969360388669, 0.0, 0.14285714285714285, 0.8904109589041096, 0] 1
kubernetes/kubernetes 44934 44908 [0.5521967493772374, 0.06522028340800763, 0.9163419338230352, 0.3333333333333333, 0.7083333333333334, 0] 1
kubernetes/kubernetes 4698 4494 [0.04527008154793206, 0.6405763033525317, 0.8071682479137651, 0.3333333333333333, 0.8177570093457944, 1] 1
kubernetes/kubernetes 46307 45649 [0.5723053255226721, 0.05016959346458688, 0.923451534204432, 1.0, 0.9608938547486033, 0] 1
kubernetes/kubernetes 41959 41663 [0.6175086381691488, 0.464159410062754, 0.34230761603626286, 0.1, 0.2089041095890411, 0] 1
kubernetes/kubernetes 28414 24299 [0.38491399289168715, 0.6525259946995654, 0.5477039335682853, 0.3333333333333333, 0.35, 1] 1
kubernetes/kubernetes 30848 29741 [0.7656432610353436, 0.5226634892510763, 0.9550033298491075, 0.6666666666666666, 0.9808575803981623, 0] 1
kubernetes/kubernetes 273 169 [0.3841318078372525, 0.0, 0.3893314107138301, 0.3333333333333333, 0.75, 0] 1
kubernetes/kubernetes 22110 20384 [0.4266629553124736, 0.1440895935379046, 0.9997703150960029, 0.8571428571428571, 0.99, -1] 1
kubernetes/kubernetes 30654 30476 [0.5533381134375946, 0.46075556726182126, 0.05378528742004771, 1.0, 0.0, 0] 1
kubernetes/kubernetes 15902 15840 [0.47523486407037885, 0.08341225685941236, 0.0, 1.0, 0.0, 0] 1
kubernetes/kubernetes 45463 45263 [0.619779955030784, 0.262044885773041, 0.021720251464278622, 0.11764705882352941, 0.8860103626943006, -1] 1
kubernetes/kubernetes 9575 7227 [0.578356799531479, 0.5240640486568278, 0.5163977794943222, 0.8571428571428571, 1.0, 0] 1
kubernetes/kubernetes 85 82 [0.559481710712444, 0.0, 0.8778762251403478, 1.0, 1.0, 0] 1
kubernetes/kubernetes 46869 46863 [0.4061497464700833, 0.22622004053184597, 0.0, 0.5, 1.0, 0] 1
kubernetes/kubernetes 18377 18341 [0.6507915409990888, 0.0, 0.0, 0.5, 0.0, 0] 1
kubernetes/kubernetes 34972 29489 [0.5328892848229895, 0.5604165825486177, 0.2815145647743151, 0.5, 0.9029126213592233, 0] 1
kubernetes/kubernetes 37137 35550 [0.48735072390768885, 0.4159380471492217, 0.0, 0.0, 0.0, 1] 1
kubernetes/kubernetes 3274 3270 [0.27991537234794284, 0.04458867148605204, 0.7630060524795015, 0.38461538461538464, 0.38934426229508196, 0] 1
kubernetes/kubernetes 28294 28251 [0.41085756840150434, 0.09280522842648797, 0.0, 0.5, 1.0, 1] 1
kubernetes/kubernetes 44909 44462 [0.4551570910987359, 0.11598276123754839, 0.0, 0.5, 1.0, -1] 1
kubernetes/kubernetes 40380 40379 [0.46819716721584453, 0.0, 0.0, 1.0, 0.6666666666666666, 0] 1
kubernetes/kubernetes 12980 12895 [0.6521532625105783, 0.4336274364717601, 0.0776077479682388, 0.5, 0.0, 1] 1
kubernetes/kubernetes 28606 28206 [0.5633494421817018, 0.011589506585152357, 1.0000000000000002, 0.25, 0.7307692307692307, 0] 1
kubernetes/kubernetes 43902 43871 [0.5207675526798453, 0.4098958283385702, 0.7572314733671476, 1.0, 0.7850799289520426, 0] 1
kubernetes/kubernetes 13800 13680 [0.44419876779089185, 0.28274990381667886, 0.4412570093707217, 1.0, 0.14225941422594143, 0] 1
kubernetes/kubernetes 3577 3555 [0.4758578330202054, 0.0, 0.0, 0.0, 0.0, 0] 1
kubernetes/kubernetes 13165 13154 [0.32677919030954256, 0.115535555735398, 1.0, 1.0, 1.0, 0] 1
kubernetes/kubernetes 41342 41308 [0.5643709076147783, 0.05444535899600899, 0.4001633653325206, 1.0, 0.5714285714285714, 0] 1
kubernetes/kubernetes 47684 47223 [0.23242249627403241, 0.10576949582761913, 0.0, 1.0, 1.0, 1] 1
kubernetes/kubernetes 19406 19324 [0.7692555682616965, 0.0, 0.0, 1.0, 0.9090909090909091, 0] 1
kubernetes/kubernetes 11284 10824 [0.24377735006199514, 0.12821732920112758, 0.0, 1.0, 1.0, 0] 1
kubernetes/kubernetes 38587 38571 [0.7343496493681965, 0.06621506072218353, 1.0000000000000002, 1.0, 1.0, -1] 1
kubernetes/kubernetes 20057 19510 [0.5364610058907013, 0.0, 0.2222938698494303, 0.9444444444444444, 0.9620681754537818, 0] 1
kubernetes/kubernetes 44966 44943 [0.5751598645866146, 0.2939598962205631, 1.0, 1.0, 1.0, 0] 1
kubernetes/kubernetes 36195 36186 [0.6967159965291958, 0.5679776655100727, 0.9954257251149287, 0.5, 1.0, 0] 1
kubernetes/kubernetes 34424 32408 [0.7928785888931709, 0.5024782298228411, 0.26443369690215096, 0.125, 0.7837837837837838, 0] 1
kubernetes/kubernetes 30928 30880 [0.5471174068368623, 0.4415784071468599, 0.9072278818997397, 0.75, 1.0, 0] 1
kubernetes/kubernetes 2669 2652 [0.7125006898021609, 0.1655436054237869, 0.0, 1.0, 1.0, 0] 1
kubernetes/kubernetes 29854 29185 [0.4241010570021704, 0.39581528757946016, 0.0, 0.25, 1.0, 0] 1
kubernetes/kubernetes 21365 21361 [0.29162764093192467, 0.0, 0.2581988897471611, 0.5, 0.72, 1] 1
kubernetes/kubernetes 35839 35760 [0.8474102659769529, 0.3901466722980336, 0.7336933746991099, 0.4166666666666667, 0.3941908713692946, 1] 1
kubernetes/kubernetes 43666 42717 [0.9486762882602421, 0.20710639177185003, 0.9834549720265431, 0.8529411764705882, 0.8872785829307569, 0] 1
kubernetes/kubernetes 25995 23473 [0.9004773768510297, 0.053452527284121816, 0.5597648815256202, 0.3333333333333333, 0.8813559322033898, 0] 1
kubernetes/kubernetes 6964 6952 [0.7245182949818084, 0.07799742549953327, 0.034441829515914534, 0.25, 0.0, 0] 1
kubernetes/kubernetes 28053 28052 [0.8662387486258499, 0.38753918178915586, 1.0, 1.0, 1.0, 1] 1
kubernetes/kubernetes 46823 46739 [0.907666539563183, 0.1316907869205364, 0.0, 1.0, 0.8586497890295358, -1] 1
kubernetes/kubernetes 37140 36826 [0.5451837549186697, 0.628902840728599, 0.9999999999999998, 0.2, 1.0, 1] 1
kubernetes/kubernetes 19884 19725 [1.0000000000000002, 0.9221791847372277, 1.0, 1.0, 1.0, 0] 1
kubernetes/kubernetes 44969 43936 [1.0, 0.4700862956123444, 0.9026897393909924, 1.0, 0.8656429942418427, 1] 1
kubernetes/kubernetes 43719 42815 [1.0, 0.6082672464673416, 1.0, 0.625, 1.0, -1] 1
kubernetes/kubernetes 39634 39632 [0.7304193495588804, 0.668023466589255, 0.8153062680839283, 1.0, 0.8837209302325582, 1] 1
