dotnet/corefx 3267 3264 [0.05555555555555555, 0.04878048780487805, 0, 0.0, 0.0, 0, 0] 1
dotnet/corefx 6337 6335 [0.0, 0, 0.0, 0.06666666666666667, 1.0, 0, 1] 1
dotnet/corefx 6202 6181 [0.0, 0.029411764705882353, 0, 0.5, 0.47058823529411764, 0, 3] 1
dotnet/corefx 20697 20599 [0.0, 0.04430379746835443, 0.346586298829257, 0.84375, 0.8405519356075124, 0, 54] 1
dotnet/corefx 17428 17419 [0.0, 0.1111111111111111, 0.32142857142857145, 0.1, 1.0, 0, 1] 1
dotnet/corefx 10460 10450 [0.0, 0.05555555555555555, 0, 0.0, 0.0, 0, 0] 1
dotnet/corefx 15044 14939 [0.0, 0.0, 0, 0.0038819875776397515, 0.6342857142857142, -1, 5] 1
dotnet/corefx 34 32 [0.07142857142857142, 0.08108108108108109, 0.02857142857142857, 0.14285714285714285, 1.0, 0, 1] 1
dotnet/corefx 419 406 [0.0, 0.05555555555555555, 0, 0.0, 0.0, 0, 0] 1
dotnet/corefx 7925 7886 [0.0, 0.037037037037037035, 0.3333333333333333, 0.1, 1.0, 0, 1] 1
dotnet/corefx 16069 9537 [0.0, 0.030120481927710843, 0, 0.0, 0.0, 0, 0] 1
dotnet/corefx 6089 6058 [0.11764705882352941, 0.0967741935483871, 0, 0, 0.0, 0, 0] 1
dotnet/corefx 7627 7610 [0.14285714285714285, 0.0, 0, 0.7, 1.0, 0, 7] 1
dotnet/corefx 17151 17137 [0.06666666666666667, 0.17647058823529413, 0.07423580786026202, 0.25, 0.0, 1, 1] 1
dotnet/corefx 2694 2675 [0.08333333333333333, 0.16666666666666666, 0, 0.0, 0.0, 0, 0] 1
dotnet/corefx 4160 4157 [0.0, 0.014634146341463415, 0.4851063829787234, 0.25, 0.952755905511811, 0, 1] 1
dotnet/corefx 7562 6293 [0.16666666666666666, 0.044444444444444446, 0, 0.09090909090909091, 0.0, 0, 1] 1
dotnet/corefx 16826 16814 [0.11764705882352941, 0.05128205128205128, 1.0, 1.0, 1.0, 0, 1] 1
dotnet/corefx 8741 8740 [0.2, 0, 0, 1.0, 1.0, 0, 3] 1
dotnet/corefx 14641 14631 [0.18181818181818182, 0.015384615384615385, 0.504, 1.0, 0.8921161825726142, 1, 2] 1
dotnet/corefx 441 438 [0.2727272727272727, 0, 0.5, 0.21052631578947367, 0.34615384615384615, 0, 4] 1
dotnet/corefx 6585 6194 [0.15384615384615385, 0.04054054054054054, 0.4814356435643564, 0.9, 0.942381562099872, 0, 9] 1
dotnet/corefx 19477 19463 [0.2222222222222222, 0.08620689655172414, 0, 0.0, 0.0, 1, 0] 1
dotnet/corefx 12873 12863 [0.375, 0.06172839506172839, 0.10872313527180784, 0.04878048780487805, 0.084375, 0, 2] 1
dotnet/corefx 9560 9557 [0.17647058823529413, 0.10256410256410256, 0.0, 0.005780346820809248, 1.0, 0, 1] 1
dotnet/corefx 3686 3046 [0.3076923076923077, 0.11538461538461539, 0.22972972972972974, 0.4, 0.5116279069767442, 0, 2] 1
dotnet/corefx 5345 5327 [0.1, 0.0, 0.0, 1.0, 1.0, 0, 2] 1
dotnet/corefx 10718 10715 [0.5, 0, 0, 0.007352941176470588, 0.8, 0, 2] 1
dotnet/corefx 9113 9112 [0.7777777777777778, 0.05405405405405406, 0, 1.0, 0.999341816586222, 1, 333] 1
dotnet/corefx 9312 9310 [0.5, 0, 0, 1.0, 1.0, 0, 29] 1
nodejs/node 12878 12875 [0.2, 0.11068702290076336, 0.16939890710382513, 0.8307692307692308, 0.6856106408706167, 0, 54] 1
nodejs/node 1424 493 [0.0, 0.04054054054054054, 0, 0.0, 0.0, 0, 0] 1
nodejs/node 2350 1785 [0.08333333333333333, 0.0481283422459893, 0.0, 0.16666666666666666, 0.7121771217712177, 0, 2] 1
nodejs/node 3701 2253 [0.0, 0.04411764705882353, 0, 0.0, 0.0, 0, 0] 1
nodejs/node 12490 12105 [0.0, 0.046661880832735106, 0.20454545454545456, 0.0625, 0.9047619047619048, -1, 1] 1
nodejs/node 7185 7160 [0.0, 0.1511111111111111, 0, 0.0, 0.0, -1, 0] 1
nodejs/node 2727 2726 [0.0, 0.1320754716981132, 0, 0.0, 0.0, 1, 0] 1
nodejs/node 2727 2725 [0.0, 0.01818181818181818, 0, 0.0, 0.0, 1, 0] 1
nodejs/node 11848 11762 [0.0, 0.6823529411764706, 0.0, 0.5, 0.0, 0, 1] 1
nodejs/node 8491 8334 [0.0, 0.22343324250681199, 0.01006036217303823, 0.05555555555555555, 0.0, 0, 1] 1
nodejs/node 10339 10239 [0.05263157894736842, 0.3959731543624161, 0.0, 1.0, 0.0, 1, 1] 1
nodejs/node 12231 12230 [0.07692307692307693, 0.13392857142857142, 0, 0.1111111111111111, 0.1625, 0, 1] 1
nodejs/node 2556 2312 [0.07692307692307693, 0.05027932960893855, 0, 0.0, 0.0, 0, 0] 1
nodejs/node 4814 4813 [0.25, 0.09523809523809523, 0, 0.9333333333333333, 0.934640522875817, 0, 14] 1
nodejs/node 4265 4254 [0.07692307692307693, 0.20833333333333334, 1.0, 0.3333333333333333, 1.0, 0, 1] 1
nodejs/node 12469 12387 [0.07692307692307693, 0.08860759493670886, 0.2631578947368421, 1.0, 1.0, 0, 1] 1
nodejs/node 7617 7028 [0.08333333333333333, 0.20408163265306123, 0, 0.5, 1.0, 1, 1] 1
nodejs/node 11828 8491 [0.09090909090909091, 0.21104815864022664, 0.5582595870206489, 0.004235907461713913, 0.5685763888888888, 0, 13] 1
nodejs/node 11099 10343 [0.25, 0.4520547945205479, 0, 0.0, 0.0, 0, 0] 1
nodejs/node 11074 10320 [0.25, 0.2421875, 0, 0.0, 0.0, 0, 0] 1
nodejs/node 6987 6947 [0.1, 0.1411042944785276, 0.0005078720162519045, 1.0, 0.24444444444444444, 0, 1] 1
nodejs/node 3068 3059 [0.09090909090909091, 0.10975609756097561, 0.11678832116788321, 0.5, 0.4536082474226804, 1, 1] 1
nodejs/node 10579 10282 [0.1111111111111111, 0.3487394957983193, 0.0, 0.3333333333333333, 0.0, 0, 1] 1
nodejs/node 5786 5782 [0.125, 0.078125, 0.07174887892376682, 0.3333333333333333, 0.27626459143968873, 1, 1] 1
nodejs/node 6986 6947 [0.3333333333333333, 0.14960629921259844, 0.0005128205128205128, 1.0, 0.022818026240730177, 0, 1] 1
nodejs/node 2262 1936 [0.42857142857142855, 0.02702702702702703, 0.0, 0.5, 0.0, 0, 1] 1
nodejs/node 7616 7311 [0.14285714285714285, 0.11764705882352941, 0.5, 0.037037037037037035, 0.6666666666666666, 0, 1] 1
nodejs/node 11397 11375 [0.125, 0.3218390804597701, 0, 0.14285714285714285, 1.0, 0, 1] 1
nodejs/node 11610 8551 [0.14285714285714285, 0.23333333333333334, 0, 0.000992063492063492, 0.0, 0, 1] 1
nodejs/node 8016 8010 [0.14285714285714285, 0.5327868852459017, 0, 1.0, 0.0, 0, 1] 1
nodejs/node 6937 6206 [0.3333333333333333, 0.33962264150943394, 0.11032863849765258, 0.5, 1.0, 0, 1] 1
nodejs/node 12231 12204 [0.18181818181818182, 0.1336206896551724, 0, 0.1111111111111111, 0.37142857142857144, 0, 1] 1
nodejs/node 10937 10525 [0.2, 0.3069306930693069, 0, 0.5, 1.0, 0, 1] 1
nodejs/node 539 239 [0.18181818181818182, 0.033707865168539325, 0.12121212121212122, 0.3333333333333333, 1.0, 0, 1] 1
nodejs/node 4585 3823 [0.2, 0.0684931506849315, 0.03571428571428571, 0.3333333333333333, 0.0, 0, 1] 1
nodejs/node 9335 9334 [0.21428571428571427, 0.5353535353535354, 0, 1.0, 1.0, 0, 1] 1
nodejs/node 3853 3848 [0.3, 0.07692307692307693, 0.2, 1.0, 1.0, 1, 1] 1
nodejs/node 6531 5056 [0.23076923076923078, 0.03621730382293763, 0.01694915254237288, 1.0, 0.7482014388489209, 0, 2] 1
nodejs/node 5690 5689 [0.25, 0.48518518518518516, 0, 0.25, 0.5, 1, 1] 1
nodejs/node 10916 10890 [0.25, 0.6153846153846154, 0.6511627906976745, 1.0, 0.0, 0, 1] 1
nodejs/node 11310 9351 [0.14285714285714285, 0.09473684210526316, 0.0, 1.0, 0.7644444444444445, 0, 2] 1
nodejs/node 12437 9961 [0.3333333333333333, 0.15942028985507245, 0.06896551724137931, 0.6666666666666666, 0.5233644859813084, 0, 4] 1
nodejs/node 9243 9220 [0.2857142857142857, 0.0, 0.0, 1.0, 1.0, 0, 1] 1
nodejs/node 7626 7311 [0.2222222222222222, 0.2631578947368421, 1.0, 0.037037037037037035, 1.0, 1, 1] 1
nodejs/node 3813 2205 [0.375, 0.08737864077669903, 0, 0.04, 1.0, 0, 1] 1
nodejs/node 561 161 [0.5714285714285714, 0.031914893617021274, 0.3119015047879617, 0.6, 0.6706586826347305, 0, 3] 1
nodejs/node 8263 8231 [0.4444444444444444, 0.19101123595505617, 1.0, 1.0, 1.0, 0, 1] 1
nodejs/node 10753 10734 [0.5, 0.423728813559322, 0.2261904761904762, 1.0, 0.45714285714285713, 0, 1] 1
nodejs/node 9111 8016 [0.125, 0.6736842105263158, 0, 1.0, 0.0, 0, 1] 1
nodejs/node 2252 2251 [0.1111111111111111, 0.02857142857142857, 0.2222222222222222, 0.3333333333333333, 1.0, 1, 1] 1
nodejs/node 8717 8505 [0.1, 0.5037593984962406, 0.0, 1.0, 0.52, 0, 1] 1
nodejs/node 9233 9184 [0.2222222222222222, 0.06741573033707865, 0.0, 0.25, 1.0, 0, 1] 1
nodejs/node 385 382 [0.0, 0, 0.5, 1.0, 0.6666666666666666, 0, 1] 1
nodejs/node 5520 5519 [0.8, 0.08759124087591241, 0, 1.0, 1.0, 1, 2] 1
nodejs/node 9535 9482 [0.2222222222222222, 0.15126050420168066, 1.0, 1.0, 1.0, 0, 1] 1
nodejs/node 7911 7745 [0.1111111111111111, 0.08620689655172414, 0, 0.0, 0.0, 0, 0] 1
nodejs/node 81 56 [0.6666666666666666, 0.07692307692307693, 0.0, 0.5, 0.0, 0, 1] 1
nodejs/node 3568 3567 [0.3333333333333333, 0.16363636363636364, 0.34375, 0.3333333333333333, 0.0, 1, 1] 1
nodejs/node 8923 3062 [0.3, 0.11976047904191617, 0.02127659574468085, 1.0, 1.0, 0, 2] 1
nodejs/node 6537 6536 [0.2727272727272727, 0.1340782122905028, 0.2727272727272727, 0.3157894736842105, 0.8217054263565892, 1, 6] 1
nodejs/node 12777 12316 [0.0, 0.2676056338028169, 0, 0, 0.0, 0, 0] 1
nodejs/node 7634 7590 [0.0, 0.638095238095238, 0.0, 0.0001467782181124321, 1.0, 0, 1] 1
nodejs/node 5020 4975 [0.14285714285714285, 0.010329244673983214, 0.0, 0.03225806451612903, 0.18815331010452963, 0, 1] 1
nodejs/node 3774 3722 [0.0, 0.05194805194805195, 0.0, 0.6666666666666666, 0.8089887640449438, 0, 2] 1
nodejs/node 6044 5722 [0.2, 0.10344827586206896, 0.03680981595092025, 0.25, 0.43564356435643564, -1, 1] 1
nodejs/node 489 482 [0.5454545454545454, 0.13526570048309178, 0.07142857142857142, 0.3333333333333333, 1.0, 1, 1] 1
nodejs/node 5783 5544 [0.1, 0.07471264367816093, 0, 0.5, 1.0, 0, 2] 1
nodejs/node 7465 5458 [0.0, 0.10526315789473684, 0.0, 0.5, 0.9147286821705426, 0, 1] 1
nodejs/node 4124 3511 [0.35714285714285715, 0.22110552763819097, 0.16624365482233502, 0.8, 0.5412844036697247, 1, 4] 1
nodejs/node 6982 6947 [0.375, 0.14615384615384616, 0.0, 1.0, 0.02167712492869367, 0, 1] 1
nodejs/node 5251 4277 [0.3, 0.1125, 0.10256410256410256, 0.05263157894736842, 0.4827586206896552, 0, 1] 1
nodejs/node 11278 10423 [0.3, 0.1962025316455696, 0, 0.0, 0.0, 0, 0] 1
nodejs/node 13650 13570 [0.3, 0.3197278911564626, 0.0234375, 1.0, 0.0, 1, 1] 1
nodejs/node 8697 8549 [0.3333333333333333, 0.20903954802259886, 0.0, 0.5, 0.42105263157894735, 0, 1] 1
nodejs/node 12590 12544 [0.36363636363636365, 0.6422764227642277, 0.11077844311377245, 1.0, 1.0, 0, 1] 1
nodejs/node 8957 8953 [0.2222222222222222, 0.0, 1.0, 1.0, 1.0, 0, 1] 1
nodejs/node 601 533 [0.3333333333333333, 0.023076923076923078, 0.11711711711711711, 0.5, 0.617948717948718, 0, 1] 1
nodejs/node 5316 5306 [0.2857142857142857, 0.18181818181818182, 0, 1.0, 1.0, 0, 1] 1
nodejs/node 11533 9352 [0.3333333333333333, 0.08260869565217391, 0, 1.0, 0.8280616382806164, 0, 2] 1
nodejs/node 11599 7850 [0.42857142857142855, 0.4375, 0.09090909090909091, 0.42857142857142855, 0.3333333333333333, 1, 3] 1
nodejs/node 11143 10786 [0.45454545454545453, 0.23140495867768596, 0, 0.0, 0.0, 0, 0] 1
nodejs/node 6728 6718 [0.42857142857142855, 0.6810810810810811, 0.0, 1.0, 0.0, 0, 1] 1
nodejs/node 11340 11308 [0.375, 0.9741379310344828, 0.1206140350877193, 1.0, 0.5144230769230769, 1, 4] 1
nodejs/node 12491 12487 [0.4444444444444444, 0.35294117647058826, 0.015625, 0.5, 0.48, 1, 1] 1
nodejs/node 12492 12487 [0.4444444444444444, 0.4752475247524752, 0.17857142857142858, 0.5, 0.8985507246376812, 0, 1] 1
nodejs/node 5251 4749 [0.3, 0.08536585365853659, 0, 0.0, 0.0, 0, 0] 1
nodejs/node 8612 8587 [0.625, 0.5906432748538012, 0.6923076923076923, 0.3333333333333333, 0.875, 0, 2] 1
nodejs/node 10055 9935 [0.5, 0.8404255319148937, 0.2222222222222222, 1.0, 1.0, 0, 1] 1
nodejs/node 12822 12732 [0.5, 0.43805309734513276, 0.0, 0.014285714285714285, 0.0, 0, 1] 1
nodejs/node 5434 5306 [0.42857142857142855, 0.0, 0, 1.0, 1.0, 0, 1] 1
nodejs/node 11838 11823 [0.5, 0.04597701149425287, 1.0, 1.0, 1.0, 0, 1] 1
nodejs/node 7933 7932 [0.5, 0.24786324786324787, 0, 0.0, 0.0, 1, 0] 1
nodejs/node 4342 4062 [0.625, 0.2087912087912088, 0.078125, 1.0, 1.0, 1, 1] 1
nodejs/node 7139 6788 [0.6666666666666666, 0.2145214521452145, 0.24404272801972063, 0.16411378555798686, 0.8964346349745331, 1, 75] 1
nodejs/node 5211 5097 [0.6666666666666666, 0.2076923076923077, 0.9486663311524912, 0.873972602739726, 0.9870905587668594, 1, 318] 1
nodejs/node 12901 12426 [0.6666666666666666, 0.4051724137931034, 0.10714285714285714, 1.0, 1.0, 0, 1] 1
nodejs/node 2207 2205 [0.75, 0.11486486486486487, 0, 0.45454545454545453, 0.8717948717948718, 0, 15] 1
nodejs/node 7771 7689 [0.7142857142857143, 0.3238095238095238, 0, 0.0, 0.0, -1, 0] 1
nodejs/node 10583 10531 [0.75, 0.4044943820224719, 1.0, 1.0, 1.0, 0, 1] 1
nodejs/node 5007 5003 [0.8571428571428571, 0, 0, 1.0, 0.7407407407407407, 0, 1] 1
nodejs/node 9848 9284 [1.0, 0.4072249589490969, 0.8110740681233933, 0.7704517704517705, 0.989535490605428, 1, 630] 1
nodejs/node 9578 9575 [1.0, 0.7904761904761904, 1.0, 1.0, 1.0, 1, 1] 1
nodejs/node 4310 4258 [1.0, 0.044444444444444446, 0.0, 1.0, 1.0, 0, 1] 1
nodejs/node 4958 4110 [0.6, 0.14634146341463414, 0.49350818816467673, 0.10073497622135755, 0.8822228074795891, 1, 233] 1
scikit-learn/scikit-learn 3181 2632 [0.0, 0.0, 0, 0.3333333333333333, 1.0, 0, 1] 1
scikit-learn/scikit-learn 5835 5771 [0.1111111111111111, 0.14814814814814814, 0, 0.5, 1.0, 1, 1] 1
scikit-learn/scikit-learn 6337 6332 [0.0, 0, 0.16666666666666666, 0.16666666666666666, 0.6666666666666666, 0, 1] 1
scikit-learn/scikit-learn 7015 5900 [0.0, 0.007194244604316547, 0.04938271604938271, 1.0, 0.41422594142259417, -1, 2] 1
scikit-learn/scikit-learn 3735 2979 [0.0, 0.011019283746556474, 0.00597609561752988, 0.6666666666666666, 0.4585365853658537, 0, 2] 1
scikit-learn/scikit-learn 7350 7312 [0.18181818181818182, 0.825503355704698, 0, 0.0, 0.0, 1, 0] 1
scikit-learn/scikit-learn 6720 6666 [0.0, 0.021367521367521368, 0.056, 0.05555555555555555, 0.0, -1, 1] 1
scikit-learn/scikit-learn 5152 4845 [0.0, 0.0392156862745098, 0.0, 0.02040816326530612, 1.0, 0, 1] 1
scikit-learn/scikit-learn 4802 4182 [0.0, 0.0037174721189591076, 0, 0.0, 0.0, 0, 0] 1
scikit-learn/scikit-learn 6841 5064 [0.0, 0.045454545454545456, 0, 1.0, 0.963302752293578, 1, 1] 1
scikit-learn/scikit-learn 4308 4087 [0.0, 0.07874015748031496, 0.009523809523809525, 1.0, 0.4117647058823529, 0, 2] 1
scikit-learn/scikit-learn 5607 5577 [0.0, 0.05555555555555555, 0, 0.0, 0.0, 0, 0] 1
scikit-learn/scikit-learn 4802 4175 [0.0, 0.028368794326241134, 0, 0.0, 0.0, 0, 0] 1
scikit-learn/scikit-learn 3760 3655 [0.0, 0.016574585635359115, 0.25161290322580643, 0.25, 0.0, 0, 1] 1
scikit-learn/scikit-learn 7350 5393 [0.05555555555555555, 0.08755760368663594, 0, 0.0, 0.0, 0, 0] 1
scikit-learn/scikit-learn 6582 6376 [0.05263157894736842, 0.125, 0.5853658536585366, 1.0, 0.4457831325301205, -1, 2] 1
scikit-learn/scikit-learn 7978 7902 [0.04, 0.040160642570281124, 0, 1.0, 0.0, 0, 1] 1
scikit-learn/scikit-learn 7374 5836 [0.0625, 0.1724137931034483, 0.0, 1.0, 0.43333333333333335, 0, 1] 1
scikit-learn/scikit-learn 6717 1939 [0.18181818181818182, 0.03333333333333333, 0, 0.0, 0.0, -1, 0] 1
scikit-learn/scikit-learn 3432 3236 [0.13333333333333333, 0.14285714285714285, 0, 0.5, 0.0, 1, 1] 1
scikit-learn/scikit-learn 4852 2557 [0.09090909090909091, 0.038461538461538464, 0.0035842293906810036, 0.09090909090909091, 0.3256972111553785, 0, 1] 1
scikit-learn/scikit-learn 8658 4494 [0.0, 0.05241935483870968, 0.0, 0.16666666666666666, 0.35714285714285715, 1, 1] 1
scikit-learn/scikit-learn 4802 1292 [0.07692307692307693, 0.018315018315018316, 0, 0.0, 0.0, 0, 0] 1
scikit-learn/scikit-learn 8518 8517 [0.09090909090909091, 0.8985507246376812, 0.29411764705882354, 1.0, 1.0, 1, 1] 1
scikit-learn/scikit-learn 3574 1176 [0.125, 0.033707865168539325, 0.07692307692307693, 0.047619047619047616, 0.42424242424242425, 0, 1] 1
scikit-learn/scikit-learn 7261 6028 [0.1, 0.08823529411764706, 0.4043956043956044, 0.8888888888888888, 0.6757990867579908, 0, 8] 1
scikit-learn/scikit-learn 3125 2694 [0.08, 0, 0.07407407407407407, 0.14285714285714285, 0.0, 0, 1] 1
scikit-learn/scikit-learn 7819 6077 [0.09090909090909091, 0.11147540983606558, 0.0, 0.3333333333333333, 0.17073170731707318, 0, 1] 1
scikit-learn/scikit-learn 7011 7009 [0.125, 0.8913043478260869, 0, 1.0, 1.0, 1, 1] 1
scikit-learn/scikit-learn 5295 1348 [0.2222222222222222, 0.05982905982905983, 0.1699655765920826, 0.2727272727272727, 0.5568181818181818, 0, 3] 1
scikit-learn/scikit-learn 5420 5008 [0.23076923076923078, 0.013605442176870748, 0.10062893081761007, 1.0, 0.29577464788732394, 1, 3] 1
scikit-learn/scikit-learn 3735 3310 [0.15789473684210525, 0.053742802303262956, 0.003861003861003861, 0.3333333333333333, 0.18716577540106952, 0, 1] 1
scikit-learn/scikit-learn 5718 5712 [0.15384615384615385, 0.05263157894736842, 0.02631578947368421, 0.3333333333333333, 0.125, 0, 1] 1
scikit-learn/scikit-learn 5378 5348 [0.2777777777777778, 0.0, 0.11560693641618497, 1.0, 0.5619834710743802, 0, 1] 1
scikit-learn/scikit-learn 1961 1787 [0.18181818181818182, 0.06589147286821706, 0.07608695652173914, 0.16666666666666666, 0.8414918414918415, 0, 1] 1
scikit-learn/scikit-learn 7026 1742 [0.2222222222222222, 0.033707865168539325, 0, 0.0, 0.0, 0, 0] 1
scikit-learn/scikit-learn 3877 1867 [0.375, 0.0, 0.24435883324160704, 0.5714285714285714, 0.41540785498489424, 0, 8] 1
scikit-learn/scikit-learn 7825 6307 [0.15789473684210525, 0.08791208791208792, 0.2222222222222222, 0.125, 0.0, -1, 1] 1
scikit-learn/scikit-learn 6429 4567 [0.3, 0.042105263157894736, 0.16417910447761194, 0.6666666666666666, 0.4666666666666667, 0, 2] 1
scikit-learn/scikit-learn 7776 7775 [0.23076923076923078, 0.11594202898550725, 0.08333333333333333, 0.5, 0.6181818181818182, 1, 1] 1
scikit-learn/scikit-learn 6307 5642 [0.15789473684210525, 0.015151515151515152, 0.25, 0.2, 0.0, 0, 1] 1
scikit-learn/scikit-learn 6436 6431 [0.3, 0.23214285714285715, 1.0, 0.3333333333333333, 1.0, 1, 2] 1
scikit-learn/scikit-learn 4852 2263 [0.2857142857142857, 0.07142857142857142, 0.05877413937867338, 0.18181818181818182, 0.6626042334830019, -1, 2] 1
scikit-learn/scikit-learn 6087 5513 [0.25, 0, 0.28967254408060455, 1.0, 0.5567567567567567, 0, 2] 1
scikit-learn/scikit-learn 3861 3859 [0.36363636363636365, 0.08163265306122448, 0, 0.0, 0.0, 0, 0] 1
scikit-learn/scikit-learn 8143 7986 [0.4, 0.15384615384615385, 0.9645061728395061, 0.7142857142857143, 1.0, 0, 10] 1
scikit-learn/scikit-learn 5951 5874 [0.3333333333333333, 0.01, 0.0, 0.3333333333333333, 0.0, 1, 1] 1
scikit-learn/scikit-learn 6313 5372 [0.5, 0.05851063829787234, 0, 0.0, 0.0, 0, 0] 1
scikit-learn/scikit-learn 4493 4467 [0.36363636363636365, 0.0125, 0.0975609756097561, 0.5, 0.2545454545454545, 1, 2] 1
scikit-learn/scikit-learn 5784 2073 [0.3333333333333333, 0, 0.23353293413173654, 0.3333333333333333, 0.34782608695652173, 0, 1] 1
scikit-learn/scikit-learn 6712 6505 [0.38461538461538464, 0.08, 0.8947368421052632, 1.0, 0.9437751004016064, 0, 9] 1
scikit-learn/scikit-learn 8438 4354 [0.7, 0.10344827586206896, 0.2967032967032967, 0.5, 0.15384615384615385, 1, 2] 1
scikit-learn/scikit-learn 8658 8436 [0.8333333333333334, 0.0796812749003984, 0.05504587155963303, 0.16666666666666666, 0.4098360655737705, 1, 1] 1
scikit-learn/scikit-learn 5366 5127 [0.5, 0.1506849315068493, 0.037383177570093455, 0.25, 0.7272727272727273, 0, 1] 1
scikit-learn/scikit-learn 7390 7229 [0.0, 0.09047619047619047, 0.06278026905829596, 0.4, 0.8405172413793104, -1, 2] 1
scikit-learn/scikit-learn 6057 6041 [0.0, 0.3333333333333333, 0.0, 1.0, 0.8478260869565217, 1, 1] 1
scikit-learn/scikit-learn 5297 5277 [0.125, 0.06666666666666667, 0.35074626865671643, 0.7272727272727273, 0.5643564356435643, 1, 8] 1
scikit-learn/scikit-learn 6874 2616 [0.7, 0.01694915254237288, 0, 0.0, 0.0, 0, 0] 1
scikit-learn/scikit-learn 6692 5762 [0.07692307692307693, 0.016304347826086956, 0.06542056074766354, 0.3333333333333333, 0.8507462686567164, 0, 1] 1
scikit-learn/scikit-learn 4205 3907 [0.05555555555555555, 0, 1.0, 0.16666666666666666, 1.0, 0, 1] 1
scikit-learn/scikit-learn 3306 1714 [0.25, 0.0, 0, 0.0, 0.0, 0, 0] 1
scikit-learn/scikit-learn 2948 2199 [0.1111111111111111, 0.0375, 0.015517241379310345, 0.06896551724137931, 0.7674418604651163, 0, 2] 1
scikit-learn/scikit-learn 6586 3638 [0.2, 0.08108108108108109, 0, 0.14285714285714285, 0.0, 0, 1] 1
scikit-learn/scikit-learn 3531 3463 [0.5714285714285714, 0, 0, 0.0, 0.0, 0, 0] 1
scikit-learn/scikit-learn 6671 5366 [0.3333333333333333, 0.0, 0, 0.0, 0.0, 0, 0] 1
scikit-learn/scikit-learn 311 296 [0.14285714285714285, 0.1320754716981132, 0.016129032258064516, 0.14285714285714285, 0.296875, 0, 1] 1
scikit-learn/scikit-learn 7541 6176 [0.4, 0.3508771929824561, 0, 1.0, 0.0, -1, 1] 1
scikit-learn/scikit-learn 6671 5127 [0.46153846153846156, 0.0, 0, 0.2, 0.7333333333333333, 0, 1] 1
