angular/angular.js 8206 8177 [0.0, 0.24643999471231803, 0.0, 1.0, 1.0, 0] 1
angular/angular.js 14635 12682 [0.10718826799861247, 0.08429619777167591, 0.7915764327639145, 0.5, 0.0, 0] 1
angular/angular.js 1602 1564 [0.01359611389200534, 0.0, 0.9684045803931381, 0.14285714285714285, 1.0, -1] 1
angular/angular.js 3025 2522 [0.0, 0.14597034573966972, 0.6559063130897872, 0.5, 0.5853658536585366, 0] 1
angular/angular.js 3197 3082 [0.0, 0.0, 0.12629197363199823, 0.5, 0.0, -1] 1
angular/angular.js 5976 5536 [0.1189043007132205, 0.05640713083508378, 0.619221315792, 0.6, 0.935064935064935, 0] 1
angular/angular.js 4021 3897 [0.0, 0.3362807875522261, 1.0, 0.5, 1.0, 0] 1
angular/angular.js 9481 9478 [0.0, 0.008257649948190048, 0.0, 0.0, 0.0, 0] 1
angular/angular.js 8206 8130 [0.0, 0.1192117372569974, 0.0, 1.0, 1.0, 0] 1
angular/angular.js 2362 2307 [0.016064088001977478, 0.0, 0.0, 1.0, 1.0, 0] 1
angular/angular.js 12362 12307 [0.0, 0.0, 0.9815196114744762, 0.38446969696969696, 0.9385608260729268, 0] 1
angular/angular.js 3082 2835 [0.0, 0.0, 0.4874767375293958, 0.5, 0.7575757575757576, 0] 1
angular/angular.js 7960 7776 [0.0, 0.18077809569665546, 0.11883724375626964, 0.1, 0.0, 0] 1
angular/angular.js 3699 3697 [0.10799398276641164, 0.0, 0.0, 0.0, 0.0, 0] 1
angular/angular.js 12933 12166 [0.09629973209596708, 0.16231609168795944, 0.39787186967185895, 0.3333333333333333, 1.0, 0] 1
angular/angular.js 9905 8005 [0.059157018915652095, 0.06627679052088786, 0.06661818937850304, 0.2727272727272727, 0.12110726643598616, 0] 1
angular/angular.js 9013 4858 [0.20004075087101858, 0.2699986209478864, 0.9923256175325758, 0.13963039014373715, 0.9084194977843427, 0] 1
angular/angular.js 5080 3376 [0.36940243810664575, 0.05796481127322218, 0.4581895446745018, 1.0, 0.4166666666666667, 0] 1
angular/angular.js 9917 9265 [0.006627253942761632, 0.017194127239351882, 0.47802537749491225, 0.4, 0.5277777777777778, -1] 1
angular/angular.js 2439 2060 [0.1099091349730328, 0.17013721275870958, 0.5771286272098277, 0.5, 0.0, 0] 1
angular/angular.js 2260 2216 [0.24455803213617677, 0.0, 0.8114262256604803, 0.5714285714285714, 0.9296097934200459, 0] 1
angular/angular.js 10592 7762 [0.20883330167060915, 0.024984915374180267, 0.13355400475408077, 0.6666666666666666, 0.7805105853051059, 0] 1
angular/angular.js 2488 2396 [0.19439248483945182, 0.3229929953491838, 1.0000000000000002, 0.5, 1.0, 0] 1
angular/angular.js 4612 4479 [0.06557077508752207, 0.20314962652372948, 0.0, 0.0, 0.0, 1] 1
angular/angular.js 5174 5110 [0.5987669786159391, 0.02168339180482196, 0.8735091956410795, 1.0, 1.0, 0] 1
angular/angular.js 12524 12477 [0.19541268030518705, 0.0, 0.5560446202302318, 0.45454545454545453, 0.8939226519337017, 0] 1
angular/angular.js 4369 4351 [0.2633801339460716, 0.0, 0.0, 1.0, 1.0, 0] 1
angular/angular.js 15542 15538 [0.013830289323945845, 0.2059441324036968, 0.9228230612295983, 0.5, 1.0, 1] 1
angular/angular.js 2265 2252 [0.7157664208172859, 0.0, 0.0, 0, 0.0, 0] 1
angular/angular.js 6716 6692 [0.3183600874574826, 0.0, 0.0, 1.0, 0.0, 0] 1
angular/angular.js 14967 6412 [0.26037967608053836, 0.41129528174454266, 0.5879485118733775, 0.6666666666666666, 0.0, 0] 1
angular/angular.js 10619 10618 [0.23686619680096693, 0.0, 0.5683426873419863, 1.0, 1.0, 0] 1
angular/angular.js 12072 4282 [0.4180793540410425, 0.013644526913377338, 0.5770709803626896, 0.2, 0.0, -1] 1
angular/angular.js 4171 4083 [0.3188822261553883, 0.26008089485830144, 0.7928832460275406, 0.5, 0.5641025641025641, 1] 1
angular/angular.js 15919 15917 [0.46540428511154475, 0.1922040386781953, 0.0, 1.0, 0.0, 0] 1
angular/angular.js 8716 8628 [0.46037310698069367, 0.1626718438383238, 0.756708647703982, 0.3333333333333333, 0.4065244667503137, 1] 1
angular/angular.js 3393 1745 [0.3799575593861313, 0.18461103782264415, 0.34537466896244784, 0.3333333333333333, 0.5380434782608695, 0] 1
angular/angular.js 7079 6474 [0.03303590731054569, 0.09414273404132129, 0.8465091452146427, 1.0, 1.0, 1] 1
angular/angular.js 4086 3135 [0.18453559099494965, 0.07406543989790801, 0.3081999546469676, 0.3333333333333333, 0.0, 0] 1
angular/angular.js 8626 8606 [0.4934242281558828, 0.28085992458213227, 0.4620260297442732, 1.0, 1.0, 0] 1
angular/angular.js 7906 7903 [0.20524403676102784, 0.6270972545056158, 0.5758620208612691, 0.5, 0.92, 1] 1
angular/angular.js 5108 5101 [0.33474666666217623, 0.5636367863760371, 0.7633500678416054, 0.5, 0.0, 1] 1
angular/angular.js 9827 5746 [0.37290995058326337, 0.29964393131297645, 0.9654495312243159, 0.5, 0.0, 0] 1
angular/angular.js 8492 8233 [0.27776289268543297, 0.006706873557091506, 0.0, 1.0, 0.0, 0] 1
angular/angular.js 7479 7262 [0.63131167251548, 0.05798286595427988, 0.9665861737205286, 0.5, 1.0, 0] 1
angular/angular.js 8206 8133 [0.3485418809913762, 0.3583535917191971, 0.0, 0.0, 0.0, 0] 1
angular/angular.js 9356 8837 [0.3919822294999626, 0.0, 0.9689783711326326, 0.18181818181818182, 0.9457364341085271, 0] 1
angular/angular.js 4530 4410 [0.4456558599665509, 0.38336321574337645, 0.0, 1.0, 1.0, 0] 1
angular/angular.js 1851 1701 [0.48265948704398065, 0.25469893602655325, 0.6074887119196926, 1.0, 0.5333333333333333, 0] 1
angular/angular.js 13497 13495 [0.556765734941531, 0.24702203176531456, 0.774541025177809, 1.0, 1.0, 0] 1
angular/angular.js 4940 4529 [0.5433656853470641, 0.30644338004801575, 0.41440290195332574, 0.5, 1.0, 1] 1
angular/angular.js 5084 4872 [0.48384349849340086, 0.8033190372579002, 0.9701239755054153, 1.0, 0.6261261261261262, 1] 1
angular/angular.js 11803 11722 [0.7800266346076538, 0.26242672036560094, 0.48416833974140255, 0.6, 0.3271604938271605, 1] 1
angular/angular.js 6986 6983 [0.652356527071409, 0.5185903067964014, 0.7669494116772969, 0.3333333333333333, 1.0, 1] 1
angular/angular.js 6215 6098 [0.5962000905838487, 0.4473690734301595, 0.09218108131857625, 0.6666666666666666, 0.5735294117647058, 0] 1
angular/angular.js 4544 4410 [0.7464790258921016, 0.38336321574337645, 0.0, 1.0, 1.0, 0] 1
angular/angular.js 4916 4860 [0.0, 0.0, 0.0, 1.0, 1.0, 0] 1
angular/angular.js 4968 4963 [0.17916519435105496, 0.0, 0.0, 1.0, 0.0, 0] 1
angular/angular.js 6876 6065 [0.619628424705547, 0.06830809393711011, 0.8570597395586522, 1.0, 0.0, -1] 1
angular/angular.js 2399 2357 [0.5847139070394539, 0.07680874218003488, 0.0, 0.1, 1.0, 0] 1
angular/angular.js 4658 4615 [0.5823223325807088, 0.0, 0.0, 1.0, 1.0, 0] 1
angular/angular.js 6807 6801 [0.7179004620465436, 0.44594733966825034, 0.8767781020335724, 1.0, 1.0, 1] 1
angular/angular.js 4630 4512 [0.0, 0.8303102964375453, 1.0000000000000002, 1.0, 1.0, 0] 1
angular/angular.js 11973 11097 [0.5045190188929931, 0.15842846817536602, 0.9501054596389337, 0.5, 0.0, 0] 1
angular/angular.js 13942 13941 [0.47977333239065784, 0.8706510890968189, 1.0, 0.5, 1.0, 1] 1
angular/angular.js 3198 2773 [0.6845908749391603, 0.2947346858261806, 0.41747799406204333, 0.5, 1.0, 0] 1
angular/angular.js 11028 9964 [0.6605164097651622, 0.6356318104466584, 0.9974275926991439, 0.5, 0.6666666666666666, 0] 1
angular/angular.js 8034 8032 [0.23099756297774654, 0.014910919797121565, 0.17420061906369044, 1.0, 1.0, 0] 1
angular/angular.js 4924 4854 [0.0, 0.0, 0.0, 1.0, 1.0, 0] 1
angular/angular.js 4300 3898 [0.2936846654275369, 0.2192049305087742, 0.5173565208172828, 1.0, 0.56, 0] 1
angular/angular.js 1514 1045 [0.09720939271434893, 0.2016181815107612, 0.21096396271991752, 1.0, 0.0, 0] 1
angular/angular.js 11790 11443 [0.24031966111356587, 0.015586435321864302, 0.2348515845897483, 0.4, 0.0, 0] 1
angular/angular.js 4833 4337 [0.63990936404171, 0.4259860697927613, 0.002340450303941407, 0.25, 0.0, 0] 1
angular/angular.js 8108 7902 [0.5594418138110938, 0.07281669634025421, 0.2869091854909337, 1.0, 1.0, 0] 1
angular/angular.js 2357 2199 [0.19496231054289273, 0.48555651702562175, 0.0, 1.0, 1.0, 0] 1
angular/angular.js 4308 3848 [0.5438315157889968, 0.1822623412955471, 0.11595863751674175, 1.0, 0.7020408163265306, -1] 1
angular/angular.js 3958 3898 [0.2533539060959226, 0.4242446007904434, 0.5173565208172828, 1.0, 0.56, 0] 1
angular/angular.js 8205 7968 [0.8846706747269264, 0.2291870745849323, 0.5265258619846428, 0.5, 0.0, 0] 1
angular/angular.js 4642 4615 [0.6322415951631969, 0.0, 0.0, 1.0, 1.0, 0] 1
angular/angular.js 10335 10330 [0.1567130057095309, 0.08053942446399631, 0.0, 1.0, 0.4423076923076923, 0] 1
angular/angular.js 4665 4615 [0.630436314927948, 0.0, 0.0, 1.0, 1.0, 0] 1
angular/angular.js 5019 4067 [0.45026975701200417, 0.037184430477505026, 0.0, 0.0, 0.0, 0] 1
angular/angular.js 4292 3898 [0.5587412754838563, 0.0, 0.5173565208172828, 1.0, 0.56, 0] 1
angular/angular.js 7846 5063 [0.562541813412542, 0.2459538807404143, 0.6108508091333108, 1.0, 0.25, 0] 1
angular/angular.js 10711 10327 [0.5088528290249145, 0.004471305719504435, 1.0000000000000002, 0.5, 1.0, 0] 1
angular/angular.js 12110 9791 [0.0, 0.0, 0.4017552637229402, 1.0, 0.42424242424242425, 0] 1
angular/angular.js 3785 3761 [0.1479756102827613, 0.0, 0.0, 1.0, 1.0, 0] 1
angular/angular.js 3010 2522 [0.055549247947664644, 0.0904748354237251, 0.40440595069714086, 0.5, 0.5241935483870968, 0] 1
angular/angular.js 6885 6046 [0.13929782395177973, 0.0, 0.0, 1.0, 1.0, 0] 1
angular/angular.js 10585 5072 [0.6525095512048078, 0.6266259203825842, 0.7830152247646951, 1.0, 0.7652173913043478, 0] 1
angular/angular.js 10485 10476 [0.6696200897430372, 0.0, 1.0, 1.0, 1.0, 0] 1
angular/angular.js 9763 9321 [0.2073575012469963, 0.0876985679023071, 0.0, 0.25, 0.0, 0] 1
angular/angular.js 4532 4410 [0.4297344093352458, 0.0, 0.0, 1.0, 1.0, 0] 1
angular/angular.js 1616 1544 [0.0, 0.0, 0.05087528385357675, 0.05263157894736842, 0.7931034482758621, 0] 1
angular/angular.js 3452 2981 [0.3419062896659853, 0.14216498424119126, 0.8101858080822603, 1.0, 0.08620689655172414, 0] 1
angular/angular.js 4356 3898 [0.6595343076093398, 0.24528594861411868, 0.5173565208172828, 1.0, 1.0, 0] 1
angular/angular.js 11593 11579 [0.4780694495221798, 0.011051684982451253, 0.756645703100026, 1.0, 1.0, 0] 1
angular/angular.js 13014 9791 [0.3194641037217535, 0.0, 0.4017552637229402, 1.0, 0.42424242424242425, 0] 1
angular/angular.js 10477 10443 [0.460365358398521, 0.04736593241155075, 0.3278981388305483, 0.5, 1.0, 0] 1
angular/angular.js 14488 14085 [0.6417063698725151, 0.35855612317841434, 1.0000000000000002, 0.5, 1.0, 1] 1
angular/angular.js 7947 7868 [0.19906488852870663, 0.0, 0.54734046799791, 0.07142857142857142, 1.0, 0] 1
angular/angular.js 4193 3927 [0.0569536404751715, 0.001992952024010214, 0.516130855483197, 1.0, 0.0440251572327044, -1] 1
angular/angular.js 15535 15524 [0.7243628559637207, 0.0910280193573281, 0.0, 0, 0.0, 0] 1
angular/angular.js 15110 15106 [0.055771008528186616, 0.598379591168316, 0.5580212410220999, 0.6666666666666666, 0.9620253164556962, 0] 1
angular/angular.js 11938 11937 [0.700477167838656, 0.4231175884940251, 1.0, 1.0, 1.0, 0] 1
angular/angular.js 7999 5903 [0.6200994972536591, 0.27220793826400974, 0.5127296037512008, 0.25, 0.8947368421052632, 0] 1
angular/angular.js 7582 5674 [0.3255131965456334, 0.32140579154544124, 0.7059845174084914, 0.5, 0.3114754098360656, 0] 1
angular/angular.js 4646 4512 [0.6428521002253713, 0.18119407678567012, 1.0000000000000002, 1.0, 1.0, 0] 1
angular/angular.js 11017 9854 [0.9337388562354979, 0.37476481426539304, 0.0, 0.0, 0.0, 1] 1
angular/angular.js 8516 8512 [0.662858414368527, 0.49936375466448457, 0.33870820523679734, 1.0, 0.8409090909090909, 1] 1
angular/angular.js 11359 10985 [0.8487778772391, 0.5513658150268443, 0.5221182582981109, 1.0, 0.7741935483870968, 0] 1
angular/angular.js 2273 1084 [0.9806645410526024, 0.5580102050616045, 0.9894540683414623, 1.0, 1.0, 0] 1
mozilla-b2g/gaia 1171 1170 [0.2487626612082405, 0.2592026304522435, 0.0, 1.0, 0.4375, 0] 1
mozilla-b2g/gaia 6795 6603 [0.3426603650186016, 0.0, 0.0, 1.0, 1.0, 1] 1
mozilla-b2g/gaia 13332 13292 [0.0006872955504135449, 0.0, 0.0, 0.04, 1.0, 0] 1
mozilla-b2g/gaia 9488 9457 [0.11187011204000268, 0.10160979405807241, 0.5657103196191159, 0.5, 1.0, 0] 1
mozilla-b2g/gaia 9428 9349 [0.7990263299492443, 0.12412973158934695, 1.0, 1.0, 1.0, 1] 1
mozilla-b2g/gaia 22947 22749 [0.6752915219851127, 0.0, 0.38396274482592796, 0.07142857142857142, 1.0, 1] 1
mozilla-b2g/gaia 18033 18000 [0.3495874565432916, 0.6920284796363294, 1.0, 1.0, 1.0, 1] 1
mozilla-b2g/gaia 2459 2420 [0.0, 0.0, 0.0, 0.0, 0.0, 0] 1
mozilla-b2g/gaia 5772 5638 [0.0008009817471425039, 0.0, 0.0, 0.2857142857142857, 0.0038098140810728437, 0] 1
mozilla-b2g/gaia 12565 12520 [0.139710554112929, 0.11400598599217857, 0.8229120428081225, 1.0, 1.0, 0] 1
mozilla-b2g/gaia 10547 8726 [0.0782935434188214, 0.0, 0.801414851173814, 1.0, 1.0, 1] 1
mozilla-b2g/gaia 8383 8363 [0.2383703144505575, 0.0, 0.2708995569446977, 0.3333333333333333, 0.0, 1] 1
mozilla-b2g/gaia 9768 9467 [0.0, 0.0, 0.12004576201081044, 0.16666666666666666, 0.4186046511627907, 0] 1
mozilla-b2g/gaia 17425 17408 [0.0, 0.0, 0.0, 0.5, 1.0, 0] 1
mozilla-b2g/gaia 21450 21295 [0.0, 0.0, 0.9887125262920575, 0.6666666666666666, 1.0, 0] 1
mozilla-b2g/gaia 1010 1004 [0.0, 0.0, 0.0, 0.02564102564102564, 1.0, 0] 1
mozilla-b2g/gaia 21295 20806 [0.26069906509614515, 0.0, 0.7874246693226674, 0.5, 1.0, 0] 1
mozilla-b2g/gaia 6471 6466 [0.0007222302695557305, 0.0, 0.8777349844817505, 0.5, 1.0, 0] 1
mozilla-b2g/gaia 10228 10180 [0.15320505907844106, 0.27184222035780575, 0.5629738760296921, 0.5, 0.37037037037037035, 1] 1
mozilla-b2g/gaia 15218 15022 [0.062061942693665995, 0.0, 0.0, 1.0, 1.0, 0] 1
mozilla-b2g/gaia 11048 11032 [0.000326156870436793, 0.0, 0.5721716295883069, 1.0, 0.38235294117647056, 0] 1
mozilla-b2g/gaia 3627 3600 [0.4354731959792046, 0.1229889208546824, 0.6640880448923048, 0.3333333333333333, 0.6521739130434783, 0] 1
mozilla-b2g/gaia 16480 16475 [0.27505330419339835, 0.0, 0.0, 1.0, 1.0, 1] 1
mozilla-b2g/gaia 14246 14107 [0.0007308433353016919, 0.2775940280432349, 1.0000000000000002, 1.0, 1.0, 0] 1
mozilla-b2g/gaia 28433 28349 [0.2857599288269952, 0.0008449010228412904, 0.0, 0.3333333333333333, 1.0, 1] 1
mozilla-b2g/gaia 7010 6996 [0.0005188263757247027, 0.0, 0.10351766917438913, 0.375, 0.22297297297297297, 0] 1
mozilla-b2g/gaia 21899 21887 [0.4828076780887733, 0.0, 0.9928197540252787, 1.0, 1.0, 1] 1
mozilla-b2g/gaia 27959 27781 [0.3743843312321044, 0.0, 0.4582349814839998, 0.16666666666666666, 0.20259128386336867, 1] 1
mozilla-b2g/gaia 12134 11062 [0.3980323577631339, 0.30604863588661435, 0.9026583652752906, 1.0, 1.0, 1] 1
mozilla-b2g/gaia 17136 16651 [0.2376127616533216, 0.0, 0.4622211087228178, 0.4, 0.46218487394957986, 1] 1
mozilla-b2g/gaia 13480 12010 [0.5201422104919257, 0.0, 0.3126766114951687, 0.2857142857142857, 0.7567567567567568, 1] 1
mozilla-b2g/gaia 10373 10253 [0.0009171914432156279, 0.055370177623747255, 0.0, 0, 0.0, 0] 1
mozilla-b2g/gaia 27829 27430 [0.26849761168452996, 0.0, 0.8247685314810945, 1.0, 0.8, 0] 1
mozilla-b2g/gaia 13342 12014 [0.7211551828960318, 0.0, 0.4619775539478958, 0.2727272727272727, 0.5926773455377574, 1] 1
mozilla-b2g/gaia 23790 23101 [0.5178615686516569, 0.0, 0.0, 0.3333333333333333, 1.0, 1] 1
mozilla-b2g/gaia 24321 24292 [0.698579732741055, 0.0, 0.5220887531029601, 0.5, 0.8275862068965517, 1] 1
mozilla-b2g/gaia 10980 10738 [0.8479878527469817, 0.13216876073874267, 0.9316977055426799, 0.8235294117647058, 0.9189046866771985, 1] 1
mozilla-b2g/gaia 7669 7587 [1.0, 0.24427783553420535, 0.2892826005612784, 1.0, 0.7758620689655172, 1] 1
kubernetes/kubernetes 661 657 [0.0, 0.37333906298859615, 0.5433072940418492, 0.5, 0.8620689655172413, 0] 1
kubernetes/kubernetes 2716 2694 [0.5362370738825711, 0.3381165289482316, 0.45404297155212425, 1.0, 1.0, 0] 1
kubernetes/kubernetes 17024 14548 [0.48871080746505247, 0.12068360284816279, 0.0, 0.0, 0.0, 1] 1
kubernetes/kubernetes 45263 43027 [0.6010347363615475, 0.5713997618951069, 0.060217024773056314, 0.1111111111111111, 0.9774436090225563, 0] 1
kubernetes/kubernetes 41036 41006 [0.5697317771571234, 0.14370515444607262, 0.3163147275890793, 1.0, 0.4117647058823529, 0] 1
kubernetes/kubernetes 56 52 [0.0, 0.0, 1.0000000000000002, 1.0, 1.0, 0] 1
kubernetes/kubernetes 35745 32790 [0.5843602944169759, 0.5422597528275572, 0.88646257312168, 0.5, 1.0, 0] 1
kubernetes/kubernetes 8639 7439 [0.021092692261294586, 0.21720293595618204, 0.0, 0.0, 0.0, 1] 1
kubernetes/kubernetes 61 52 [0.0, 0.0, 1.0000000000000002, 1.0, 1.0, 0] 1
kubernetes/kubernetes 19759 15998 [0.16073403073730735, 0.02270986960268239, 0.0, 0.16666666666666666, 0.7058823529411765, 0] 1
kubernetes/kubernetes 30993 28284 [0.646569432075282, 0.677450100420088, 0.0, 0.26666666666666666, 1.0, 0] 1
kubernetes/kubernetes 10895 10784 [0.6768361098462445, 0.09903745231073012, 0.6819416262192877, 0.125, 1.0, 1] 1
kubernetes/kubernetes 10232 9264 [0.667668226225105, 0.0, 0.3802438743698553, 0.1, 1.0, 0] 1
kubernetes/kubernetes 31372 31361 [0.0, 0.8380513704567125, 1.0, 0.5, 1.0, -1] 1
kubernetes/kubernetes 21531 21357 [0.4432564040222392, 0.31887727555454015, 0.3714348200274433, 1.0, 1.0, 0] 1
kubernetes/kubernetes 33276 32120 [0.0, 0.8124431862067245, 0.4625194499562099, 1.0, 0.0, 0] 1
kubernetes/kubernetes 54 52 [0.0, 0.0, 1.0000000000000002, 1.0, 1.0, 0] 1
kubernetes/kubernetes 30772 30771 [0.0, 0.7691473916648732, 0.10396960462321038, 0.5, 0.4888888888888889, -1] 1
kubernetes/kubernetes 28037 28026 [0.0, 0.0, 0.9082924100537121, 1.0, 0.6666666666666666, 0] 1
kubernetes/kubernetes 3916 3915 [0.4971362446446401, 0.0, 0.5416797444214563, 0.5, 0.3888888888888889, 0] 1
kubernetes/kubernetes 44344 43215 [0.0, 0.0, 0.0, 0.038461538461538464, 0.0, 0] 1
kubernetes/kubernetes 40322 39503 [0.0, 0.19824173854687976, 0.7512911727677669, 0.5, 1.0, 0] 1
kubernetes/kubernetes 45455 40210 [0.0, 0.08089305748157963, 0.6605478610836223, 1.0, 0.6666666666666666, 0] 1
kubernetes/kubernetes 36168 36163 [0.0, 0.9637109568595961, 0.41651343673514646, 0.05555555555555555, 0.0, 0] 1
kubernetes/kubernetes 46923 46913 [0.0, 0.972575159682465, 0.0, 0.16666666666666666, 0.0, -1] 1
kubernetes/kubernetes 1211 1210 [0.0, 0.017036561056660814, 0.7047299594345591, 1.0, 1.0, 0] 1
kubernetes/kubernetes 13322 13144 [0.023396344408018844, 0.296731744031168, 0.49692519882322755, 0.08695652173913043, 0.8430379746835444, 0] 1
kubernetes/kubernetes 21786 21601 [0.0, 0.12268531351606644, 0.0, 0.993805918788713, 0.9925925925925926, 0] 1
kubernetes/kubernetes 4065 4056 [0.4635055676380569, 0.0, 0.0, 0, 0.0, 0] 1
kubernetes/kubernetes 47455 47074 [0.0, 0.18713266499749368, 0.0, 1.0, 1.0, 0] 1
kubernetes/kubernetes 24783 24549 [0.0, 0.43776158917137137, 0.7721681795096306, 1.0, 0.4838709677419355, 0] 1
kubernetes/kubernetes 7503 7456 [0.12376199943937298, 0.23782046326893042, 0.0, 0.5, 0.375, -1] 1
kubernetes/kubernetes 47322 46193 [0.0, 0.02269605751720544, 0.0, 0.09090909090909091, 0.5185185185185185, 0] 1
kubernetes/kubernetes 28996 28978 [0.0, 0.1602903463476137, 0.9090692792350302, 1.0, 1.0, 0] 1
kubernetes/kubernetes 42529 42138 [0.0, 0.16037184489735798, 0.0, 0.0, 0.0, 0] 1
kubernetes/kubernetes 37269 275 [0.0, 0.0, 0.0, 0.0, 0.0, 0] 1
kubernetes/kubernetes 45273 44727 [0.0, 0.0670840137657827, 0.8415102511970027, 1.0, 0.0, 0] 1
kubernetes/kubernetes 34502 32109 [0.0, 0.2549230417957953, 0.5986402062762449, 0.01282051282051282, 1.0, 0] 1
kubernetes/kubernetes 20810 19559 [0.12401525360471591, 0.013006850667602253, 0.0, 0.2, 0.0, -1] 1
kubernetes/kubernetes 41210 41106 [0.0, 0.06777004023346819, 0.5075827136438494, 0.2222222222222222, 0.825, 0] 1
kubernetes/kubernetes 26066 26059 [0.44200200001216927, 0.012766367150766693, 0.0, 0.0, 0.0, 0] 1
kubernetes/kubernetes 5741 5735 [0.047002083538639175, 0.0, 0.32840317390210355, 0.5, 0.0, 0] 1
kubernetes/kubernetes 38751 38370 [0.0, 0.060803694884658324, 1.0000000000000002, 1.0, 1.0, 0] 1
kubernetes/kubernetes 10883 10819 [0.0, 0.0, 0.9559897962186377, 0.5, 0.3493975903614458, 0] 1
kubernetes/kubernetes 38296 38285 [0.0, 0.07656244968592218, 0.0641490211607286, 0.1111111111111111, 0.0, 0] 1
kubernetes/kubernetes 25591 24509 [0.0, 0.02874982734689841, 0.5536815779100092, 0.045454545454545456, 1.0, 0] 1
kubernetes/kubernetes 9966 9854 [0.0, 0.13012450374821816, 0.3285323566341704, 1.0, 0.44660194174757284, 0] 1
kubernetes/kubernetes 44496 39342 [0.7604345712547848, 0.5124124198152082, 0.0, 0.0, 0.0, 1] 1
kubernetes/kubernetes 18449 13838 [0.0, 0.008855265161301562, 0.0, 0.0, 0.0, 0] 1
kubernetes/kubernetes 46927 46784 [0.0, 0.08992071450953013, 0.0, 0.0, 0.0, 0] 1
kubernetes/kubernetes 12111 11679 [0.0, 0.0, 0.0, 0.0, 0.0, 0] 1
kubernetes/kubernetes 42883 42630 [0.0, 0.003981247903069287, 0.14981497822821946, 0.2, 0.4, 0] 1
kubernetes/kubernetes 451 356 [0.0, 0.16634045286557486, 0.0, 0.0, 0.0, 0] 1
kubernetes/kubernetes 5775 5714 [0.0, 0.0966326606248015, 0.29487033816347696, 0.1111111111111111, 0.32065217391304346, -1] 1
kubernetes/kubernetes 38789 33757 [0.0, 0.07696759239515306, 0.307367945845666, 0.047619047619047616, 0.3191489361702128, 0] 1
kubernetes/kubernetes 11113 11085 [0.0, 0.0, 0.08630721070734626, 0.00423728813559322, 0.5416666666666666, 0] 1
kubernetes/kubernetes 29226 29204 [0.0, 0.0, 0.1961946249347373, 0.75, 0.4692737430167598, 0] 1
kubernetes/kubernetes 33683 33675 [0.564819080412924, 0.7602672242033878, 0.0, 0.9714285714285714, 1.0, 0] 1
kubernetes/kubernetes 40550 39903 [0.0, 0.02319209096790196, 0.022546596444786828, 0.07692307692307693, 0.0, -1] 1
kubernetes/kubernetes 11450 11364 [0.0, 0.10876273895552353, 0.0, 0.05, 0.0, 0] 1
kubernetes/kubernetes 40901 40193 [0.0, 0.02530480411323277, 0.08368505498861802, 1.0, 0.0, -1] 1
kubernetes/kubernetes 36673 36425 [0.0, 0.2945956703640796, 0.20476171378792063, 0.005257623554153523, 0.5574018126888217, 0] 1
kubernetes/kubernetes 39883 38317 [0.0, 0.08106244823312024, 0.7326955668506872, 0.23529411764705882, 0.6114649681528662, 0] 1
kubernetes/kubernetes 11322 11317 [0.0, 0.0, 0.13814454983842375, 0.2, 0.0, 0] 1
kubernetes/kubernetes 15401 15224 [0.0, 0.015154431659547676, 0.13759572683797244, 0.03333333333333333, 0.6101694915254238, 0] 1
kubernetes/kubernetes 46953 46909 [0.0, 0.2859080810353349, 0.5505272711631622, 0.5, 0.358974358974359, 1] 1
kubernetes/kubernetes 41480 41478 [0.0, 0.0, 0.0, 0.0, 0.0, 0] 1
kubernetes/kubernetes 33964 30787 [0.1444049956619513, 0.233613117719099, 0.31076049777049164, 0.038461538461538464, 0.551594746716698, -1] 1
kubernetes/kubernetes 42113 42049 [0.011091746913632454, 0.09282577253936622, 0.0, 0.08333333333333333, 0.9692307692307692, 0] 1
kubernetes/kubernetes 15339 15004 [0.09323120372547686, 0.0, 0.0, 0.0, 0.0, 0] 1
kubernetes/kubernetes 30147 30137 [0.06009675464726631, 0.25369754136104833, 0.9193261284888744, 0.5, 1.0, 1] 1
kubernetes/kubernetes 14472 14448 [0.0, 0.0, 0.6851120234760716, 1.0, 0.0, 0] 1
kubernetes/kubernetes 7142 6847 [0.13584675387952555, 0.0, 0.8753969895913145, 1.0, 0.5526315789473685, 0] 1
kubernetes/kubernetes 6949 6938 [0.0, 0.010356739758733982, 0.0, 0.0, 0.0, 0] 1
kubernetes/kubernetes 32311 32268 [0.6434597686977089, 0.7055323329455652, 1.0, 1.0, 1.0, 1] 1
kubernetes/kubernetes 7021 6886 [0.05616636443386453, 0.23942525415265148, 0.27533606766768914, 0.5, 0.46875, 0] 1
kubernetes/kubernetes 25888 24861 [0.2538491591007406, 0.06211664480302623, 0.46533635111029353, 0.2727272727272727, 0.0, -1] 1
kubernetes/kubernetes 45804 45768 [0.0, 0.0, 0.0, 0.0, 0.0, 0] 1
kubernetes/kubernetes 18073 17769 [0.041861255685535476, 0.0, 0.0020716953729363733, 1.0, 0.0, 0] 1
kubernetes/kubernetes 37347 37332 [0.09057427249168014, 0.44423903892997463, 0.9673637968952847, 1.0, 1.0, 1] 1
kubernetes/kubernetes 25996 25634 [0.1642884713993369, 0.08092673854429715, 0.8138058310042902, 0.03260869565217391, 0.9608938547486033, -1] 1
kubernetes/kubernetes 6614 6239 [0.29836379548035835, 0.11550901005490825, 0.017838451804428754, 0.16666666666666666, 0.5238095238095238, 0] 1
kubernetes/kubernetes 25688 25326 [0.1416192188626344, 0.11364970608413055, 0.4253950506405175, 0.375, 0.6124197002141327, 0] 1
kubernetes/kubernetes 22501 21535 [0.06492856389333025, 0.0, 0.5967431431635627, 0.2727272727272727, 0.6, -1] 1
kubernetes/kubernetes 44288 40234 [0.0, 0.4096228966361646, 0.24583070918626374, 0.09090909090909091, 0.2777777777777778, -1] 1
kubernetes/kubernetes 45065 45034 [0.122013138127033, 0.0226310116205334, 0.37548575691548974, 0.42857142857142855, 0.5977011494252874, 0] 1
kubernetes/kubernetes 24881 24201 [0.22078544105134107, 0.30385728073127677, 0.22138746730600006, 0.75, 0.3939393939393939, 0] 1
kubernetes/kubernetes 44313 44312 [0.10096053669657333, 0.19949066503315782, 0.0, 0.0, 0.0, 1] 1
kubernetes/kubernetes 13758 13738 [0.06353062264472699, 0.1574893341747057, 0.653820137909354, 1.0, 0.8627450980392157, 1] 1
kubernetes/kubernetes 7679 7615 [0.11053639761139758, 0.0, 0.2515224927490938, 0.06153846153846154, 0.2261682242990654, 0] 1
kubernetes/kubernetes 29150 25524 [0.11783278436801105, 0.22233195820558704, 0.0, 0.1111111111111111, 0.0, 0] 1
kubernetes/kubernetes 33101 33099 [0.1665961433670435, 0.7632440043187366, 0.0, 0.0, 0.0, 1] 1
kubernetes/kubernetes 13628 13616 [0.5178952320323461, 0.0061597932566249585, 0.0, 0.0, 0.0, 1] 1
kubernetes/kubernetes 35320 33616 [0.17790364958752375, 0.36980571742991364, 0.44381751328162833, 0.09090909090909091, 0.16216216216216217, -1] 1
kubernetes/kubernetes 30884 30802 [0.13379340243115662, 0.41467123799068695, 0.0, 0.0, 0.0, 0] 1
kubernetes/kubernetes 10440 7053 [0.4257981378093621, 0.0016107096655899988, 0.5755989671036275, 0.10975609756097561, 0.421195652173913, 0] 1
kubernetes/kubernetes 23043 22845 [0.14316102003779677, 0.6081262339932391, 0.48608548987335504, 0.5, 1.0, 0] 1
kubernetes/kubernetes 35609 35556 [0.16706761514143773, 0.4434455742035832, 0.6098491738831815, 0.0017761989342806395, 1.0, 0] 1
kubernetes/kubernetes 3200 3199 [0.2565653477116961, 0.0, 0.94639352270937, 0.2727272727272727, 0.7741935483870968, 0] 1
kubernetes/kubernetes 40421 40400 [0.29006884679503586, 0.21707672199498804, 0.0, 0.14285714285714285, 0.72, 1] 1
kubernetes/kubernetes 21130 20665 [0.16413991152605448, 0.31762534086752925, 1.0, 0.13333333333333333, 1.0, 1] 1
kubernetes/kubernetes 44839 44583 [0.2083861291468269, 0.05539445370639284, 0.30216158991806813, 0.07692307692307693, 0.5909090909090909, 0] 1
kubernetes/kubernetes 10609 10453 [0.20105060668067468, 0.0, 0.0, 0.5, 1.0, -1] 1
kubernetes/kubernetes 15043 14871 [0.5009006319872731, 0.0, 0.658449360032424, 0.25, 0.5579710144927537, 0] 1
kubernetes/kubernetes 6976 5012 [0.27243999390815027, 0.16213073840209505, 1.0, 0.043478260869565216, 1.0, 0] 1
kubernetes/kubernetes 14675 14564 [0.1841648253834613, 0.0, 0.0, 0.0, 0.0, 0] 1
kubernetes/kubernetes 46478 46383 [0.2782420814261326, 0.15340717191556513, 0.2482222195288451, 0.5, 0.54, 0] 1
kubernetes/kubernetes 44838 44583 [0.2402624222397564, 0.06907272757603143, 0.09385012633408688, 0.07692307692307693, 1.0, 0] 1
kubernetes/kubernetes 44727 44463 [0.2501525459028704, 0.16826257856405677, 0.0, 0.0, 0.0, 0] 1
kubernetes/kubernetes 34246 34083 [0.1977852463603539, 0.4616138479689578, 0.2680285734988383, 0.03571428571428571, 0.4857142857142857, 1] 1
kubernetes/kubernetes 25512 22737 [0.6095366639553177, 0.22260806427162894, 0.1562464252143917, 0.2, 0.5471698113207547, 0] 1
kubernetes/kubernetes 26097 25973 [0.0160665062471868, 0.0, 0.5910887397008155, 1.0, 0.6296296296296297, 0] 1
kubernetes/kubernetes 29995 29447 [0.17732300938053527, 0.046443371307806625, 0.948020290383751, 1.0, 0.9030226700251889, 0] 1
kubernetes/kubernetes 5466 5022 [0.13640969835921038, 0.018488746638742695, 0.26919771212447774, 0.3333333333333333, 0.48214285714285715, -1] 1
kubernetes/kubernetes 16283 14493 [0.18834824739058473, 0.276838936400962, 0.5092143951903806, 1.0, 0.5081967213114754, 0] 1
kubernetes/kubernetes 41761 41756 [0.13985338408697662, 0.00725092669307306, 0.0, 1.0, 0.52, 0] 1
kubernetes/kubernetes 5784 5775 [0.08718405633387506, 0.0, 0.5721480429943728, 0.3, 0.4564459930313589, -1] 1
kubernetes/kubernetes 31287 31282 [0.18685545107063953, 0.6198733806832467, 0.0, 0.25, 0.0, 0] 1
kubernetes/kubernetes 24556 24537 [0.04563595340999143, 0.6801555408355571, 0.702810911896576, 1.0, 0.5407725321888412, 1] 1
kubernetes/kubernetes 14229 14213 [0.026636028589904912, 0.0, 1.0000000000000002, 0.5, 1.0, 0] 1
kubernetes/kubernetes 21532 21357 [0.09095583389251162, 0.05618308657057877, 0.0, 1.0, 1.0, 0] 1
kubernetes/kubernetes 2412 2397 [0.2687171431096777, 0.0, 0.9927491491501396, 0.8888888888888888, 0.9820051413881749, 0] 1
kubernetes/kubernetes 4393 4390 [0.23794468661119023, 0.15294963555795282, 1.0, 1.0, 1.0, 0] 1
kubernetes/kubernetes 8931 8743 [0.4558078092206433, 0.16978551668326164, 0.0, 0.0, 0.0, 1] 1
kubernetes/kubernetes 39342 39293 [0.1781623685813851, 0.023112050985559573, 1.0000000000000002, 0.001349527665317139, 1.0, -1] 1
kubernetes/kubernetes 10746 10512 [0.2373479228425542, 0.1671984930818104, 0.5272611382428607, 1.0, 0.0, 0] 1
kubernetes/kubernetes 5763 5233 [0.3660552519284672, 0.06734797745320348, 0.31231374341692336, 0.057692307692307696, 0.3672566371681416, 1] 1
kubernetes/kubernetes 41546 41427 [0.15183283298637207, 0.03854765984624878, 0.9602239259141898, 0.5632754342431762, 0.8156795930120945, 0] 1
kubernetes/kubernetes 17264 17195 [0.1068418813180233, 0.0551804983216862, 0.6332858246455357, 0.1111111111111111, 0.7471526195899773, -1] 1
kubernetes/kubernetes 9838 9730 [0.2777316406775102, 0.05056157309177833, 0.0, 1.0, 0.6956521739130435, 0] 1
kubernetes/kubernetes 38546 1932 [0.03514877001465143, 0.0, 0.0, 0.0, 0.0, 0] 1
kubernetes/kubernetes 28966 25342 [0.3760887060519554, 0.16952779374932947, 0.3579245312052187, 0.5, 0.7338403041825095, 0] 1
kubernetes/kubernetes 32064 32049 [0.5527524570377378, 0.6365805301350786, 0.9347043040837217, 1.0, 1.0, 0] 1
kubernetes/kubernetes 40379 40378 [0.37299518457067926, 0.0, 0.05652583058801813, 1.0, 0.0, 0] 1
kubernetes/kubernetes 36597 36294 [0.22790717734769206, 0.7543625490763869, 0.08585753740025688, 0.5, 0.25, 0] 1
kubernetes/kubernetes 11475 11474 [0.36383172918723683, 0.0, 1.0, 1.0, 1.0, 0] 1
kubernetes/kubernetes 36434 32811 [0.7799443899691626, 0.8566740832244726, 0.9504094349089733, 0.75, 0.5473684210526316, 1] 1
kubernetes/kubernetes 41942 37571 [0.32521022299802227, 0.28675726584113737, 0.0, 0.0, 0.0, -1] 1
kubernetes/kubernetes 11219 10234 [0.3527858003095652, 0.07037914384736653, 0.0, 0.0, 0.0, 1] 1
kubernetes/kubernetes 35835 35817 [0.34681183637193386, 0.5701557099653926, 0.5740899217634919, 1.0, 1.0, 0] 1
kubernetes/kubernetes 45920 45918 [0.36409436422109187, 0.1061128000038448, 0.6588716307491235, 0.29545454545454547, 0.6209386281588448, 0] 1
kubernetes/kubernetes 16495 16152 [0.5074307567239068, 0.32655064854452986, 0.9424084394514175, 0.6666666666666666, 0.8215297450424929, 1] 1
kubernetes/kubernetes 31741 31682 [0.6095854275964161, 0.3922008082387323, 0.0, 1.0, 1.0, 0] 1
kubernetes/kubernetes 16227 15791 [0.2182754855582699, 0.07039490848134113, 0.40648414638810554, 0.3333333333333333, 0.6828193832599119, 0] 1
kubernetes/kubernetes 20141 19706 [0.25560377069592344, 0.08170641889950876, 0.0, 1.0, 0, 0] 1
kubernetes/kubernetes 35732 34152 [0.32770269959038995, 0.45839106166928245, 0.257432311937988, 0.5, 0.0, 0] 1
kubernetes/kubernetes 19932 19807 [0.6981021781341089, 0.0, 0.8421727746565998, 0.2037037037037037, 0.960811756473058, 0] 1
kubernetes/kubernetes 8309 8303 [0.376194518994895, 0.10334926664860096, 0.7863467134778218, 1.0, 1.0, 0] 1
kubernetes/kubernetes 38591 38452 [0.4087153926731925, 0.21792399918346717, 0.24515139964122787, 1.0, 0.28735632183908044, 0] 1
kubernetes/kubernetes 22163 22131 [0.28965088259374616, 0.018011377560456864, 0.0, 0.0, 0.0, 0] 1
kubernetes/kubernetes 46695 46346 [0.7300760299761339, 0.977733853674381, 0.5180542062754105, 0.5, 0.0, 0] 1
kubernetes/kubernetes 34811 34144 [0.15454558731012116, 0.4626058042519191, 0.6621386574309024, 0.1, 0.06931464174454828, 0] 1
kubernetes/kubernetes 14098 14083 [0.44513153323454413, 0.2396816389554643, 1.0, 1.0, 1.0, 0] 1
kubernetes/kubernetes 17169 17167 [0.399818306017961, 0.03487607308736508, 1.0, 1.0, 1.0, 0] 1
kubernetes/kubernetes 13894 12717 [0.30980413000781426, 0.0, 0.6756255206018094, 0.3333333333333333, 0.8383838383838383, -1] 1
kubernetes/kubernetes 5307 5302 [0.5375073998124313, 0.0, 0.0, 1.0, 1.0, 0] 1
kubernetes/kubernetes 46666 45575 [0.5125805363090172, 0.39869290073762276, 0.0, 0.0, 0.0, 1] 1
kubernetes/kubernetes 43145 42152 [0.24854223905073036, 0.1518084120966961, 0.0, 1.0, 0.7142857142857143, 0] 1
kubernetes/kubernetes 5298 5293 [0.6085702057915122, 0.22849743336957595, 0.0, 1.0, 1.0, 0] 1
kubernetes/kubernetes 42202 41745 [0.29584150280411803, 0.29971749485045507, 0.9513191351723023, 0.78125, 0.8780386453355495, 0] 1
kubernetes/kubernetes 28994 28604 [0.46063632369080315, 0.0, 0.12124246518800334, 0.13333333333333333, 0.38016528925619836, -1] 1
kubernetes/kubernetes 44500 42007 [0.34803804129703747, 0.4417545889112977, 0.0, 0.14285714285714285, 0.8904109589041096, 0] 1
kubernetes/kubernetes 44934 44908 [0.5390878138012356, 0.0658296155481256, 0.875537385958896, 0.3333333333333333, 0.7083333333333334, 0] 1
kubernetes/kubernetes 4698 4494 [0.04273982286225605, 0.6320490909157628, 0.6637259871535011, 0.3333333333333333, 0.8177570093457944, 1] 1
kubernetes/kubernetes 46307 45649 [0.588296154237211, 0.06409494718751815, 0.8060447131142991, 1.0, 0.9608938547486033, 0] 1
kubernetes/kubernetes 41959 41663 [0.6057266159040959, 0.45994017946458116, 0.46110100437537677, 0.1, 0.2089041095890411, 0] 1
kubernetes/kubernetes 28414 24299 [0.3915271068806246, 0.7305920544521023, 0.5682419080661006, 0.3333333333333333, 0.35, 1] 1
kubernetes/kubernetes 30848 29741 [0.7554657089411068, 0.6572275113329379, 0.9193398117676256, 0.6666666666666666, 0.9808575803981623, 0] 1
kubernetes/kubernetes 273 169 [0.38052310991763616, 0.0, 0.3059647797395095, 0.3333333333333333, 0.75, 0] 1
kubernetes/kubernetes 22110 20384 [0.4302534572568075, 0.12000833862042938, 0.9999432648231138, 0.8571428571428571, 0.99, 0] 1
kubernetes/kubernetes 30654 30476 [0.5518382061239568, 0.5639870243548173, 0.008489015556453549, 1.0, 0.0, 0] 1
kubernetes/kubernetes 15902 15840 [0.4659998524809284, 0.08369265266681401, 0.011341210792950052, 1.0, 0.0, 0] 1
kubernetes/kubernetes 45463 45263 [0.6010347363615475, 0.2561733376507721, 0.08989682394506754, 0.11764705882352941, 0.8860103626943006, 0] 1
kubernetes/kubernetes 9575 7227 [0.5719561433749638, 0.5351860473329855, 0.7347500197246586, 0.8571428571428571, 1.0, 0] 1
kubernetes/kubernetes 85 82 [0.5255123737986026, 0.0, 0.8956286070644623, 1.0, 1.0, 0] 1
kubernetes/kubernetes 46869 46863 [0.4011860311487608, 0.19794482977800326, 0.0, 0.5, 1.0, 0] 1
kubernetes/kubernetes 18377 18341 [0.6205664338422039, 0.0, 0.22989347637785257, 0.5, 0.0, 0] 1
kubernetes/kubernetes 34972 29489 [0.5166804639635743, 0.6589889842112435, 0.7893216676351414, 0.5, 0.9029126213592233, 0] 1
kubernetes/kubernetes 37137 35550 [0.4865409388326115, 0.5129713363968708, 0.0, 0.0, 0.0, 1] 1
kubernetes/kubernetes 3274 3270 [0.2847223058101339, 0.043882883575757085, 0.7099771354030157, 0.38461538461538464, 0.38934426229508196, 0] 1
kubernetes/kubernetes 28294 28251 [0.402019455636485, 0.08696279068369296, 0.2587266674781022, 0.5, 1.0, 1] 1
kubernetes/kubernetes 44909 44462 [0.4396141531326603, 0.1165342389946592, 1.0, 0.5, 1.0, -1] 1
kubernetes/kubernetes 40380 40379 [0.4514131084560631, 0.0, 0.7976992529309517, 1.0, 0.6666666666666666, 0] 1
kubernetes/kubernetes 12980 12895 [0.654275727760578, 0.43119342646393727, 0.03616950642116657, 0.5, 0.0, 1] 1
kubernetes/kubernetes 28606 28206 [0.5549836280073616, 0.011545914737520788, 0.7589202150990135, 0.25, 0.7307692307692307, 0] 1
kubernetes/kubernetes 43902 43871 [0.5070797459161764, 0.40886896648929844, 0.7810432632670287, 1.0, 0.7850799289520426, 0] 1
kubernetes/kubernetes 13800 13680 [0.45568721042709603, 0.3062480200300661, 0.31800472850472783, 1.0, 0.14225941422594143, 0] 1
kubernetes/kubernetes 3577 3555 [0.5000577934390036, 0.0, 0.0, 0.0, 0.0, 0] 1
kubernetes/kubernetes 13165 13154 [0.31064756713558894, 0.12159827715708826, 1.0, 1.0, 1.0, 0] 1
kubernetes/kubernetes 41342 41308 [0.5589278601432337, 0.05100241859708139, 0.20106208905267542, 1.0, 0.5714285714285714, 0] 1
kubernetes/kubernetes 47684 47223 [0.239253372072071, 0.10384181964683782, 0.7976431651840837, 1.0, 1.0, 1] 1
kubernetes/kubernetes 19406 19324 [0.7530248713615559, 0.0, 0.7784333609321218, 1.0, 0.9090909090909091, 0] 1
kubernetes/kubernetes 11284 10824 [0.26672145492860677, 0.14224869898211936, 0.9892797068278283, 1.0, 1.0, 0] 1
kubernetes/kubernetes 38587 38571 [0.7360530992907474, 0.07260891233956376, 1.0, 1.0, 1.0, 0] 1
kubernetes/kubernetes 20057 19510 [0.5157776557971281, 0.0, 0.9996966870870472, 0.9444444444444444, 0.9620681754537818, 0] 1
kubernetes/kubernetes 44966 44943 [0.5640738730873728, 0.28481824422876445, 1.0, 1.0, 1.0, 0] 1
kubernetes/kubernetes 36195 36186 [0.6855741846065746, 0.6443397552865019, 0.9901952090943792, 0.5, 1.0, 0] 1
kubernetes/kubernetes 34424 32408 [0.786719029344797, 0.5923462626841951, 0.4777901165335261, 0.125, 0.7837837837837838, 0] 1
kubernetes/kubernetes 30928 30880 [0.5646720278284996, 0.4687739282358102, 0.9510832905524345, 0.75, 1.0, 0] 1
kubernetes/kubernetes 2669 2652 [0.7064270078470041, 0.17339193092044938, 0.4307742610556719, 1.0, 1.0, 0] 1
kubernetes/kubernetes 29854 29185 [0.43774287443782517, 0.38900321695613177, 0.0038840545434514345, 0.25, 1.0, 0] 1
kubernetes/kubernetes 21365 21361 [0.29272451290932205, 0.0, 0.7151571762314238, 0.5, 0.72, 1] 1
kubernetes/kubernetes 35839 35760 [0.8371908934593257, 0.4417462893580517, 0.6960175970117662, 0.4166666666666667, 0.3941908713692946, 1] 1
kubernetes/kubernetes 43666 42717 [0.9438591902763861, 0.20526864073161108, 0.98478838988474, 0.8529411764705882, 0.8872785829307569, 0] 1
kubernetes/kubernetes 25995 23473 [0.8963967545193757, 0.04255702682171524, 0.8442369834318361, 0.3333333333333333, 0.8813559322033898, 0] 1
kubernetes/kubernetes 6964 6952 [0.7355589836270268, 0.07983360859960165, 0.09334626785723282, 0.25, 0.0, 0] 1
kubernetes/kubernetes 28053 28052 [0.8515295290986487, 0.3754125809969619, 1.0000000000000002, 1.0, 1.0, 1] 1
kubernetes/kubernetes 46823 46739 [0.8939968241332646, 0.13792459266413892, 0.5718296619831081, 1.0, 0.8586497890295358, 0] 1
kubernetes/kubernetes 37140 36826 [0.5294420180969587, 0.6824460302876699, 1.0, 0.2, 1.0, 1] 1
kubernetes/kubernetes 19884 19725 [1.0000000000000002, 0.9076755506111144, 1.0, 1.0, 1.0, 0] 1
kubernetes/kubernetes 44969 43936 [1.0, 0.4704450386351903, 0.8308961824869369, 1.0, 0.8656429942418427, 1] 1
kubernetes/kubernetes 43719 42815 [1.0000000000000002, 0.6134261966889862, 1.0, 0.625, 1.0, -1] 1
kubernetes/kubernetes 39634 39632 [0.762140124269828, 0.6942693853265992, 0.8614754342049473, 1.0, 0.8837209302325582, 1] 1
