angular/angular.js 8206 8177 [0.0021443343662207372, 0.26457954184699106, 0.0, 0.0, 1.0, 1.0, 0] 1
angular/angular.js 14635 12682 [0.14181730800076361, 0.12867534799334074, 0.7239426569290844, 0.0, 0.5, 0.0, 0] 1
angular/angular.js 1602 1564 [0.010939988148384882, -0.0064274099859891265, 0.9840164894472304, 0.9860618734738129, 0.14285714285714285, 1.0, -1] 1
angular/angular.js 3025 2522 [0.0003827407473247445, 0.41605978180737185, 0.8283731398736465, 0.8455310511158176, 0.5, 0.5853658536585366, 0] 1
angular/angular.js 3197 3082 [0.006915265429353408, 0.004521370162734049, 0.35743428521328957, 0.0, 0.5, 0.0, -1] 1
angular/angular.js 5976 5536 [0.2705156251555486, 0.13083681235029704, 0.7378585531301033, 0.935519318735878, 0.6, 0.935064935064935, 0] 1
angular/angular.js 4021 3897 [0.06838330177121812, 0.5427484523550791, 1.0, 1.0000000000000002, 0.5, 1.0, -1] 1
angular/angular.js 9481 9478 [-0.006293590329514914, 0.026257254523005587, 0.0, 0.0, 0.0, 0.0, 0] 1
angular/angular.js 8206 8130 [0.012347099280111013, 0.15027940360665432, 0.0, 0.0, 1.0, 1.0, 0] 1
angular/angular.js 2362 2307 [0.2219890832378569, 0.0, 0.0, 1.0000000000000002, 1.0, 1.0, 0] 1
angular/angular.js 12362 12307 [-0.026966549004319003, 0.0, 0.9775778479456265, 0.9867437372990553, 0.38446969696969696, 0.9385608260729268, 0] 1
angular/angular.js 3082 2835 [0.0003784670491703937, -0.008864846189374933, 0.7115124735378853, 1.0000000000000002, 0.5, 0.7575757575757576, 0] 1
angular/angular.js 7960 7776 [-0.0009794608005929224, 0.27510551704749386, 0.3713906763541037, 0.0, 0.1, 0.0, 0] 1
angular/angular.js 3699 3697 [0.4236291333232308, 0.0, 0.0, 0.0, 0.0, 0.0, 0] 1
angular/angular.js 12933 12166 [0.1845489235098804, 0.17096294627963057, 0.5098300908202665, 0.0, 0.3333333333333333, 1.0, 0] 1
angular/angular.js 9905 8005 [0.2372916099568245, 0.11711966242476639, 0.17707537234894333, 0.5528757923720704, 0.2727272727272727, 0.12110726643598616, 0] 1
angular/angular.js 9013 4858 [0.40664547719152044, 0.594860023676944, 0.987043355795109, 0.9892762103074103, 0.13963039014373715, 0.9084194977843427, 0] 1
angular/angular.js 5080 3376 [0.5861240780161316, 0.1656209604315719, 0.46709936649691375, 0.4350284129166655, 1.0, 0.4166666666666667, 0] 1
angular/angular.js 9917 9265 [0.029446834018376954, 0.017066977465650227, 0.6381420198115134, 0.6677703836348308, 0.4, 0.5277777777777778, -1] 1
angular/angular.js 2439 2060 [0.1312328287523524, 0.258574446692835, 0.5618332187193684, 0.525977097749463, 0.5, 0.0, 0] 1
angular/angular.js 2260 2216 [0.3030208260207116, 0.0, 0.8786832251286953, 0.8515087671031816, 0.5714285714285714, 0.9296097934200459, 0] 1
angular/angular.js 10592 7762 [0.30984042036161685, 0.09403808258000707, 0.2304008020836642, 0.22630725212369282, 0.6666666666666666, 0.7805105853051059, 0] 1
angular/angular.js 2488 2396 [0.2498121122583065, 0.5555218916406442, 1.0, 1.0, 0.5, 1.0, 0] 1
angular/angular.js 4612 4479 [0.08991596286793975, 0.1874416242435813, 0.0, 0.0, 0.0, 0.0, 1] 1
angular/angular.js 5174 5110 [0.6086757558187479, 0.04943394478173634, 0.9274260335029675, 1.0, 1.0, 1.0, 0] 1
angular/angular.js 12524 12477 [0.4473901838630336, 0.0, 0.6376274143852464, 0.9604375715153304, 0.45454545454545453, 0.8939226519337017, 0] 1
angular/angular.js 4369 4351 [0.32294679852535185, 0.0, 0.0, 0.0, 1.0, 1.0, 0] 1
angular/angular.js 15542 15538 [0.07096760981584851, 0.1685862562075045, 0.9333333333333333, 0.9999999999999998, 0.5, 1.0, 1] 1
angular/angular.js 2265 2252 [0.7434421033780115, 0.0, 0.0, 0.0, 0, 0.0, 0] 1
angular/angular.js 6716 6692 [0.7039653264829557, 0.0, 0.0, 0.0, 1.0, 0.0, 0] 1
angular/angular.js 14967 6412 [0.28850776271353806, 0.41347446040617786, 0.7160110347891969, 0.0, 0.6666666666666666, 0.0, 0] 1
angular/angular.js 10619 10618 [0.506479180893757, -0.003230404624251635, 0.6494370409574425, 1.0, 1.0, 1.0, 0] 1
angular/angular.js 12072 4282 [0.6330918980701118, 0.10506835254909105, 0.4503698510528625, 0.5309800399590393, 0.2, 0.0, -1] 1
angular/angular.js 4171 4083 [0.5026110714047092, 0.16788502713016012, 0.8113007797505685, 0.8822988033830592, 0.5, 0.5641025641025641, 1] 1
angular/angular.js 15919 15917 [0.773996978842203, 0.5062530590562676, 0.0, 0.0, 1.0, 0.0, 0] 1
angular/angular.js 8716 8628 [0.35284011762655204, 0.292924932618335, 0.819993653102421, 0.567248130125842, 0.3333333333333333, 0.4065244667503137, 1] 1
angular/angular.js 3393 1745 [0.5168029160916147, 0.40451423997068686, 0.38363987828105, 0.8834152974137521, 0.3333333333333333, 0.5380434782608695, 0] 1
angular/angular.js 7079 6474 [0.16022910419152753, 0.24023276010664266, 0.9192547197409877, 0.0, 1.0, 1.0, 1] 1
angular/angular.js 4086 3135 [0.3083270903090958, 0.09066059237346595, 0.5781515884776753, 0.6030226891555273, 0.3333333333333333, 0.0, 0] 1
angular/angular.js 8626 8606 [0.7044519361548883, 0.6013360257214203, 0.2773500981126146, 0.31108550841912763, 1.0, 1.0, 0] 1
angular/angular.js 7906 7903 [0.39681517830854846, 0.764233738408075, 0.7282160417080382, 0.8858461905139423, 0.5, 0.92, 1] 1
angular/angular.js 5108 5101 [0.32557949319878743, 0.6932371681246928, 0.7841441624732993, 0.8735706972682652, 0.5, 0.0, 1] 1
angular/angular.js 9827 5746 [0.520639988938874, 0.5161850320178633, 0.9460998335825321, 0.9460998335825321, 0.5, 0.0, 0] 1
angular/angular.js 8492 8233 [0.4851601491452937, 0.033204670285906734, 0.0, 0.0, 1.0, 0.0, 0] 1
angular/angular.js 7479 7262 [0.6269918330704849, 0.11923167212478115, 0.9128709291752769, 0.8006407690254358, 0.5, 1.0, 0] 1
angular/angular.js 8206 8133 [0.5317580798965866, 0.48321908752335013, 0.0, 0.0, 0.0, 0.0, 0] 1
angular/angular.js 9356 8837 [0.7327366074604378, 0.0, 0.9855947447224638, 0.9950762755759754, 0.18181818181818182, 0.9457364341085271, 0] 1
angular/angular.js 4530 4410 [0.5306024066288998, 0.34242661280219266, 0.0, 0.0, 1.0, 1.0, 0] 1
angular/angular.js 1851 1701 [0.5088425537931256, 0.3587890217285201, 0.7707538990126593, 0.13779373935213635, 1.0, 0.5333333333333333, 0] 1
angular/angular.js 13497 13495 [0.5423993421707821, 0.3953477251694353, 0.7954116786684059, 1.0000000000000002, 1.0, 1.0, -1] 1
angular/angular.js 4940 4529 [0.6489125685640853, 0.40232090930179226, 0.369961495807183, 0.0, 0.5, 1.0, 1] 1
angular/angular.js 5084 4872 [0.5625664709092991, 0.02637027662569788, 0.9758690521098933, 1.0, 1.0, 0.6261261261261262, 1] 1
angular/angular.js 11803 11722 [0.8663145083268772, 0.4131283194171313, 0.7543314538336034, 0.8303615823265683, 0.6, 0.3271604938271605, 1] 1
angular/angular.js 6986 6983 [0.607691221122866, 0.638914588265778, 0.8583124998696603, 0.0, 0.3333333333333333, 1.0, 1] 1
angular/angular.js 6215 6098 [0.7693508695613325, 0.5329710283092699, 0.34152248558800785, 0.0, 0.6666666666666666, 0.5735294117647058, 0] 1
angular/angular.js 4544 4410 [0.7413702564070476, 0.34242661280219266, 0.0, 0.0, 1.0, 1.0, 0] 1
angular/angular.js 4916 4860 [-0.0016551878389482694, 0.0, 0.0, 0.0, 1.0, 1.0, 0] 1
angular/angular.js 4968 4963 [0.29080869216073124, 0.0, 0.0, 0.0, 1.0, 0.0, 0] 1
angular/angular.js 6876 6065 [0.9071270858731213, 0.143774690667414, 0.9001075781810279, 0.3563483225498992, 1.0, 0.0, -1] 1
angular/angular.js 2399 2357 [0.5805199839277507, 0.16979166234225038, 0.0, 0.0, 0.1, 1.0, 0] 1
angular/angular.js 4658 4615 [0.5804899378372743, 0.0, 0.0, 0.0, 1.0, 1.0, 0] 1
angular/angular.js 6807 6801 [0.8678525116565675, 0.5945086238920257, 0.9260954775596564, 1.0, 1.0, 1.0, 1] 1
angular/angular.js 4630 4512 [0.0017536312092027578, 0.609452155140396, 1.0, 1.0, 1.0, 1.0, 0] 1
angular/angular.js 11973 11097 [0.8112572844158923, 0.2327679669432587, 0.9229937183587943, 0.8548219737622574, 0.5, 0.0, 0] 1
angular/angular.js 13942 13941 [0.6682496963442696, 0.9430480090973296, 1.0, 1.0000000000000002, 0.5, 1.0, 1] 1
angular/angular.js 3198 2773 [0.7514353618441973, 0.2946890473062946, 0.6048967609268837, 0.8378388872348475, 0.5, 1.0, 0] 1
angular/angular.js 11028 9964 [0.8160620512258784, 0.7275673226677983, 1.0, 0.9999999999999998, 0.5, 0.6666666666666666, 0] 1
angular/angular.js 8034 8032 [0.6506833324134733, 0.03253468560033934, 0.4473798768202604, 0.9929534454243433, 1.0, 1.0, 0] 1
angular/angular.js 4924 4854 [-0.0005175391181628913, 0.0, 0.0, 0.0, 1.0, 1.0, 0] 1
angular/angular.js 4300 3898 [0.34576974985000375, 0.4118330728726197, 0.6285393610547089, 1.0000000000000002, 1.0, 0.56, 0] 1
angular/angular.js 1514 1045 [0.22285696996117121, 0.29665688678067736, 0.4755003419594978, 0.6185895741317419, 1.0, 0.0, 0] 1
angular/angular.js 11790 11443 [0.41413869480823967, 0.025982859492436547, 0.3387248126145157, 0.38923949753023457, 0.4, 0.0, 0] 1
angular/angular.js 4833 4337 [0.3294666330185937, 0.4912390421732921, 0.02538446478700735, 0.12229989761755715, 0.25, 0.0, 0] 1
angular/angular.js 8108 7902 [0.5908660131131958, 0.05651375072891816, 0.5091463332697619, 0.9489303890198987, 1.0, 1.0, 0] 1
angular/angular.js 2357 2199 [0.5005288668476618, 0.4684295238101251, 0.0, 0.0, 1.0, 1.0, 0] 1
angular/angular.js 4308 3848 [0.512364993970288, 0.40751872045629006, 0.125813871938556, 0.0, 1.0, 0.7020408163265306, -1] 1
angular/angular.js 3958 3898 [0.3741999893343458, 0.5632316994773003, 0.6285393610547089, 1.0000000000000002, 1.0, 0.56, 0] 1
angular/angular.js 8205 7968 [0.876012855709719, 0.3347010119548069, 0.732566330932164, 0.8229511997978236, 0.5, 0.0, 0] 1
angular/angular.js 4642 4615 [0.6504364191162151, 0.0, 0.0, 0.0, 1.0, 1.0, 0] 1
angular/angular.js 10335 10330 [0.21690100874915055, 0.13963490604637593, 0.0, 0.0, 1.0, 0.4423076923076923, 0] 1
angular/angular.js 4665 4615 [0.6292122292597352, 0.0, 0.0, 0.0, 1.0, 1.0, 0] 1
angular/angular.js 5019 4067 [0.6669609768308874, 0.10686471849604112, 0.0, 0.0, 0.0, 0.0, 0] 1
angular/angular.js 4292 3898 [0.6762266234348592, 0.0, 0.6285393610547089, 1.0000000000000002, 1.0, 0.56, 0] 1
angular/angular.js 7846 5063 [0.738046028100343, 0.45912124708385915, 0.723719057449129, 0.8773464777984028, 1.0, 0.25, 0] 1
angular/angular.js 10711 10327 [0.6264465646259035, 0.02956626145197331, 1.0000000000000002, 1.0, 0.5, 1.0, 0] 1
angular/angular.js 12110 9791 [-0.018143800584829357, 0.0, 0.3575976876249205, 0.41025641025641024, 1.0, 0.42424242424242425, 0] 1
angular/angular.js 3785 3761 [0.214730480035371, 0.0, 0.0, 0.0, 1.0, 1.0, 0] 1
angular/angular.js 3010 2522 [0.09727524591743297, 0.2063738358503526, 0.6399112114775066, 0.9628686241958532, 0.5, 0.5241935483870968, 0] 1
angular/angular.js 6885 6046 [0.5104882611419448, 0.0, 0.0, 0.0, 1.0, 1.0, 0] 1
angular/angular.js 10585 5072 [0.7821133762311735, 0.8346396072900523, 0.8747667885193222, 0.8108893879997352, 1.0, 0.7652173913043478, 0] 1
angular/angular.js 10485 10476 [0.9468352087136923, 0.0, 1.0000000000000002, 0.9999999999999998, 1.0, 1.0, 0] 1
angular/angular.js 9763 9321 [0.33884370273721043, 0.2777544624775018, 0.0, 0.24293289905367482, 0.25, 0.0, 0] 1
angular/angular.js 4532 4410 [0.5131151487855263, 0.0, 0.0, 0.0, 1.0, 1.0, 0] 1
angular/angular.js 1616 1544 [-0.021127079944655437, 0.0, 0.08362420100070908, 0.08333333333333333, 0.05263157894736842, 0.7931034482758621, 0] 1
angular/angular.js 3452 2981 [0.6546023732028239, 0.2329107118171776, 0.7108111393039095, 1.0, 1.0, 0.08620689655172414, 0] 1
angular/angular.js 4356 3898 [0.7399652772863299, 0.36375120061141497, 0.6285393610547089, 1.0000000000000002, 1.0, 1.0, 0] 1
angular/angular.js 11593 11579 [0.688912418319632, 0.03221471277996507, 0.67700320038633, 1.0, 1.0, 1.0, 0] 1
angular/angular.js 13014 9791 [0.5070942336981344, -0.009893862630402562, 0.3575976876249205, 0.41025641025641024, 1.0, 0.42424242424242425, 0] 1
angular/angular.js 10477 10443 [0.6676123714960684, 0.1304749917644122, 0.5163977794943222, 0.420084025208403, 0.5, 1.0, 0] 1
angular/angular.js 14488 14085 [0.4035517609103902, 0.28019448634405136, 0.9999999999999998, 0.0, 0.5, 1.0, 1] 1
angular/angular.js 7947 7868 [0.3182706094646317, 0.0, 0.6716347300332833, 0.9752991438314811, 0.07142857142857142, 1.0, 0] 1
angular/angular.js 4193 3927 [0.16220055494122212, 0.018357286714809323, 0.6016644294275086, 0.7175818551474406, 1.0, 0.0440251572327044, -1] 1
angular/angular.js 15535 15524 [0.7222931930960816, 0.08568218983649847, 0.0, 0.0, 0, 0.0, 0] 1
angular/angular.js 15110 15106 [0.24537426209051336, 0.7648664897433646, 0.7440256385604763, 0.7181433043748021, 0.6666666666666666, 0.9620253164556962, 0] 1
angular/angular.js 11938 11937 [0.6112679389377504, 0.800329698159307, 1.0, 0.9999999999999998, 1.0, 1.0, 0] 1
angular/angular.js 7999 5903 [0.6352563499005348, 0.4780470142256789, 0.7072037105711919, 0.24019223070763074, 0.25, 0.8947368421052632, 0] 1
angular/angular.js 7582 5674 [0.7198617584819302, 0.5735491852476817, 0.7336353748683302, 0.8689660757568886, 0.5, 0.3114754098360656, 0] 1
angular/angular.js 4646 4512 [0.6490439286803056, 0.3899856446737739, 1.0, 1.0, 1.0, 1.0, 0] 1
angular/angular.js 11017 9854 [0.9313933902879004, 0.4902964310206282, 0.0, 0.0, 0.0, 0.0, 1] 1
angular/angular.js 8516 8512 [0.7359279082842253, 0.2799557190674736, 0.5626221100633076, 1.0000000000000002, 1.0, 0.8409090909090909, 1] 1
angular/angular.js 11359 10985 [0.7985958419435799, 0.47212727911952374, 0.7061910370753488, 0.8518522678439896, 1.0, 0.7741935483870968, 0] 1
angular/angular.js 2273 1084 [0.9809518760551905, 0.6797582049984072, 0.989400840593057, 1.0, 1.0, 1.0, 0] 1
mozilla-b2g/gaia 1171 1170 [0.29838868847627054, 0.5965729556929077, 0.0, 0.0, 1.0, 0.4375, 0] 1
mozilla-b2g/gaia 6795 6603 [0.4773112516684636, -0.011612461606900357, 0.0, 1.0000000000000002, 1.0, 1.0, 1] 1
mozilla-b2g/gaia 13332 13292 [-0.002102560471737187, 0.0, 0.0, 0.0, 0.04, 1.0, 0] 1
mozilla-b2g/gaia 9488 9457 [0.08198665170296607, 0.1849116982502846, 0.6055300708194984, 0.44474958999666075, 0.5, 1.0, 0] 1
mozilla-b2g/gaia 9428 9349 [0.8538021436025477, 0.16270180191645736, 0.9999999999999998, 0.0, 1.0, 1.0, 1] 1
mozilla-b2g/gaia 22947 22749 [0.6233299649173341, 0.0, 0.3768445758127967, 0.0, 0.07142857142857142, 1.0, 1] 1
mozilla-b2g/gaia 18033 18000 [0.5192439604026897, 0.712302788440204, 0.9999999999999999, 0.9999999999999998, 1.0, 1.0, 1] 1
mozilla-b2g/gaia 2459 2420 [0.016904548749696515, 0.02015111575740007, 0.0, 0.0, 0.0, 0.0, 0] 1
mozilla-b2g/gaia 5772 5638 [0.008518399684719439, 0.0, 0.0, 0.0, 0.2857142857142857, 0.0038098140810728437, 0] 1
mozilla-b2g/gaia 12565 12520 [0.21722763036282766, 0.25668929673462604, 0.8147326288610683, 0.8217642536909787, 1.0, 1.0, 0] 1
mozilla-b2g/gaia 10547 8726 [0.281901976525818, 0.0, 0.8660254037844387, 1.0, 1.0, 1.0, 1] 1
mozilla-b2g/gaia 8383 8363 [0.26605333926211455, 0.0, 0.40484048471380313, 0.1297214146448903, 0.3333333333333333, 0.0, 1] 1
mozilla-b2g/gaia 9768 9467 [-0.004439805784582754, 0.0, 0.12700012700019048, 0.0, 0.16666666666666666, 0.4186046511627907, 0] 1
mozilla-b2g/gaia 17425 17408 [0.005074481380150039, 0.0, 0.0, 0.0, 0.5, 1.0, 0] 1
mozilla-b2g/gaia 21450 21295 [0.03532328974054558, 0.0, 0.980983571281032, 0.7559289460184545, 0.6666666666666666, 1.0, 0] 1
mozilla-b2g/gaia 1010 1004 [-0.004810396300977387, 0.0, 0.0, 0.0, 0.02564102564102564, 1.0, 0] 1
mozilla-b2g/gaia 21295 20806 [0.30172957556531127, 0.0, 0.8952681424376356, 0.0, 0.5, 1.0, 0] 1
mozilla-b2g/gaia 6471 6466 [-0.010177146810523967, 0.006393047727275239, 0.9467292624062573, 1.0000000000000002, 0.5, 1.0, 0] 1
mozilla-b2g/gaia 10228 10180 [0.37183241758291913, 0.25856996541761423, 0.56495274899673, 0.0, 0.5, 0.37037037037037035, 1] 1
mozilla-b2g/gaia 15218 15022 [0.19373055027182043, 0.0, 0.0, 0.0, 1.0, 1.0, 0] 1
mozilla-b2g/gaia 11048 11032 [0.09201844471715612, -0.0017950757390028512, 0.7586349391303724, 0.19551547175144376, 1.0, 0.38235294117647056, 0] 1
mozilla-b2g/gaia 3627 3600 [0.5347269193188138, 0.17713305667528098, 0.7468302276561628, 0.7483314773547882, 0.3333333333333333, 0.6521739130434783, 0] 1
mozilla-b2g/gaia 16480 16475 [0.28830639261979757, 0.0, 0.0, 1.0000000000000002, 1.0, 1.0, 1] 1
mozilla-b2g/gaia 14246 14107 [0.003333599960364922, 0.9873780732417402, 1.0000000000000002, 1.0000000000000002, 1.0, 1.0, 0] 1
mozilla-b2g/gaia 28433 28349 [0.1522042645291195, 0.0026693398062013454, 0.0, 0.9058216273156767, 0.3333333333333333, 1.0, 1] 1
mozilla-b2g/gaia 7010 6996 [0.002292034573374898, 0.03438754067299766, 0.15426835145689444, 0.1521228545353965, 0.375, 0.22297297297297297, 0] 1
mozilla-b2g/gaia 21899 21887 [0.8043201307308973, 0.0, 0.9939576486092933, 0.9999999999999999, 1.0, 1.0, 1] 1
mozilla-b2g/gaia 27959 27781 [0.64392002880481, 0.0, 0.49477322923067907, 0.9698289630839366, 0.16666666666666666, 0.20259128386336867, 1] 1
mozilla-b2g/gaia 12134 11062 [0.2955906137082787, 0.32107432368622507, 0.8720079300201822, 0.7025292675286493, 1.0, 1.0, 1] 1
mozilla-b2g/gaia 17136 16651 [0.324941960136367, 0.0, 0.6559649070353702, 0.5365433699886598, 0.4, 0.46218487394957986, 1] 1
mozilla-b2g/gaia 13480 12010 [0.48438612541553056, 0.0, 0.47122876230581495, 0.8974216534167264, 0.2857142857142857, 0.7567567567567568, 1] 1
mozilla-b2g/gaia 10373 10253 [0.03651721697653072, 0.1077773516531489, 0.0, 0.0, 0, 0.0, 0] 1
mozilla-b2g/gaia 27829 27430 [0.6940528728640288, 0.0, 0.9015871169283654, 0.9539611318099832, 1.0, 0.8, 0] 1
mozilla-b2g/gaia 13342 12014 [0.7645049043633932, -0.004972111868278211, 0.537935723107907, 0.0, 0.2727272727272727, 0.5926773455377574, 1] 1
mozilla-b2g/gaia 23790 23101 [0.43393384547882247, 0.0, 0.0, 0.0, 0.3333333333333333, 1.0, 1] 1
mozilla-b2g/gaia 24321 24292 [0.7176218096164889, 0.0, 0.600385918471426, 0.0, 0.5, 0.8275862068965517, 1] 1
mozilla-b2g/gaia 10980 10738 [0.9030707927543703, 0.3091789797132246, 0.9475767034753992, 0.961709670596285, 0.8235294117647058, 0.9189046866771985, 1] 1
mozilla-b2g/gaia 7669 7587 [1.0, 0.22422581371912106, 0.39487914489878184, 0.0, 1.0, 0.7758620689655172, 1] 1
kubernetes/kubernetes 661 657 [-0.012019996400685495, 0.5679170855821685, 0.5850305614817864, 0.7385489458759965, 0.5, 0.8620689655172413, 0] 1
kubernetes/kubernetes 2716 2694 [0.5066067385173987, 0.4482873835227273, 0.7396002616336389, 1.0000000000000002, 1.0, 1.0, 0] 1
kubernetes/kubernetes 17024 14548 [0.533948729947334, 0.3624433090289128, 0.0, 0.0, 0.0, 0.0, 1] 1
kubernetes/kubernetes 45263 43027 [0.7410452347000386, 0.7376841133544769, 0.12144536431532656, 0.33049726436828003, 0.1111111111111111, 0.9774436090225563, -1] 1
kubernetes/kubernetes 41036 41006 [0.5971362288914047, 0.1521561811930152, 0.5463583647081529, 0.5445811486371709, 1.0, 0.4117647058823529, 0] 1
kubernetes/kubernetes 56 52 [-0.0002729721459874295, 0.0, 0.9999999999999998, 1.0000000000000002, 1.0, 1.0, 0] 1
kubernetes/kubernetes 35745 32790 [0.47051128180650725, 0.599051147959145, 0.9358786874253315, 0.0, 0.5, 1.0, 0] 1
kubernetes/kubernetes 8639 7439 [0.05518961840132793, 0.12244313245230483, 0.0, 0.0, 0.0, 0.0, 1] 1
kubernetes/kubernetes 61 52 [0.0018130009843430799, 0.0, 0.9999999999999998, 1.0000000000000002, 1.0, 1.0, 0] 1
kubernetes/kubernetes 19759 15998 [0.5127378675407974, 0.12804667648281656, 0.0, 0.0, 0.16666666666666666, 0.7058823529411765, 0] 1
kubernetes/kubernetes 30993 28284 [0.7185013798355471, 0.6405702253339416, 0.0, 0.0, 0.26666666666666666, 1.0, 0] 1
kubernetes/kubernetes 10895 10784 [0.6640870064341738, 0.022642303451499136, 0.6916684234263721, 0.7778110054944555, 0.125, 1.0, 1] 1
kubernetes/kubernetes 10232 9264 [0.7555459383332397, 0.0, 0.6291883755036326, 1.0000000000000002, 0.1, 1.0, 0] 1
kubernetes/kubernetes 31372 31361 [0.019421909428946102, 0.982646229917195, 1.0000000000000002, 1.0, 0.5, 1.0, -1] 1
kubernetes/kubernetes 21531 21357 [0.6468318309909821, 0.5267664660548277, 0.33333333333333337, 0.0, 1.0, 1.0, 0] 1
kubernetes/kubernetes 33276 32120 [0.026331467261952804, 0.9471684814231404, 0.4653856108833604, 0.0, 1.0, 0.0, 0] 1
kubernetes/kubernetes 54 52 [-0.0006360994297699749, 0.0, 0.9999999999999998, 1.0000000000000002, 1.0, 1.0, 0] 1
kubernetes/kubernetes 30772 30771 [0.03031533406109362, 0.9570381457073368, 0.4629100498862757, 0.1328422328310143, 0.5, 0.4888888888888889, -1] 1
kubernetes/kubernetes 28037 28026 [-0.008402656971360908, 0.0, 0.8854377448471461, 1.0, 1.0, 0.6666666666666666, 0] 1
kubernetes/kubernetes 3916 3915 [0.5563025531868183, -0.02747808635743853, 0.48653363279984113, 0.48653363279984113, 0.5, 0.3888888888888889, 0] 1
kubernetes/kubernetes 44344 43215 [-0.0011761466505848836, 0.00023287701789892641, 0.0, 0.32888488956786344, 0.038461538461538464, 0.0, 0] 1
kubernetes/kubernetes 40322 39503 [0.012551527149829617, 0.323097587838246, 0.7590721152765897, 1.0000000000000002, 0.5, 1.0, 0] 1
kubernetes/kubernetes 45455 40210 [0.003353655413258182, 0.18267527160570118, 0.8565861529340608, 0.7664191894673176, 1.0, 0.6666666666666666, 0] 1
kubernetes/kubernetes 36168 36163 [0.008848677751281054, 0.9713169833893319, 0.46126560401444255, 0.0, 0.05555555555555555, 0.0, 0] 1
kubernetes/kubernetes 46923 46913 [-0.004932673805251192, 0.9829398171544308, 0.0, 0.0, 0.16666666666666666, 0.0, -1] 1
kubernetes/kubernetes 1211 1210 [0.019679819742345554, 0.0547554955956922, 0.8052646126677226, 0.965506804652618, 1.0, 1.0, 0] 1
kubernetes/kubernetes 13322 13144 [0.08868858610857026, 0.34537252365636806, 0.5894445331460877, 0.6091527532754227, 0.08695652173913043, 0.8430379746835444, 0] 1
kubernetes/kubernetes 21786 21601 [0.05636746004315913, 0.2859816767662257, 0.0, 1.0000000000000002, 0.993805918788713, 0.9925925925925926, 0] 1
kubernetes/kubernetes 4065 4056 [0.9941140166648128, 0.0, 0.0, 0.0, 0, 0.0, 0] 1
kubernetes/kubernetes 47455 47074 [0.01267091313914265, 0.25491068413973156, 0.0, 0.0, 1.0, 1.0, 0] 1
kubernetes/kubernetes 24783 24549 [-0.0025120947590622517, 0.5231962720371494, 0.8746086204948044, 0.7901744265512675, 1.0, 0.4838709677419355, 0] 1
kubernetes/kubernetes 7503 7456 [0.2856541445912577, 0.40675638500084854, 0.0, 1.0, 0.5, 0.375, -1] 1
kubernetes/kubernetes 47322 46193 [-0.0020435888217773188, 0.04180861375439521, 0.0, 0.0, 0.09090909090909091, 0.5185185185185185, 0] 1
kubernetes/kubernetes 28996 28978 [0.11567770999639368, 0.328321982671048, 0.9552783789612519, 0.2821382463434393, 1.0, 1.0, 0] 1
kubernetes/kubernetes 42529 42138 [0.03606978913938531, 0.37061008475367974, 0.0, 0.0, 0.0, 0.0, 0] 1
kubernetes/kubernetes 37269 275 [-0.002576280915999418, 0.0, 0.0, 0.0, 0.0, 0.0, 0] 1
kubernetes/kubernetes 45273 44727 [0.004807744820049949, 0.10643570736002002, 0.7687760066907375, 0.4338609156373123, 1.0, 0.0, 0] 1
kubernetes/kubernetes 34502 32109 [-0.01573412899235316, 0.3539502908239181, 0.7984147572917515, 1.0000000000000002, 0.01282051282051282, 1.0, 0] 1
kubernetes/kubernetes 20810 19559 [0.18838862320346492, 0.15518076701211014, 0.0, 0.1959179378817529, 0.2, 0.0, -1] 1
kubernetes/kubernetes 41210 41106 [0.0015657437195112996, 0.12001717915998807, 0.35890245974325125, 0.8749999999999998, 0.2222222222222222, 0.825, 0] 1
kubernetes/kubernetes 26066 26059 [0.40606916148996214, 0.03553704826256128, 0.0, 0.0, 0.0, 0.0, -1] 1
kubernetes/kubernetes 5741 5735 [0.1240341271522848, 0.0, 0.4866642633922875, 0.12097167578182677, 0.5, 0.0, 0] 1
kubernetes/kubernetes 38751 38370 [0.0046524698891572, 0.18199605195101426, 1.0, 1.0, 1.0, 1.0, 0] 1
kubernetes/kubernetes 10883 10819 [0.0009369268401172343, 0.007726538618702186, 0.9735344014308025, 0.6951259104400935, 0.5, 0.3493975903614458, 0] 1
kubernetes/kubernetes 38296 38285 [0.12327057379962475, 0.12582945141125632, 0.10750164544594143, 0.2965830580162489, 0.1111111111111111, 0.0, 0] 1
kubernetes/kubernetes 25591 24509 [-0.007306736662996114, 0.06054012061107512, 0.695379487459148, 0.5843065474681431, 0.045454545454545456, 1.0, 0] 1
kubernetes/kubernetes 9966 9854 [-0.0008000699134071278, 0.18065699234101185, 0.5680662913549052, 0.0, 1.0, 0.44660194174757284, 0] 1
kubernetes/kubernetes 44496 39342 [0.44323632164038895, 0.590940460376139, 0.0, 0.0, 0.0, 0.0, 1] 1
kubernetes/kubernetes 18449 13838 [0.006532220579560549, 0.0566277887344392, 0.0, 0.0, 0.0, 0.0, -1] 1
kubernetes/kubernetes 46927 46784 [-0.001592807501092873, 0.19422545556093057, 0.0, 0.0, 0.0, 0.0, -1] 1
kubernetes/kubernetes 12111 11679 [0.045449418561317845, 0.025807312210374453, 0.0, 0.0, 0.0, 0.0, 0] 1
kubernetes/kubernetes 42883 42630 [0.0068621715859223335, 0.022556621961552822, 0.33407655239053047, 0.2519763153394848, 0.2, 0.4, 0] 1
kubernetes/kubernetes 451 356 [0.0007866256319937066, 0.28839871568384257, 0.0, 0.0, 0.0, 0.0, 0] 1
kubernetes/kubernetes 5775 5714 [0.0004375457197207525, 0.1645851852792529, 0.4206239827207514, 0.3195738643185439, 0.1111111111111111, 0.32065217391304346, -1] 1
kubernetes/kubernetes 38789 33757 [0.002519481882631996, 0.10209817269964136, 0.3961768743625064, 0.0, 0.047619047619047616, 0.3191489361702128, 0] 1
kubernetes/kubernetes 11113 11085 [-0.004144647106202965, 0.024686544130110025, 0.1940301771278814, 0.1823312393723682, 0.00423728813559322, 0.5416666666666666, 0] 1
kubernetes/kubernetes 29226 29204 [0.052141199348620416, -0.00938800302298667, 0.4140909500600968, 0.23904572186687872, 0.75, 0.4692737430167598, -1] 1
kubernetes/kubernetes 33683 33675 [0.9062072481555973, 0.8608164299061636, 0.0, 1.0, 0.9714285714285714, 1.0, 0] 1
kubernetes/kubernetes 40550 39903 [-0.004624029048294735, 0.07742861881592324, 0.09622504486493763, 0.0, 0.07692307692307693, 0.0, -1] 1
kubernetes/kubernetes 11450 11364 [-0.001646840854153581, 0.14981955922821566, 0.0, 0.0, 0.05, 0.0, 0] 1
kubernetes/kubernetes 40901 40193 [-0.009811981339339464, 0.10146170240585578, 0.14824986333222023, 0.09430419201928972, 1.0, 0.0, -1] 1
kubernetes/kubernetes 36673 36425 [0.004685559161103842, 0.3770775485126033, 0.24236429461555167, 0.5831112756778221, 0.005257623554153523, 0.5574018126888217, -1] 1
kubernetes/kubernetes 39883 38317 [0.1630018575267249, 0.2759551715649644, 0.8347606823667469, 0.5369803470464074, 0.23529411764705882, 0.6114649681528662, 0] 1
kubernetes/kubernetes 11322 11317 [-0.017723089530572382, 0.0, 0.12806658157540482, 0.1920269814204835, 0.2, 0.0, 0] 1
kubernetes/kubernetes 15401 15224 [0.017284894848006008, 0.02803144890670439, 0.27514959573826087, 0.050443327230531826, 0.03333333333333333, 0.6101694915254238, 0] 1
kubernetes/kubernetes 46953 46909 [0.05250872236636843, 0.31445768238045596, 0.5821304285928787, 0.0, 0.5, 0.358974358974359, 1] 1
kubernetes/kubernetes 41480 41478 [0.0022787973679008356, 0.0, 0.0, 0.0, 0.0, 0.0, 0] 1
kubernetes/kubernetes 33964 30787 [0.3260158104361923, 0.27267982893564224, 0.3130404905450319, 0.16526540273097765, 0.038461538461538464, 0.551594746716698, -1] 1
kubernetes/kubernetes 42113 42049 [0.05787433196335142, 0.11363439113594875, 0.0, 0.0, 0.08333333333333333, 0.9692307692307692, 0] 1
kubernetes/kubernetes 15339 15004 [0.28717407128401773, -0.019031062629375144, 0.0, 0.0, 0.0, 0.0, 0] 1
kubernetes/kubernetes 30147 30137 [0.11078190289553083, 0.18896975919532705, 0.9369167241786974, 1.0, 0.5, 1.0, 1] 1
kubernetes/kubernetes 14472 14448 [-0.004904609670403947, -0.006612250477423753, 0.4718326812069878, 0.0, 1.0, 0.0, 0] 1
kubernetes/kubernetes 7142 6847 [0.22869881541757545, 0.01318240081797539, 0.9538306504788518, 0.7879082073989616, 1.0, 0.5526315789473685, 0] 1
kubernetes/kubernetes 6949 6938 [0.0006171616450660571, 0.04553724596114527, 0.0, 0.0, 0.0, 0.0, -1] 1
kubernetes/kubernetes 32311 32268 [0.5727141438966088, 0.785805091862857, 1.0, 1.0, 1.0, 1.0, 1] 1
kubernetes/kubernetes 7021 6886 [0.11143371810535684, 0.5385345286571482, 0.49706742338621707, 0.8504200642707613, 0.5, 0.46875, 0] 1
kubernetes/kubernetes 25888 24861 [0.3166500799779034, 0.11354565803545445, 0.6452638669012548, 0.5063818621711275, 0.2727272727272727, 0.0, -1] 1
kubernetes/kubernetes 45804 45768 [0.07086885343048131, 0.046088933888138686, 0.0, 0.0, 0.0, 0.0, 0] 1
kubernetes/kubernetes 18073 17769 [0.1709638524199706, 0.0, 0.031945784174211254, 0.0, 1.0, 0.0, 0] 1
kubernetes/kubernetes 37347 37332 [0.2054415355379373, 0.5543155806779008, 0.9681686578154076, 0.9999999999999998, 1.0, 1.0, 1] 1
kubernetes/kubernetes 25996 25634 [0.18701346955338513, 0.1646696237350568, 0.9127351284459659, 0.9850077983915413, 0.03260869565217391, 0.9608938547486033, -1] 1
kubernetes/kubernetes 6614 6239 [0.4197209976269119, 0.17368651101128918, 0.14509525002200233, 0.0, 0.16666666666666666, 0.5238095238095238, 0] 1
kubernetes/kubernetes 25688 25326 [0.24675328778955252, 0.16583466571735753, 0.6605130966529421, 0.7212245041957525, 0.375, 0.6124197002141327, 0] 1
kubernetes/kubernetes 22501 21535 [0.1465137718959996, -0.0018693737379117897, 0.781908649162316, 0.9158070417839814, 0.2727272727272727, 0.6, -1] 1
kubernetes/kubernetes 44288 40234 [0.012845927557452152, 0.6066087462088252, 0.28249700929494165, 0.0, 0.09090909090909091, 0.2777777777777778, -1] 1
kubernetes/kubernetes 45065 45034 [0.24999961972865573, 0.026475775024242233, 0.5855765813738092, 0.5954175906949232, 0.42857142857142855, 0.5977011494252874, 0] 1
kubernetes/kubernetes 24881 24201 [0.2784909652919349, 0.44496517550649084, 0.322192417289898, 0.0, 0.75, 0.3939393939393939, 0] 1
kubernetes/kubernetes 44313 44312 [0.2519856289397142, 0.17961771454151776, 0.0, 0.0, 0.0, 0.0, 1] 1
kubernetes/kubernetes 13758 13738 [0.12620690313928437, 0.24315578565135748, 0.6988565578146123, 0.7087886116482891, 1.0, 0.8627450980392157, 1] 1
kubernetes/kubernetes 7679 7615 [0.16849342643640242, 0.0, 0.3575235781860451, 0.5574300884707338, 0.06153846153846154, 0.2261682242990654, 0] 1
kubernetes/kubernetes 29150 25524 [0.2532418175109171, 0.11957443657481681, 0.0, 0.08204911672670967, 0.1111111111111111, 0.0, 0] 1
kubernetes/kubernetes 33101 33099 [0.2797996306503215, 0.9140136372531529, 0.0, 0.0, 0.0, 0.0, 1] 1
kubernetes/kubernetes 13628 13616 [0.25835979164765605, 0.05181614614291225, 0.0, 0.0, 0.0, 0.0, 1] 1
kubernetes/kubernetes 35320 33616 [0.3911412943990602, 0.42314558977788347, 0.6880810649179911, 0.5239918105891344, 0.09090909090909091, 0.16216216216216217, -1] 1
kubernetes/kubernetes 30884 30802 [0.1933300082885902, 0.4638271782328633, 0.0, 0.0, 0.0, 0.0, 0] 1
kubernetes/kubernetes 10440 7053 [0.6107823254356399, 0.015583497850965354, 0.7042864465142158, 0.8071181609205965, 0.10975609756097561, 0.421195652173913, 0] 1
kubernetes/kubernetes 23043 22845 [0.2219226529893935, 0.7508022425639727, 0.5449492609130662, 0.5773502691896257, 0.5, 1.0, 0] 1
kubernetes/kubernetes 35609 35556 [0.24036561125548236, 0.6207730271860749, 0.7671412823766146, 0.7807200583588264, 0.0017761989342806395, 1.0, 0] 1
kubernetes/kubernetes 3200 3199 [0.4819766100615567, -0.003166639112014062, 0.935136886496702, 0.8340487024523937, 0.2727272727272727, 0.7741935483870968, 0] 1
kubernetes/kubernetes 40421 40400 [0.3799905267474589, 0.18262160618000273, 0.0, 0.2976702788937936, 0.14285714285714285, 0.72, 1] 1
kubernetes/kubernetes 21130 20665 [0.1972328188292547, 0.39168609013305994, 1.0000000000000002, 1.0000000000000002, 0.13333333333333333, 1.0, 1] 1
kubernetes/kubernetes 44839 44583 [0.2622156059217806, 0.1441918790013473, 0.3158237699834552, 0.7093040932829637, 0.07692307692307693, 0.5909090909090909, 0] 1
kubernetes/kubernetes 10609 10453 [0.3270167846198214, -0.006090164288081453, 0.0, 0.0, 0.5, 1.0, -1] 1
kubernetes/kubernetes 15043 14871 [0.5249384545294109, 0.02965160570436327, 0.8080271616045188, 0.8799895590083991, 0.25, 0.5579710144927537, 0] 1
kubernetes/kubernetes 6976 5012 [0.5012546276774383, 0.3110614581345152, 1.0000000000000002, 0.0, 0.043478260869565216, 1.0, 0] 1
kubernetes/kubernetes 14675 14564 [0.36857870687922867, 0.0, 0.0, 0.0, 0.0, 0.0, 0] 1
kubernetes/kubernetes 46478 46383 [0.3560906906949455, 0.24653005904228498, 0.2633425811912937, 0.6347454495420078, 0.5, 0.54, -1] 1
kubernetes/kubernetes 44838 44583 [0.3082772805712501, 0.20169372928556883, 0.3273268353539886, 1.0000000000000002, 0.07692307692307693, 1.0, 0] 1
kubernetes/kubernetes 44727 44463 [0.3500389451954346, 0.21323687130987004, 0.0, 0.0, 0.0, 0.0, 0] 1
kubernetes/kubernetes 34246 34083 [0.5059667772756578, 0.7318712610435963, 0.3128909767934809, 0.680518843884395, 0.03571428571428571, 0.4857142857142857, 1] 1
kubernetes/kubernetes 25512 22737 [0.6431504074064898, 0.3666171303003095, 0.32612275920211437, 0.29782173980048654, 0.2, 0.5471698113207547, 0] 1
kubernetes/kubernetes 26097 25973 [0.024376920827245657, -0.019199867660118487, 0.707835381875653, 0.7071067811865476, 1.0, 0.6296296296296297, 0] 1
kubernetes/kubernetes 29995 29447 [0.21534397975167094, 0.07832169757931297, 0.9673655128592518, 0.9759384894201869, 1.0, 0.9030226700251889, 0] 1
kubernetes/kubernetes 5466 5022 [0.2891261504294337, 0.05838346476742026, 0.3657357586912479, 0.5723082089126666, 0.3333333333333333, 0.48214285714285715, -1] 1
kubernetes/kubernetes 16283 14493 [0.21682923762175293, 0.46224890306387145, 0.6226301008846084, 0.0, 1.0, 0.5081967213114754, 0] 1
kubernetes/kubernetes 41761 41756 [0.23290849874652506, 0.021449185830774493, 0.0, 0.7169281790988649, 1.0, 0.52, 0] 1
kubernetes/kubernetes 5784 5775 [0.1635526201424256, 0.004252136527150334, 0.7762287849590772, 0.8353977633899453, 0.3, 0.4564459930313589, -1] 1
kubernetes/kubernetes 31287 31282 [0.25813531642107534, 0.7293463270746963, 0.0, 0.3599981632793627, 0.25, 0.0, 0] 1
kubernetes/kubernetes 24556 24537 [0.10039426397248087, 0.7781861087307363, 0.8484934690783194, 0.0, 1.0, 0.5407725321888412, 1] 1
kubernetes/kubernetes 14229 14213 [0.018776088224693056, 0.004144173879000311, 1.0, 0.9999999999999999, 0.5, 1.0, 0] 1
kubernetes/kubernetes 21532 21357 [0.20715671087565532, 0.08734533038056053, 0.0, 0.0, 1.0, 1.0, 0] 1
kubernetes/kubernetes 2412 2397 [0.28856613130772385, 0.0, 0.9945302593766945, 0.9078412990032038, 0.8888888888888888, 0.9820051413881749, 0] 1
kubernetes/kubernetes 4393 4390 [0.40932121722615, 0.23188123238915417, 1.0, 1.0, 1.0, 1.0, 0] 1
kubernetes/kubernetes 8931 8743 [0.4092498471610112, 0.08910037590544784, 0.0, 0.0, 0.0, 0.0, 1] 1
kubernetes/kubernetes 39342 39293 [0.4729437535096481, 0.05026262487335021, 1.0, 0.9999999999999998, 0.001349527665317139, 1.0, -1] 1
kubernetes/kubernetes 10746 10512 [0.389877035037278, 0.36566929050479985, 0.7087943892698743, 1.0, 1.0, 0.0, 0] 1
kubernetes/kubernetes 5763 5233 [0.29906094401028804, 0.14660219768382712, 0.465357771171441, 0.49821236925556844, 0.057692307692307696, 0.3672566371681416, 1] 1
kubernetes/kubernetes 41546 41427 [0.23344022264961675, 0.13233496025126543, 0.9782302508066397, 0.9850512530947098, 0.5632754342431762, 0.8156795930120945, 0] 1
kubernetes/kubernetes 17264 17195 [0.2658215578295714, 0.09264795205845036, 0.7701501427606985, 0.9201972424463022, 0.1111111111111111, 0.7471526195899773, -1] 1
kubernetes/kubernetes 9838 9730 [0.3230346544906467, 0.14645293449344432, 0.0, 0.0, 1.0, 0.6956521739130435, 0] 1
kubernetes/kubernetes 38546 1932 [0.03606863405172603, 0.0, 0.0, 0.0, 0.0, 0.0, 0] 1
kubernetes/kubernetes 28966 25342 [0.50041832579694, 0.3968211998290776, 0.7015637700302679, 0.2514854840545773, 0.5, 0.7338403041825095, 0] 1
kubernetes/kubernetes 32064 32049 [0.598718528348369, 0.7835542094530176, 0.9258200997725514, 0.9999999999999999, 1.0, 1.0, 0] 1
kubernetes/kubernetes 40379 40378 [0.6448006511974426, 0.0, 0.049326362366699, 0.31210972585634816, 1.0, 0.0, 0] 1
kubernetes/kubernetes 36597 36294 [0.4149683260042422, 0.8878712808061516, 0.3590354968082148, 0.27100982949630414, 0.5, 0.25, -1] 1
kubernetes/kubernetes 11475 11474 [0.17257211799200542, 0.012791325052393249, 1.0, 1.0, 1.0, 1.0, 0] 1
kubernetes/kubernetes 36434 32811 [0.7372174292668089, 0.9285392963025412, 0.9858548402754266, 0.9996099169472688, 0.75, 0.5473684210526316, 1] 1
kubernetes/kubernetes 41942 37571 [0.5527470594202262, 0.47403434821852014, 0.0, 0.0, 0.0, 0.0, -1] 1
kubernetes/kubernetes 11219 10234 [0.5252447144168892, 0.2895042846099899, 0.0, 0.0, 0.0, 0.0, 1] 1
kubernetes/kubernetes 35835 35817 [0.6086770173893288, 0.7728485572119291, 0.7637626158259734, 0.9999999999999998, 1.0, 1.0, 0] 1
kubernetes/kubernetes 45920 45918 [0.38602449511171183, 0.15067604932798168, 0.7624289604730159, 0.7397800954071353, 0.29545454545454547, 0.6209386281588448, -1] 1
kubernetes/kubernetes 16495 16152 [0.44100096152454177, 0.26646862659275977, 0.9611223432489844, 0.9647072505576243, 0.6666666666666666, 0.8215297450424929, 1] 1
kubernetes/kubernetes 31741 31682 [0.4705759018239885, 0.45231564616393555, 0.0, 0.9999999999999999, 1.0, 1.0, 0] 1
kubernetes/kubernetes 16227 15791 [0.36993539743673537, 0.14564504524389182, 0.6574522811116864, 0.6041435405830168, 0.3333333333333333, 0.6828193832599119, 0] 1
kubernetes/kubernetes 20141 19706 [0.328807849938075, 0.15312178455974754, 0.0, 1.0, 1.0, 0, 0] 1
kubernetes/kubernetes 35732 34152 [0.44655620779211125, 0.4968579309903978, 0.4702545915336125, 0.2975520041114068, 0.5, 0.0, 0] 1
kubernetes/kubernetes 19932 19807 [0.6767426871426178, 0.0, 0.9068597531826695, 0.0, 0.2037037037037037, 0.960811756473058, 0] 1
kubernetes/kubernetes 8309 8303 [0.39966094553260273, 0.2604567102653998, 0.7983464324112628, 0.9494223977738853, 1.0, 1.0, 0] 1
kubernetes/kubernetes 38591 38452 [0.509334152766677, 0.3588051892268993, 0.166502543863032, 0.018292512897569498, 1.0, 0.28735632183908044, 0] 1
kubernetes/kubernetes 22163 22131 [0.40109104119259775, 0.032727572254626885, 0.0, 0.0, 0.0, 0.0, 0] 1
kubernetes/kubernetes 46695 46346 [0.25424702964260903, 0.9790210042159337, 0.6591179534715805, 0.0, 0.5, 0.0, 0] 1
kubernetes/kubernetes 34811 34144 [0.1614609212090373, 0.6394175220979156, 0.5158946915295404, 0.5339563306794836, 0.1, 0.06931464174454828, 0] 1
kubernetes/kubernetes 14098 14083 [0.4126805044831918, 0.2733578878571529, 1.0, 1.0, 1.0, 1.0, 0] 1
kubernetes/kubernetes 17169 17167 [0.45164992616328425, 0.10950070110950728, 1.0, 0.9999999999999999, 1.0, 1.0, 0] 1
kubernetes/kubernetes 13894 12717 [0.37815452376360165, -0.005881054038958638, 0.8051374030445448, 0.46431691811243997, 0.3333333333333333, 0.8383838383838383, -1] 1
kubernetes/kubernetes 5307 5302 [0.6147070136180464, 0.01658772036880053, 0.0, 0.0, 1.0, 1.0, 0] 1
kubernetes/kubernetes 46666 45575 [0.7507052044084797, 0.506167442125068, 0.0, 0.0, 0.0, 0.0, 1] 1
kubernetes/kubernetes 43145 42152 [0.6440622210209273, 0.19635606389070112, 0.0, 0.0, 1.0, 0.7142857142857143, 0] 1
kubernetes/kubernetes 5298 5293 [0.6646887256092822, 0.39878510353380076, 0.0, 0.0, 1.0, 1.0, 0] 1
kubernetes/kubernetes 42202 41745 [0.579316909099508, 0.5599984261098228, 0.9686381237338003, 0.8707059017618816, 0.78125, 0.8780386453355495, 0] 1
kubernetes/kubernetes 28994 28604 [0.577632653205197, -0.002531723391311412, 0.3592369192520374, 0.863357827389471, 0.13333333333333333, 0.38016528925619836, -1] 1
kubernetes/kubernetes 44500 42007 [0.25555498843511926, 0.7752764994848291, 0.0, 0.0, 0.14285714285714285, 0.8904109589041096, 0] 1
kubernetes/kubernetes 44934 44908 [0.6271533031182072, 0.1557656987923499, 0.897437599178146, 0.0, 0.3333333333333333, 0.7083333333333334, 0] 1
kubernetes/kubernetes 4698 4494 [0.4070423230577041, 0.25401418549450366, 0.9090524011190707, 0.9368007977856345, 0.3333333333333333, 0.8177570093457944, 1] 1
kubernetes/kubernetes 46307 45649 [0.6805608391700493, 0.07189072455521929, 0.9310365916478341, 0.964470149513719, 1.0, 0.9608938547486033, 0] 1
kubernetes/kubernetes 41959 41663 [0.7191102360422175, 0.7423204784099117, 0.5916186439666561, 0.689207282389284, 0.1, 0.2089041095890411, 0] 1
kubernetes/kubernetes 28414 24299 [0.5677173019400493, 0.7303599853653336, 0.623379141197971, 0.5100155124141275, 0.3333333333333333, 0.35, 1] 1
kubernetes/kubernetes 30848 29741 [0.7580442149185106, 0.8007366094701253, 0.9552816851981917, 0.8451542547285166, 0.6666666666666666, 0.9808575803981623, 0] 1
kubernetes/kubernetes 273 169 [0.6931656796997291, 0.0, 0.44641822217169047, 0.408248290463863, 0.3333333333333333, 0.75, 0] 1
kubernetes/kubernetes 22110 20384 [0.4535820553418953, 0.3365212611667813, 0.9999527252774145, 0.9999769402030817, 0.8571428571428571, 0.99, -1] 1
kubernetes/kubernetes 30654 30476 [0.6937882953790176, 0.7994635292148924, 0.04393747751637468, 0.0, 1.0, 0.0, 0] 1
kubernetes/kubernetes 15902 15840 [0.6404462711301958, 0.12948923963926037, 0.18257418583505536, 0.7302967433402214, 1.0, 0.0, 0] 1
kubernetes/kubernetes 45463 45263 [0.7410452347000386, 0.3153035006984719, 0.2101532260463902, 0.41845449772545956, 0.11764705882352941, 0.8860103626943006, -1] 1
kubernetes/kubernetes 9575 7227 [0.8651918125352235, 0.6869201294079251, 0.8362420100070909, 1.0, 0.8571428571428571, 1.0, 0] 1
kubernetes/kubernetes 85 82 [0.4458919348508463, 0.0, 0.9185586535436918, 1.0, 1.0, 1.0, 0] 1
kubernetes/kubernetes 46869 46863 [0.6744022285601068, 0.25844317768245956, 0.0, 0.0, 0.5, 1.0, 0] 1
kubernetes/kubernetes 18377 18341 [0.5472274481736387, 0.0, 0.1781741612749496, 0.18731716231633883, 0.5, 0.0, 0] 1
kubernetes/kubernetes 34972 29489 [0.49492707940275676, 0.7562673153858255, 0.7672887893127401, 0.784193361148223, 0.5, 0.9029126213592233, 0] 1
kubernetes/kubernetes 37137 35550 [0.8181247915367433, 0.6279118224874567, 0.0, 0.0, 0.0, 0.0, 1] 1
kubernetes/kubernetes 3274 3270 [0.38027569319510873, 0.10113380662747101, 0.8593822284573701, 0.8452843694348148, 0.38461538461538464, 0.38934426229508196, 0] 1
kubernetes/kubernetes 28294 28251 [0.5039253470918357, 0.1817017394166913, 0.5295286321305637, 0.0, 0.5, 1.0, 1] 1
kubernetes/kubernetes 44909 44462 [0.5389070329096948, 0.21350517543459396, 0.9999999999999999, 0.9999999999999999, 0.5, 1.0, -1] 1
kubernetes/kubernetes 40380 40379 [0.2807740187456347, 0.0, 0.9128709291752769, 0.9128709291752769, 1.0, 0.6666666666666666, 0] 1
kubernetes/kubernetes 12980 12895 [0.6796454771226393, 0.15632671919304378, 0.20269409979127212, 0.47387910220727386, 0.5, 0.0, 1] 1
kubernetes/kubernetes 28606 28206 [0.6513100062613842, 0.03727037291643355, 0.7549103106736091, 0.38138503569823695, 0.25, 0.7307692307692307, 0] 1
kubernetes/kubernetes 43902 43871 [0.7222215724833848, 0.5375434357658829, 0.875319589662667, 0.8929958859564885, 1.0, 0.7850799289520426, 0] 1
kubernetes/kubernetes 13800 13680 [0.47558185400526887, 0.1905646443167225, 0.45826419833755505, 0.09971351764595211, 1.0, 0.14225941422594143, 0] 1
kubernetes/kubernetes 3577 3555 [0.5600960070674398, 0.008019666913369458, 0.0, 0.0, 0.0, 0.0, 0] 1
kubernetes/kubernetes 13165 13154 [0.5110808805210283, 0.29013661348528524, 0.9999999999999999, 0.9999999999999999, 1.0, 1.0, 0] 1
kubernetes/kubernetes 41342 41308 [0.5817765901640357, 0.12352165966521257, 0.39283710065919314, 0.0, 1.0, 0.5714285714285714, 0] 1
kubernetes/kubernetes 47684 47223 [0.34052969013961276, 0.036314213837376444, 0.9660917830792958, 0.629940788348712, 1.0, 1.0, 1] 1
kubernetes/kubernetes 19406 19324 [0.7799449140738491, -0.006143293669015675, 0.7419680107158393, 0.9722718241315028, 1.0, 0.9090909090909091, 0] 1
kubernetes/kubernetes 11284 10824 [0.5155894978041654, 0.40696574266625096, 0.98058067569092, 0.9999999999999998, 1.0, 1.0, 0] 1
kubernetes/kubernetes 38587 38571 [0.9162572105956425, 0.1700612188584298, 1.0000000000000002, 0.0, 1.0, 1.0, -1] 1
kubernetes/kubernetes 20057 19510 [0.8065359283413565, -0.0006226086909421746, 0.9779067805696929, 0.9781049535031591, 0.9444444444444444, 0.9620681754537818, 0] 1
kubernetes/kubernetes 44966 44943 [0.5528042040115564, 0.4069139223745627, 1.0, 1.0, 1.0, 1.0, 0] 1
kubernetes/kubernetes 36195 36186 [0.7193167513415758, 0.7765252391508625, 0.9954257251149287, 0.0, 0.5, 1.0, 0] 1
kubernetes/kubernetes 34424 32408 [0.7600757139090951, 0.700409290967625, 0.4934927865307982, 0.7106690545187015, 0.125, 0.7837837837837838, 0] 1
kubernetes/kubernetes 30928 30880 [0.6221919365142611, 0.5431862155019009, 0.9072278818997397, 0.0, 0.75, 1.0, 0] 1
kubernetes/kubernetes 2669 2652 [0.7764776687351668, 0.2792337075446483, 0.4707592028693473, 0.4707592028693473, 1.0, 1.0, 0] 1
kubernetes/kubernetes 29854 29185 [0.6303183317969221, 0.3645057785662053, 0.0, 0.6324555320336759, 0.25, 1.0, 0] 1
kubernetes/kubernetes 21365 21361 [0.5078528320144694, 0.0, 0.8337869208770602, 0.8630194118926677, 0.5, 0.72, 1] 1
kubernetes/kubernetes 35839 35760 [0.8356814135259265, 0.5041694256313554, 0.6497275627005584, 0.559278466227978, 0.4166666666666667, 0.3941908713692946, 1] 1
kubernetes/kubernetes 43666 42717 [0.9369282499647229, 0.40066080222638606, 0.9938903621290572, 0.9975409774693753, 0.8529411764705882, 0.8872785829307569, 0] 1
kubernetes/kubernetes 25995 23473 [0.8322498036275894, 0.1037485240548952, 0.8395578758757926, 1.0, 0.3333333333333333, 0.8813559322033898, 0] 1
kubernetes/kubernetes 6964 6952 [0.8067913675579892, 0.1684955564881768, 0.08932370012631205, 0.0, 0.25, 0.0, 0] 1
kubernetes/kubernetes 28053 28052 [0.7391820606957411, 0.28740891624731224, 0.9999999999999999, 1.0, 1.0, 1.0, 1] 1
kubernetes/kubernetes 46823 46739 [0.9400476946689346, 0.24987330847814304, 0.675509241846504, 0.7389945026464433, 1.0, 0.8586497890295358, -1] 1
kubernetes/kubernetes 37140 36826 [0.9813901271184252, 0.8197072005586243, 0.9999999999999998, 0.0, 0.2, 1.0, 1] 1
kubernetes/kubernetes 19884 19725 [1.0, 0.9561938615534485, 1.0, 0.0, 1.0, 1.0, 0] 1
kubernetes/kubernetes 44969 43936 [1.0, 0.48481353902009355, 0.931687149228655, 0.9986209868479141, 1.0, 0.8656429942418427, 1] 1
kubernetes/kubernetes 43719 42815 [1.0, 0.6060445036818828, 1.0, 1.0000000000000002, 0.625, 1.0, -1] 1
kubernetes/kubernetes 39634 39632 [0.9946801499037237, 0.9280541601635398, 0.8874579986379103, 0.9412073584134736, 1.0, 0.8837209302325582, 1] 1
