angular/angular.js 8206 8177 [0.4687683494084677, 0.6288800011544413, 0, 1.0, 1.0, 0] 1
angular/angular.js 14635 12682 [0.5633357019665656, 0.5715133317498943, 0.48, 0.5, 0.0, 0] 1
angular/angular.js 1602 1564 [0.2131240611264984, 0.5662479923870039, 0.7254901960784313, 0.14285714285714285, 1.0, -1] 1
angular/angular.js 3025 2522 [0.550138386790087, 0.6341624689168623, 0.3153153153153153, 0.5, 0.5853658536585366, 0] 1
angular/angular.js 3197 3082 [0.3151844325882702, 0.18855270900878798, 0.14666666666666667, 0.5, 0.0, -1] 1
angular/angular.js 5976 5536 [0.43516241792663596, 0.5000526045958256, 0.14556962025316456, 0.6, 0.935064935064935, 0] 1
angular/angular.js 4021 3897 [0.5051189817896498, 0.6672521097164902, 1.0, 0.5, 1.0, -1] 1
angular/angular.js 9481 9478 [0.3224810780452771, 0.7802138937292156, 0, 0.0, 0.0, 0] 1
angular/angular.js 8206 8130 [0.7208427066731955, 0.644521962322195, 0, 1.0, 1.0, 0] 1
angular/angular.js 2362 2307 [0.35719914153105875, 0.0, 0, 1.0, 1.0, 0] 1
angular/angular.js 12362 12307 [0.1843450869235496, 0.0, 0.8450184501845018, 0.38446969696969696, 0.9385608260729268, 0] 1
angular/angular.js 3082 2835 [0.330665759503519, 0.281202762771782, 0.25, 0.5, 0.7575757575757576, 0] 1
angular/angular.js 7960 7776 [0.5627953376487144, 0.7255819849447767, 0.0, 0.1, 0.0, 0] 1
angular/angular.js 3699 3697 [0.368911400392997, 0.0, 0, 0.0, 0.0, 0] 1
angular/angular.js 12933 12166 [0.6304859194123241, 0.9191803256865123, 0.0600375234521576, 0.3333333333333333, 1.0, 0] 1
angular/angular.js 9905 8005 [0.6149495739142958, 0.5829105114995562, 0.009950248756218905, 0.2727272727272727, 0.12110726643598616, 0] 1
angular/angular.js 9013 4858 [0.2365070923206773, 0.7389152322179201, 0.7130434782608696, 0.13963039014373715, 0.9084194977843427, 0] 1
angular/angular.js 5080 3376 [0.5739796554882013, 0.8465719297856031, 0.6666666666666666, 1.0, 0.4166666666666667, 0] 1
angular/angular.js 9917 9265 [0.6637535817042928, 0.6233992760229654, 0.03125, 0.4, 0.5277777777777778, -1] 1
angular/angular.js 2439 2060 [0.6970079445831715, 0.6894293506536604, 0.014492753623188406, 0.5, 0.0, 0] 1
angular/angular.js 2260 2216 [0.5056359435239863, 0.0, 0.6110557768924303, 0.5714285714285714, 0.9296097934200459, 0] 1
angular/angular.js 10592 7762 [0.5289592207195934, 0.758966151395224, 0.009269662921348315, 0.6666666666666666, 0.7805105853051059, 0] 1
angular/angular.js 2488 2396 [0.3412652485643138, 0.7242788251109786, 1.0, 0.5, 1.0, 0] 1
angular/angular.js 4612 4479 [0.5770619948865142, 0.8198866819217422, 0, 0.0, 0.0, 1] 1
angular/angular.js 5174 5110 [0.7279942894725329, 0.6294032978477628, 0.5, 1.0, 1.0, 0] 1
angular/angular.js 12524 12477 [0.5692230100002701, 0.0, 0.14622178606476938, 0.45454545454545453, 0.8939226519337017, 0] 1
angular/angular.js 4369 4351 [0.4024039870674792, 0.0, 0, 1.0, 1.0, 0] 1
angular/angular.js 15542 15538 [0.3771998298634204, 0.7380660467454652, 0.5, 0.5, 1.0, 1] 1
angular/angular.js 2265 2252 [0.36179059927511903, 1.0, 0, 0, 0.0, 0] 1
angular/angular.js 6716 6692 [0.6517357051986589, 0.0, 0, 1.0, 0.0, 0] 1
angular/angular.js 14967 6412 [0.6396945836647131, 0.9058277610398333, 0.2803738317757009, 0.6666666666666666, 0.0, 0] 1
angular/angular.js 10619 10618 [0.6290249911882668, 0.28258539559985507, 0.1902654867256637, 1.0, 1.0, 0] 1
angular/angular.js 12072 4282 [0.6152322181587745, 0.2712171140626111, 0.07291666666666667, 0.2, 0.0, -1] 1
angular/angular.js 4171 4083 [0.6825987747591518, 0.4011347170787915, 0.0, 0.5, 0.5641025641025641, 1] 1
angular/angular.js 15919 15917 [0.5517885185583642, 0.5333841205738592, 0, 1.0, 0.0, 0] 1
angular/angular.js 8716 8628 [0.6848997962414629, 0.8356900991660053, 0.5070754716981132, 0.3333333333333333, 0.4065244667503137, 1] 1
angular/angular.js 3393 1745 [0.665071261443976, 0.34120803238411307, 0.0776255707762557, 0.3333333333333333, 0.5380434782608695, 0] 1
angular/angular.js 7079 6474 [0.6481911027141991, 0.8220128809007035, 0.76, 1.0, 1.0, 1] 1
angular/angular.js 4086 3135 [0.6675020639260318, 0.7872795019721639, 0.06896551724137931, 0.3333333333333333, 0.0, 0] 1
angular/angular.js 8626 8606 [0.46948072387548095, 0.8214296877307842, 0, 1.0, 1.0, 0] 1
angular/angular.js 7906 7903 [0.5822718994911356, 0.8489735279743194, 0.36607142857142855, 0.5, 0.92, 1] 1
angular/angular.js 5108 5101 [0.7176446098229935, 0.6693369414252576, 0.1, 0.5, 0.0, 1] 1
angular/angular.js 9827 5746 [0.8018070921346091, 0.86841932402251, 0, 0.5, 0.0, 0] 1
angular/angular.js 8492 8233 [0.8550342658142052, 0.664904787422405, 0.0, 1.0, 0.0, 0] 1
angular/angular.js 7479 7262 [0.5501813406432428, 0.8100856062798139, 0, 0.5, 1.0, 0] 1
angular/angular.js 8206 8133 [0.8841672184034755, 0.9398511693461469, 0, 0.0, 0.0, 0] 1
angular/angular.js 9356 8837 [0.6333652017091479, 0.0, 0.0, 0.18181818181818182, 0.9457364341085271, 0] 1
angular/angular.js 4530 4410 [0.7170235175296917, 0.32382278637914624, 0, 1.0, 1.0, 0] 1
angular/angular.js 1851 1701 [0.5804838688644761, 0.935200343941012, 0.10618279569892473, 1.0, 0.5333333333333333, 0] 1
angular/angular.js 13497 13495 [0.762656830020492, 0.844336352503419, 0.0, 1.0, 1.0, -1] 1
angular/angular.js 4940 4529 [0.5579149913316416, 0.8038636370401957, 0.1, 0.5, 1.0, 1] 1
angular/angular.js 5084 4872 [0.6496526150947066, 0.7054245271295756, 0.8081180811808119, 1.0, 0.6261261261261262, 1] 1
angular/angular.js 11803 11722 [0.6452980218601475, 0.8147483610860495, 0.16176470588235295, 0.6, 0.3271604938271605, 1] 1
angular/angular.js 6986 6983 [0.7758017187715812, 0.6036717655918267, 0.4174757281553398, 0.3333333333333333, 1.0, 1] 1
angular/angular.js 6215 6098 [0.4805499260562105, 0.6595309621870102, 0.1981981981981982, 0.6666666666666666, 0.5735294117647058, 0] 1
angular/angular.js 4544 4410 [0.5903234572156439, 0.2711315404062388, 0, 1.0, 1.0, 0] 1
angular/angular.js 4916 4860 [0.32225939257096675, 0.0, 0, 1.0, 1.0, 0] 1
angular/angular.js 4968 4963 [0.8648806178364503, 0.0, 0, 1.0, 0.0, 0] 1
angular/angular.js 6876 6065 [0.8847688148296124, 0.8101360903375386, 0.6956521739130435, 1.0, 0.0, -1] 1
angular/angular.js 2399 2357 [0.7420573267605404, 0.4374008307160638, 0, 0.1, 1.0, 0] 1
angular/angular.js 4658 4615 [0.7357099465739027, 1.0, 0, 1.0, 1.0, 0] 1
angular/angular.js 6807 6801 [0.6291920746799, 0.8995809738875055, 0.30434782608695654, 1.0, 1.0, 1] 1
angular/angular.js 4630 4512 [0.39950788250764474, 0.7295954002656689, 1.0, 1.0, 1.0, 0] 1
angular/angular.js 11973 11097 [0.7354920155126893, 0.6146682969549012, 1.0, 0.5, 0.0, 0] 1
angular/angular.js 13942 13941 [0.6059430949200005, 0.643150381357142, 0, 0.5, 1.0, 1] 1
angular/angular.js 3198 2773 [0.6033946307680174, 0.455945104140718, 0.06666666666666667, 0.5, 1.0, 0] 1
angular/angular.js 11028 9964 [0.8321750991332074, 0.7466242006284501, 1.0, 0.5, 0.6666666666666666, 0] 1
angular/angular.js 8034 8032 [0.6228125168312286, 0.7797620582492966, 0.20708446866485014, 1.0, 1.0, 0] 1
angular/angular.js 4924 4854 [0.29469101549574817, 0.0, 0, 1.0, 1.0, 0] 1
angular/angular.js 4300 3898 [0.6311403659508672, 0.7041231281067448, 0.13333333333333333, 1.0, 0.56, 0] 1
angular/angular.js 1514 1045 [0.7177834967397255, 0.7023840975995963, 0.06918238993710692, 1.0, 0.0, 0] 1
angular/angular.js 11790 11443 [0.6756621734075687, 0.6091921547119679, 0.022950819672131147, 0.4, 0.0, 0] 1
angular/angular.js 4833 4337 [0.5432623722872956, 0.7920734916344214, 0.013636363636363636, 0.25, 0.0, 0] 1
angular/angular.js 8108 7902 [0.5424829264696234, 0.6825145857623797, 0.1310344827586207, 1.0, 1.0, 0] 1
angular/angular.js 2357 2199 [0.3843194122690777, 0.35874797755073384, 0, 1.0, 1.0, 0] 1
angular/angular.js 4308 3848 [0.5738038279518028, 0.7755943793511794, 0.02721774193548387, 1.0, 0.7020408163265306, -1] 1
angular/angular.js 3958 3898 [0.6749561138891528, 0.5845757095146341, 0.13333333333333333, 1.0, 0.56, 0] 1
angular/angular.js 8205 7968 [0.889710082208357, 0.855469081027012, 0.5, 0.5, 0.0, 0] 1
angular/angular.js 4642 4615 [0.6733069608797064, 0.0, 0, 1.0, 1.0, 0] 1
angular/angular.js 10335 10330 [0.4989993659508499, 0.581450301145232, 0, 1.0, 0.4423076923076923, 0] 1
angular/angular.js 4665 4615 [0.6122338117693573, 0.0, 0, 1.0, 1.0, 0] 1
angular/angular.js 5019 4067 [0.5781641370576432, 0.6852329834997175, 0, 0.0, 0.0, 0] 1
angular/angular.js 4292 3898 [0.40967345834149677, 0.0, 0.13333333333333333, 1.0, 0.56, 0] 1
angular/angular.js 7846 5063 [0.8108394032496093, 0.8408435338659659, 0.2857142857142857, 1.0, 0.25, 0] 1
angular/angular.js 10711 10327 [0.7894602003434099, 0.7594848676749671, 1.0, 0.5, 1.0, 0] 1
angular/angular.js 12110 9791 [0.384983714423226, 0.0, 0.0, 1.0, 0.42424242424242425, 0] 1
angular/angular.js 3785 3761 [0.3316884657596161, 0.0, 0, 1.0, 1.0, 0] 1
angular/angular.js 3010 2522 [0.44474531485080604, 0.7596981194599063, 0.3029197080291971, 0.5, 0.5241935483870968, 0] 1
angular/angular.js 6885 6046 [0.5944672095621357, 0.0, 0, 1.0, 1.0, 0] 1
angular/angular.js 10585 5072 [0.5826670911387587, 0.7429148580495002, 0.18309859154929578, 1.0, 0.7652173913043478, 0] 1
angular/angular.js 10485 10476 [0.8443327404549228, 0.0, 1.0, 1.0, 1.0, 0] 1
angular/angular.js 9763 9321 [0.5780040869570944, 0.8232752903047852, 0.0, 0.25, 0.0, 0] 1
angular/angular.js 4532 4410 [0.6317429299184952, 0.0, 0, 1.0, 1.0, 0] 1
angular/angular.js 1616 1544 [0.46521021014148234, 0.0, 0.2, 0.05263157894736842, 0.7931034482758621, 0] 1
angular/angular.js 3452 2981 [0.5245223147686057, 0.7425575578137642, 0.2512315270935961, 1.0, 0.08620689655172414, 0] 1
angular/angular.js 4356 3898 [0.7335074378064798, 0.6028628684500732, 0.13333333333333333, 1.0, 1.0, 0] 1
angular/angular.js 11593 11579 [0.8004170533824405, 0.45907437884701396, 0.3, 1.0, 1.0, 0] 1
angular/angular.js 13014 9791 [0.576097384746994, 0.47917976226373726, 0.0, 1.0, 0.42424242424242425, 0] 1
angular/angular.js 10477 10443 [0.7369794497732364, 0.439091143627645, 0.07407407407407407, 0.5, 1.0, 0] 1
angular/angular.js 14488 14085 [0.714071584372658, 0.6971493153934599, 1.0, 0.5, 1.0, 1] 1
angular/angular.js 7947 7868 [0.349180676218218, 0.0, 0.0, 0.07142857142857142, 1.0, 0] 1
angular/angular.js 4193 3927 [0.4542163053104561, 0.602801116835255, 0.05, 1.0, 0.0440251572327044, -1] 1
angular/angular.js 15535 15524 [0.5376304221054017, 0.7958295450149778, 0, 0, 0.0, 0] 1
angular/angular.js 15110 15106 [0.3588625277829024, 0.9756022449452086, 0.00245398773006135, 0.6666666666666666, 0.9620253164556962, 0] 1
angular/angular.js 11938 11937 [0.654826218832781, 0.6907569538815654, 1.0, 1.0, 1.0, 0] 1
angular/angular.js 7999 5903 [0.7452681899943557, 0.7210065596733782, 0.375, 0.25, 0.8947368421052632, 0] 1
angular/angular.js 7582 5674 [0.8596844299474381, 0.7649162698283436, 0.08, 0.5, 0.3114754098360656, 0] 1
angular/angular.js 4646 4512 [0.696797321542967, 0.6283071026026134, 1.0, 1.0, 1.0, 0] 1
angular/angular.js 11017 9854 [0.5590702180484226, 0.9236303546349155, 0, 0.0, 0.0, 1] 1
angular/angular.js 8516 8512 [0.8618662429053513, 0.7426288674915005, 0.16129032258064516, 1.0, 0.8409090909090909, 1] 1
angular/angular.js 11359 10985 [0.8298631294115757, 0.8521436218931215, 0.1, 1.0, 0.7741935483870968, 0] 1
angular/angular.js 2273 1084 [0.8749492360903504, 0.8002606157699568, 0.9379157427937915, 1.0, 1.0, 0] 1
mozilla-b2g/gaia 1171 1170 [0.5189708199452563, 0.7475742102298542, 0, 1.0, 0.4375, 0] 1
mozilla-b2g/gaia 6795 6603 [0.6288968508361381, 0.3645723945217179, 0, 1.0, 1.0, 1] 1
mozilla-b2g/gaia 13332 13292 [0.6065021156557269, 0.0, 0.0, 0.04, 1.0, 0] 1
mozilla-b2g/gaia 9488 9457 [0.5874213545283604, 0.8101318301866445, 0.0, 0.5, 1.0, 0] 1
mozilla-b2g/gaia 9428 9349 [0.7355724353805383, 0.47461035441868665, 1.0, 1.0, 1.0, 1] 1
mozilla-b2g/gaia 22947 22749 [0.6807653733315719, 0.0, 0.11764705882352941, 0.07142857142857142, 1.0, 1] 1
mozilla-b2g/gaia 18033 18000 [0.6793720501043591, 0.8793499146063203, 1.0, 1.0, 1.0, 1] 1
mozilla-b2g/gaia 2459 2420 [0.17665645186228496, 0.4445083897201066, 0, 0.0, 0.0, 0] 1
mozilla-b2g/gaia 5772 5638 [0.6517613407523061, 0.0, 0.0, 0.2857142857142857, 0.0038098140810728437, 0] 1
mozilla-b2g/gaia 12565 12520 [0.37935428967009066, 0.5270038022982086, 0.125, 1.0, 1.0, 0] 1
mozilla-b2g/gaia 10547 8726 [0.7104083616569975, 0.0, 0.0, 1.0, 1.0, 1] 1
mozilla-b2g/gaia 8383 8363 [0.6736386993488114, 0.0, 0.12295081967213115, 0.3333333333333333, 0.0, 1] 1
mozilla-b2g/gaia 9768 9467 [0.3005572383512193, 1.0, 0.05714285714285714, 0.16666666666666666, 0.4186046511627907, 0] 1
mozilla-b2g/gaia 17425 17408 [0.7196212402069846, 0.0, 0, 0.5, 1.0, 0] 1
mozilla-b2g/gaia 21450 21295 [0.4068964902027613, 1.0, 0.9852941176470589, 0.6666666666666666, 1.0, 0] 1
mozilla-b2g/gaia 1010 1004 [0.3939004844679032, 1.0, 0.0, 0.02564102564102564, 1.0, 0] 1
mozilla-b2g/gaia 21295 20806 [0.46496675961723993, 1.0, 0.6951219512195121, 0.5, 1.0, 0] 1
mozilla-b2g/gaia 6471 6466 [0.5281386026405033, 0.5015693902423934, 0.3333333333333333, 0.5, 1.0, 0] 1
mozilla-b2g/gaia 10228 10180 [0.5212342265328817, 0.5227295347644422, 0.18518518518518517, 0.5, 0.37037037037037035, 1] 1
mozilla-b2g/gaia 15218 15022 [0.5356522504386526, 0.0, 0, 1.0, 1.0, 0] 1
mozilla-b2g/gaia 11048 11032 [0.6441130144445509, 0.5263579813879475, 0.39097744360902253, 1.0, 0.38235294117647056, 0] 1
mozilla-b2g/gaia 3627 3600 [0.663335548800971, 0.8144983647994349, 0.016666666666666666, 0.3333333333333333, 0.6521739130434783, 0] 1
mozilla-b2g/gaia 16480 16475 [0.6468723371107225, 1.0, 0, 1.0, 1.0, 1] 1
mozilla-b2g/gaia 14246 14107 [0.6777751742741114, 0.5807222781055291, 0, 1.0, 1.0, 0] 1
mozilla-b2g/gaia 28433 28349 [0.7177339813603327, 0.30537509985904593, 0, 0.3333333333333333, 1.0, 1] 1
mozilla-b2g/gaia 7010 6996 [0.6404493097108672, 0.5689261624348482, 0.01619047619047619, 0.375, 0.22297297297297297, 0] 1
mozilla-b2g/gaia 21899 21887 [0.5720670457554623, 0.0, 0.9736842105263158, 1.0, 1.0, 1] 1
mozilla-b2g/gaia 27959 27781 [0.6311163967537404, 0, 0.04065040650406504, 0.16666666666666666, 0.20259128386336867, 1] 1
mozilla-b2g/gaia 12134 11062 [0.6748562607109303, 0.3116417124152697, 0.1827956989247312, 1.0, 1.0, 1] 1
mozilla-b2g/gaia 17136 16651 [0.6675563479688658, 0.0, 0.1134453781512605, 0.4, 0.46218487394957986, 1] 1
mozilla-b2g/gaia 13480 12010 [0.5571340615299158, 0.0, 0.20481927710843373, 0.2857142857142857, 0.7567567567567568, 1] 1
mozilla-b2g/gaia 10373 10253 [0.5891414298232219, 0.6183802155519542, 0, 0, 0.0, 0] 1
mozilla-b2g/gaia 27829 27430 [0.6975354220402511, 1.0, 0.4857142857142857, 1.0, 0.8, 0] 1
mozilla-b2g/gaia 13342 12014 [0.7249001025187184, 0.5503993772369129, 0.02727272727272727, 0.2727272727272727, 0.5926773455377574, 1] 1
mozilla-b2g/gaia 23790 23101 [0.8350532292585225, 1.0, 0, 0.3333333333333333, 1.0, 1] 1
mozilla-b2g/gaia 24321 24292 [0.9237164322702601, 0.0, 0.17318435754189945, 0.5, 0.8275862068965517, 1] 1
mozilla-b2g/gaia 10980 10738 [0.7539536869340087, 0.7182226316307965, 0.6381709741550696, 0.8235294117647058, 0.9189046866771985, 1] 1
mozilla-b2g/gaia 7669 7587 [0.9758979482220147, 0.3644567797239277, 0.13488372093023257, 1.0, 0.7758620689655172, 1] 1
kubernetes/kubernetes 661 657 [0.4707239958593234, 0.8397919883772265, 0.1267605633802817, 0.5, 0.8620689655172413, 0] 1
kubernetes/kubernetes 2716 2694 [0.44210252196894834, 0.7550192343435465, 0.0, 1.0, 1.0, 0] 1
kubernetes/kubernetes 17024 14548 [0.645716139048286, 0.4953738246342915, 0, 0.0, 0.0, 1] 1
kubernetes/kubernetes 45263 43027 [0.5847982282632391, 0.9407093316254621, 0.0223463687150838, 0.1111111111111111, 0.9774436090225563, -1] 1
kubernetes/kubernetes 41036 41006 [0.5514071518437546, 0.8992585739109822, 0.0, 1.0, 0.4117647058823529, 0] 1
kubernetes/kubernetes 56 52 [0.4066771806265564, 1.0, 0, 1.0, 1.0, 0] 1
kubernetes/kubernetes 35745 32790 [0.7258318745070478, 0.888615119870616, 0.6956521739130435, 0.5, 1.0, 0] 1
kubernetes/kubernetes 8639 7439 [0.7307427423415015, 0.793248668002213, 0, 0.0, 0.0, 1] 1
kubernetes/kubernetes 61 52 [0.684362017995981, 1.0, 0, 1.0, 1.0, 0] 1
kubernetes/kubernetes 19759 15998 [0.4207973632480054, 0.3167255828538879, 0, 0.16666666666666666, 0.7058823529411765, 0] 1
kubernetes/kubernetes 30993 28284 [0.42464315817993414, 0.9143031299941967, 0, 0.26666666666666666, 1.0, 0] 1
kubernetes/kubernetes 10895 10784 [0.5270675906007019, 0.6388215774646419, 0.20382165605095542, 0.125, 1.0, 1] 1
kubernetes/kubernetes 10232 9264 [0.5851273348870871, 0.0, 0.18675352877307275, 0.1, 1.0, 0] 1
kubernetes/kubernetes 31372 31361 [0.5858680473410257, 0.9912858610458537, 1.0, 0.5, 1.0, -1] 1
kubernetes/kubernetes 21531 21357 [0.7491389243345089, 0.8551444034383809, 0.0, 1.0, 1.0, 0] 1
kubernetes/kubernetes 33276 32120 [0.5817319426118422, 0.9907373292306962, 0.004106776180698152, 1.0, 0.0, 0] 1
kubernetes/kubernetes 54 52 [0.5959164639690754, 0.0, 0, 1.0, 1.0, 0] 1
kubernetes/kubernetes 30772 30771 [0.5852089427048162, 0.9836068120980686, 0, 0.5, 0.4888888888888889, -1] 1
kubernetes/kubernetes 28037 28026 [0.7267201300157586, 0, 0.2, 1.0, 0.6666666666666666, 0] 1
kubernetes/kubernetes 3916 3915 [0.5812587260186286, 0.2702079473133877, 0.0, 0.5, 0.3888888888888889, 0] 1
kubernetes/kubernetes 44344 43215 [0.41517564997376594, 0.2067449176146867, 0.0, 0.038461538461538464, 0.0, 0] 1
kubernetes/kubernetes 40322 39503 [0.6024583304295625, 0.7997534104187419, 0.39285714285714285, 0.5, 1.0, 0] 1
kubernetes/kubernetes 45455 40210 [0.5783361010152589, 0.8034998652284218, 0.0, 1.0, 0.6666666666666666, 0] 1
kubernetes/kubernetes 36168 36163 [0.7066379798547188, 0.9715967076597198, 0.023255813953488372, 0.05555555555555555, 0.0, 0] 1
kubernetes/kubernetes 46923 46913 [0.48955418013093704, 0.9975012032839402, 0, 0.16666666666666666, 0.0, -1] 1
kubernetes/kubernetes 1211 1210 [0.7142817282201216, 0.6582252414976763, 0.39416058394160586, 1.0, 1.0, 0] 1
kubernetes/kubernetes 13322 13144 [0.6423442411921486, 0.8547382271617937, 0.08333333333333333, 0.08695652173913043, 0.8430379746835444, 0] 1
kubernetes/kubernetes 21786 21601 [0.33320020807790535, 0.7723950785333323, 0, 0.993805918788713, 0.9925925925925926, 0] 1
kubernetes/kubernetes 4065 4056 [0.6972934084108527, 0.0, 0, 0, 0.0, 0] 1
kubernetes/kubernetes 47455 47074 [0.4061024517006119, 0.7224613750988369, 0, 1.0, 1.0, 0] 1
kubernetes/kubernetes 24783 24549 [0.36048958971358275, 0.7629837123811269, 0.0, 1.0, 0.4838709677419355, 0] 1
kubernetes/kubernetes 7503 7456 [0.5690039565231192, 0.8010025321009664, 0.0, 0.5, 0.375, -1] 1
kubernetes/kubernetes 47322 46193 [0.749188960206015, 0.7802243037551818, 0, 0.09090909090909091, 0.5185185185185185, 0] 1
kubernetes/kubernetes 28996 28978 [0.6938213067404857, 0.7224904745572672, 0.10416666666666667, 1.0, 1.0, 0] 1
kubernetes/kubernetes 42529 42138 [0.6653866681031476, 0.9168803507521797, 0, 0.0, 0.0, 0] 1
kubernetes/kubernetes 37269 275 [0.6127517700954976, 0.0, 0, 0.0, 0.0, 0] 1
kubernetes/kubernetes 45273 44727 [0.39555736843407413, 0.8566631458786327, 0.8, 1.0, 0.0, 0] 1
kubernetes/kubernetes 34502 32109 [0.6260849086549137, 0.8141922761951353, 0.12, 0.01282051282051282, 1.0, 0] 1
kubernetes/kubernetes 20810 19559 [0.5142315301267338, 0.6094541186826858, 0, 0.2, 0.0, -1] 1
kubernetes/kubernetes 41210 41106 [0.5762704514489791, 0.7142054507968116, 0.0, 0.2222222222222222, 0.825, 0] 1
kubernetes/kubernetes 26066 26059 [0.45300014839698594, 0.6656936546868768, 0, 0.0, 0.0, -1] 1
kubernetes/kubernetes 5741 5735 [0.6082844190117563, 1.0, 0, 0.5, 0.0, 0] 1
kubernetes/kubernetes 38751 38370 [0.5172201434797756, 0.7636483289609021, 1.0, 1.0, 1.0, 0] 1
kubernetes/kubernetes 10883 10819 [0.31229827652857334, 0.557113931215969, 1.0, 0.5, 0.3493975903614458, 0] 1
kubernetes/kubernetes 38296 38285 [0.3610288820645506, 0.7565592336644839, 0.022222222222222223, 0.1111111111111111, 0.0, 0] 1
kubernetes/kubernetes 25591 24509 [0.3581302813599285, 0.6413756886186798, 0.14285714285714285, 0.045454545454545456, 1.0, 0] 1
kubernetes/kubernetes 9966 9854 [0.3848558338616554, 0.7650362254921929, 0.17417417417417416, 1.0, 0.44660194174757284, 0] 1
kubernetes/kubernetes 44496 39342 [0.5639861284401843, 0.9707305904749916, 0, 0.0, 0.0, 1] 1
kubernetes/kubernetes 18449 13838 [0.5633010605429359, 0.4160308454851469, 0, 0.0, 0.0, -1] 1
kubernetes/kubernetes 46927 46784 [0.563289222662908, 0.6920424640875951, 0, 0.0, 0.0, -1] 1
kubernetes/kubernetes 12111 11679 [0.6900417145399996, 0.6090275664926934, 0, 0.0, 0.0, 0] 1
kubernetes/kubernetes 42883 42630 [0.42139379271126837, 0.460631958223255, 0.0, 0.2, 0.4, 0] 1
kubernetes/kubernetes 451 356 [0.5865603678016965, 0.8868223597823827, 0, 0.0, 0.0, 0] 1
kubernetes/kubernetes 5775 5714 [0.5217594625721532, 0.8138820536405559, 0.0, 0.1111111111111111, 0.32065217391304346, -1] 1
kubernetes/kubernetes 38789 33757 [0.438250199472554, 0.5746514039389519, 0.21428571428571427, 0.047619047619047616, 0.3191489361702128, 0] 1
kubernetes/kubernetes 11113 11085 [0.2320435928893674, 0.5391185178340203, 0.14163090128755365, 0.00423728813559322, 0.5416666666666666, 0] 1
kubernetes/kubernetes 29226 29204 [0.5407194108738512, 0.3589327734362269, 0.23316062176165803, 0.75, 0.4692737430167598, -1] 1
kubernetes/kubernetes 33683 33675 [0.5951253436359479, 0.937430284263752, 0, 0.9714285714285714, 1.0, 0] 1
kubernetes/kubernetes 40550 39903 [0.11382458267545917, 0.4825986914249013, 0.0, 0.07692307692307693, 0.0, -1] 1
kubernetes/kubernetes 11450 11364 [0.47160853717230705, 0.7085688068077446, 0, 0.05, 0.0, 0] 1
kubernetes/kubernetes 40901 40193 [0.5199763072572448, 0.5664664605059386, 0.0, 1.0, 0.0, -1] 1
kubernetes/kubernetes 36673 36425 [0.4144121429734007, 0.8804273208437806, 0.03339882121807466, 0.005257623554153523, 0.5574018126888217, -1] 1
kubernetes/kubernetes 39883 38317 [0.5522970055609058, 0.6424078739371814, 0.6729559748427673, 0.23529411764705882, 0.6114649681528662, 0] 1
kubernetes/kubernetes 11322 11317 [0.6471485102980743, 0.0, 0.026041666666666668, 0.2, 0.0, 0] 1
kubernetes/kubernetes 15401 15224 [0.4601691647443763, 0.7576886039106011, 0.0, 0.03333333333333333, 0.6101694915254238, 0] 1
kubernetes/kubernetes 46953 46909 [0.5040091016466219, 0.8283259118564201, 0.2835820895522388, 0.5, 0.358974358974359, 1] 1
kubernetes/kubernetes 41480 41478 [0.5526220642822904, 0, 0, 0.0, 0.0, 0] 1
kubernetes/kubernetes 33964 30787 [0.5537887306565544, 0.9055877896599304, 0.011494252873563218, 0.038461538461538464, 0.551594746716698, -1] 1
kubernetes/kubernetes 42113 42049 [0.4396136658094124, 0.8287556327424971, 0, 0.08333333333333333, 0.9692307692307692, 0] 1
kubernetes/kubernetes 15339 15004 [0.4679852655049697, 0.7481360545140416, 0, 0.0, 0.0, 0] 1
kubernetes/kubernetes 30147 30137 [0.6322948765881213, 0.5590686675550083, 0.4339622641509434, 0.5, 1.0, 1] 1
kubernetes/kubernetes 14472 14448 [0.513193898156107, 0.6515930992698828, 0.256198347107438, 1.0, 0.0, 0] 1
kubernetes/kubernetes 7142 6847 [0.5268918204160506, 0.6718013571506625, 0.2222222222222222, 1.0, 0.5526315789473685, 0] 1
kubernetes/kubernetes 6949 6938 [0.5451147383507976, 0.696921242724255, 0, 0.0, 0.0, -1] 1
kubernetes/kubernetes 32311 32268 [0.5883254533674276, 0.9435676580212383, 1.0, 1.0, 1.0, 1] 1
kubernetes/kubernetes 7021 6886 [0.6021944109695843, 0.8489353347300471, 0.0, 0.5, 0.46875, 0] 1
kubernetes/kubernetes 25888 24861 [0.5138514841342937, 0.5651168734932608, 0.06132075471698113, 0.2727272727272727, 0.0, -1] 1
kubernetes/kubernetes 45804 45768 [0.7322569448547612, 0.7340567341226407, 0, 0.0, 0.0, 0] 1
kubernetes/kubernetes 18073 17769 [0.6809588086454098, 0.0, 0.0, 1.0, 0.0, 0] 1
kubernetes/kubernetes 37347 37332 [0.6606030308313843, 0.8138243089341464, 0.7441860465116279, 1.0, 1.0, 1] 1
kubernetes/kubernetes 25996 25634 [0.7088854556303091, 0.8112271269414144, 0.8031088082901554, 0.03260869565217391, 0.9608938547486033, -1] 1
kubernetes/kubernetes 6614 6239 [0.4821921525665476, 0.6187319787414143, 0.0967741935483871, 0.16666666666666666, 0.5238095238095238, 0] 1
kubernetes/kubernetes 25688 25326 [0.7077470192622657, 0.6450350930395005, 0.006134969325153374, 0.375, 0.6124197002141327, 0] 1
kubernetes/kubernetes 22501 21535 [0.6721297523474308, 0.8434364443965418, 0.24065420560747663, 0.2727272727272727, 0.6, -1] 1
kubernetes/kubernetes 44288 40234 [0.6371843409138163, 0.8731035831003799, 0.08024691358024691, 0.09090909090909091, 0.2777777777777778, -1] 1
kubernetes/kubernetes 45065 45034 [0.6386366718602382, 0.8267426595867446, 0.031914893617021274, 0.42857142857142855, 0.5977011494252874, 0] 1
kubernetes/kubernetes 24881 24201 [0.7794350608630103, 0.8743079350015049, 0.14347826086956522, 0.75, 0.3939393939393939, 0] 1
kubernetes/kubernetes 44313 44312 [0.5129374098501882, 0.77988312397754, 0, 0.0, 0.0, 1] 1
kubernetes/kubernetes 13758 13738 [0.615954146764346, 0.6797400421356646, 0.125, 1.0, 0.8627450980392157, 1] 1
kubernetes/kubernetes 7679 7615 [0.5960217273743834, 0.0, 0.025598219254312743, 0.06153846153846154, 0.2261682242990654, 0] 1
kubernetes/kubernetes 29150 25524 [0.676073545030026, 0.8136420953088033, 0.0, 0.1111111111111111, 0.0, 0] 1
kubernetes/kubernetes 33101 33099 [0.6525575887832483, 0.9632369470485543, 0, 0.0, 0.0, 1] 1
kubernetes/kubernetes 13628 13616 [0.4221384034091135, 0.7119926732952977, 0, 0.0, 0.0, 1] 1
kubernetes/kubernetes 35320 33616 [0.613912270437542, 0.7935204006916845, 0.04326123128119801, 0.09090909090909091, 0.16216216216216217, -1] 1
kubernetes/kubernetes 30884 30802 [0.4977923021227596, 0.9005322010942398, 0, 0.0, 0.0, 0] 1
kubernetes/kubernetes 10440 7053 [0.5941670744788009, 0.7046672004435985, 0.15130023640661938, 0.10975609756097561, 0.421195652173913, 0] 1
kubernetes/kubernetes 23043 22845 [0.619233525140048, 0.46727038230464907, 0.0, 0.5, 1.0, 0] 1
kubernetes/kubernetes 35609 35556 [0.8376116295485287, 0.874763730036272, 0.0, 0.0017761989342806395, 1.0, 0] 1
kubernetes/kubernetes 3200 3199 [0.6111347355592925, 0.5747107820959639, 0.9166666666666666, 0.2727272727272727, 0.7741935483870968, 0] 1
kubernetes/kubernetes 40421 40400 [0.5677730847187157, 0.5290055328201065, 0, 0.14285714285714285, 0.72, 1] 1
kubernetes/kubernetes 21130 20665 [0.38566539297761404, 0.752578616820559, 0, 0.13333333333333333, 1.0, 1] 1
kubernetes/kubernetes 44839 44583 [0.7889208009768301, 0.5681840492008843, 0.0, 0.07692307692307693, 0.5909090909090909, 0] 1
kubernetes/kubernetes 10609 10453 [0.7894722359172994, 0.7844848941529343, 0, 0.5, 1.0, -1] 1
kubernetes/kubernetes 15043 14871 [0.7864272230856101, 0.5357697598911318, 0.06153846153846154, 0.25, 0.5579710144927537, 0] 1
kubernetes/kubernetes 6976 5012 [0.469375598490833, 0.7207601727488431, 1.0, 0.043478260869565216, 1.0, 0] 1
kubernetes/kubernetes 14675 14564 [0.4292040630267843, 0.0, 0, 0.0, 0.0, 0] 1
kubernetes/kubernetes 46478 46383 [0.4663761292439757, 0.39153156913189874, 0.0, 0.5, 0.54, -1] 1
kubernetes/kubernetes 44838 44583 [0.7509337038060448, 0.46080289481018344, 0.0, 0.07692307692307693, 1.0, 0] 1
kubernetes/kubernetes 44727 44463 [0.2883570720591136, 0.7412861961060214, 0, 0.0, 0.0, 0] 1
kubernetes/kubernetes 34246 34083 [0.46527963337242084, 0.9050727146063824, 0.015625, 0.03571428571428571, 0.4857142857142857, 1] 1
kubernetes/kubernetes 25512 22737 [0.4362421786563348, 0.8224003060114796, 0.018867924528301886, 0.2, 0.5471698113207547, 0] 1
kubernetes/kubernetes 26097 25973 [0.35084036260709245, 0.3295964043821443, 0.13333333333333333, 1.0, 0.6296296296296297, 0] 1
kubernetes/kubernetes 29995 29447 [0.5563677638344384, 0.7416720296647316, 0.5774099318403116, 1.0, 0.9030226700251889, 0] 1
kubernetes/kubernetes 5466 5022 [0.44831138924545044, 0.750909580764963, 0.008928571428571428, 0.3333333333333333, 0.48214285714285715, -1] 1
kubernetes/kubernetes 16283 14493 [0.5506655208530832, 0.7669324390089318, 0.22674418604651161, 1.0, 0.5081967213114754, 0] 1
kubernetes/kubernetes 41761 41756 [0.5477082398083262, 0.5329861839598031, 0, 1.0, 0.52, 0] 1
kubernetes/kubernetes 5784 5775 [0.5701594553716471, 0.6106531606318754, 0.0, 0.3, 0.4564459930313589, -1] 1
kubernetes/kubernetes 31287 31282 [0.6388960954074169, 0.9217086919091071, 0.0, 0.25, 0.0, 0] 1
kubernetes/kubernetes 24556 24537 [0.6050448924788168, 0.6012729260897259, 0.52, 1.0, 0.5407725321888412, 1] 1
kubernetes/kubernetes 14229 14213 [0.3658090542181521, 0.3630985826382764, 1.0, 0.5, 1.0, 0] 1
kubernetes/kubernetes 21532 21357 [0.6282001049804393, 0.7077631918912795, 0.0, 1.0, 1.0, 0] 1
kubernetes/kubernetes 2412 2397 [0.6372369297437391, 0.0, 0.8779472954230236, 0.8888888888888888, 0.9820051413881749, 0] 1
kubernetes/kubernetes 4393 4390 [0.6687129533277465, 0.8623196058449571, 0, 1.0, 1.0, 0] 1
kubernetes/kubernetes 8931 8743 [0.4926745567465661, 0.6853530748793144, 0, 0.0, 0.0, 1] 1
kubernetes/kubernetes 39342 39293 [0.28085705478348894, 0.8187956783076106, 1.0, 0.001349527665317139, 1.0, -1] 1
kubernetes/kubernetes 10746 10512 [0.844101111369179, 0.7495075932403075, 0.23636363636363636, 1.0, 0.0, 0] 1
kubernetes/kubernetes 5763 5233 [0.7266922873153562, 0.7239851071637551, 0.020618556701030927, 0.057692307692307696, 0.3672566371681416, 1] 1
kubernetes/kubernetes 41546 41427 [0.5976978607808885, 0.6260896403708676, 0.8435074854873205, 0.5632754342431762, 0.8156795930120945, 0] 1
kubernetes/kubernetes 17264 17195 [0.5503566383058094, 0.8289890381148585, 0.01971830985915493, 0.1111111111111111, 0.7471526195899773, -1] 1
kubernetes/kubernetes 9838 9730 [0.543345169787288, 0.4126910994878184, 0, 1.0, 0.6956521739130435, 0] 1
kubernetes/kubernetes 38546 1932 [0.536844514612064, 0.0, 0, 0.0, 0.0, 0] 1
kubernetes/kubernetes 28966 25342 [0.7622146499705343, 0.6731779388419294, 0.12844036697247707, 0.5, 0.7338403041825095, 0] 1
kubernetes/kubernetes 32064 32049 [0.5857535408590131, 0.9507195077389701, 0, 1.0, 1.0, 0] 1
kubernetes/kubernetes 40379 40378 [0.44047087276397817, 0.0, 0.0, 1.0, 0.0, 0] 1
kubernetes/kubernetes 36597 36294 [0.6165146405031318, 0.9653206660676203, 0.2, 0.5, 0.25, -1] 1
kubernetes/kubernetes 11475 11474 [0.45547195028376936, 0.4570727196159975, 0, 1.0, 1.0, 0] 1
kubernetes/kubernetes 36434 32811 [0.5973242157651562, 0.8854117108609046, 0.8484848484848485, 0.75, 0.5473684210526316, 1] 1
kubernetes/kubernetes 41942 37571 [0.6938314327417929, 0.9297713534196735, 0, 0.0, 0.0, -1] 1
kubernetes/kubernetes 11219 10234 [0.7368706714868097, 0.41949209124042586, 0, 0.0, 0.0, 1] 1
kubernetes/kubernetes 35835 35817 [0.5488066654600156, 0.9202594166257014, 0.0, 1.0, 1.0, 0] 1
kubernetes/kubernetes 45920 45918 [0.6455570178149186, 0.8036826955932431, 0.2765714285714286, 0.29545454545454547, 0.6209386281588448, -1] 1
kubernetes/kubernetes 16495 16152 [0.755060495769936, 0.638137191274365, 0.13389121338912133, 0.6666666666666666, 0.8215297450424929, 1] 1
kubernetes/kubernetes 31741 31682 [0.642269853811335, 0.8736819185719396, 0, 1.0, 1.0, 0] 1
kubernetes/kubernetes 16227 15791 [0.6123989963738571, 0.8459522641252963, 0.08525345622119816, 0.3333333333333333, 0.6828193832599119, 0] 1
kubernetes/kubernetes 20141 19706 [0.7724154260795953, 0.49822043947627975, 0, 1.0, 0, 0] 1
kubernetes/kubernetes 35732 34152 [0.5446718697235313, 0.8942614227427121, 0.030927835051546393, 0.5, 0.0, 0] 1
kubernetes/kubernetes 19932 19807 [0.36190012991172954, 0.0, 0.4739099356683345, 0.2037037037037037, 0.960811756473058, 0] 1
kubernetes/kubernetes 8309 8303 [0.7353844462769383, 0.7901343187855732, 0.2, 1.0, 1.0, 0] 1
kubernetes/kubernetes 38591 38452 [0.6868274011523997, 0.6979410032909437, 0.06451612903225806, 1.0, 0.28735632183908044, 0] 1
kubernetes/kubernetes 22163 22131 [0.718958448791405, 0.4503880452684638, 0, 0.0, 0.0, 0] 1
kubernetes/kubernetes 46695 46346 [0.5964244651124999, 0.9957241373114657, 0.34265734265734266, 0.5, 0.0, 0] 1
kubernetes/kubernetes 34811 34144 [0.5628765829566171, 0.959148958269184, 0.13095238095238096, 0.1, 0.06931464174454828, 0] 1
kubernetes/kubernetes 14098 14083 [0.6489326755612714, 0.8020663782209791, 0, 1.0, 1.0, 0] 1
kubernetes/kubernetes 17169 17167 [0.6486756111165606, 0.7312176700660293, 1.0, 1.0, 1.0, 0] 1
kubernetes/kubernetes 13894 12717 [0.5306985886423866, 0.6257657568703958, 0.13142857142857142, 0.3333333333333333, 0.8383838383838383, -1] 1
kubernetes/kubernetes 5307 5302 [0.6989801024475666, 0.45070672568683134, 0, 1.0, 1.0, 0] 1
kubernetes/kubernetes 46666 45575 [0.672931627840002, 0.89378069287701, 0, 0.0, 0.0, 1] 1
kubernetes/kubernetes 43145 42152 [0.8111078839027811, 0.7946901946852735, 0, 1.0, 0.7142857142857143, 0] 1
kubernetes/kubernetes 5298 5293 [0.6679816395256136, 0.6775358392056628, 0, 1.0, 1.0, 0] 1
kubernetes/kubernetes 42202 41745 [0.693132048000527, 0.7622088359221011, 0.6375417239348125, 0.78125, 0.8780386453355495, 0] 1
kubernetes/kubernetes 28994 28604 [0.7835437523578117, 0.6951987505967941, 0.0, 0.13333333333333333, 0.38016528925619836, -1] 1
kubernetes/kubernetes 44500 42007 [0.6351783119911714, 0.942173565946014, 0, 0.14285714285714285, 0.8904109589041096, 0] 1
kubernetes/kubernetes 44934 44908 [0.7468177771902673, 0.5141136690511224, 0.72, 0.3333333333333333, 0.7083333333333334, 0] 1
kubernetes/kubernetes 4698 4494 [0.7214518851699144, 0.6103123669908141, 0.2800982800982801, 0.3333333333333333, 0.8177570093457944, 1] 1
kubernetes/kubernetes 46307 45649 [0.7449383124566329, 0.5803980303301035, 0.5518134715025906, 1.0, 0.9608938547486033, 0] 1
kubernetes/kubernetes 41959 41663 [0.6962999194436423, 0.7221887043220535, 0.020123839009287926, 0.1, 0.2089041095890411, 0] 1
kubernetes/kubernetes 28414 24299 [0.6058031342138127, 0.9377047541723413, 0.20874751491053678, 0.3333333333333333, 0.35, 1] 1
kubernetes/kubernetes 30848 29741 [0.7515207368035494, 0.9354309856027183, 0.7051282051282052, 0.6666666666666666, 0.9808575803981623, 0] 1
kubernetes/kubernetes 273 169 [0.7183156134892439, 1.0, 0.15625, 0.3333333333333333, 0.75, 0] 1
kubernetes/kubernetes 22110 20384 [0.46265543201116216, 0.5435783657499905, 0.9598540145985401, 0.8571428571428571, 0.99, -1] 1
kubernetes/kubernetes 30654 30476 [0.6790565227175186, 0.9713075916250822, 0.013333333333333334, 1.0, 0.0, 0] 1
kubernetes/kubernetes 15902 15840 [0.6315807795429557, 0.5447582156606972, 0.0, 1.0, 0.0, 0] 1
kubernetes/kubernetes 45463 45263 [0.5847982282632391, 0.915945385402293, 0.011560693641618497, 0.11764705882352941, 0.8860103626943006, -1] 1
kubernetes/kubernetes 9575 7227 [0.6917206706378376, 0.8894009733462073, 0.3333333333333333, 0.8571428571428571, 1.0, 0] 1
kubernetes/kubernetes 85 82 [0.7048711095555883, 1.0, 0.7894736842105263, 1.0, 1.0, 0] 1
kubernetes/kubernetes 46869 46863 [0.6726302988104589, 0.5220917267330001, 0, 0.5, 1.0, 0] 1
kubernetes/kubernetes 18377 18341 [0.8575360408837939, 0.0, 0.0, 0.5, 0.0, 0] 1
kubernetes/kubernetes 34972 29489 [0.5578920510670116, 0.9475703475016312, 0.1744186046511628, 0.5, 0.9029126213592233, 0] 1
kubernetes/kubernetes 37137 35550 [0.7288991879845684, 0.8456616769532923, 0, 0.0, 0.0, 1] 1
kubernetes/kubernetes 3274 3270 [0.7503587721909027, 0.7447267374927892, 0.25287356321839083, 0.38461538461538464, 0.38934426229508196, 0] 1
kubernetes/kubernetes 28294 28251 [0.6158840820507484, 0.6273078807946368, 0.0, 0.5, 1.0, 1] 1
kubernetes/kubernetes 44909 44462 [0.6560524274314107, 0.6592922111083445, 0, 0.5, 1.0, -1] 1
kubernetes/kubernetes 40380 40379 [0.5236361020864038, 0.0, 0.0, 1.0, 0.6666666666666666, 0] 1
kubernetes/kubernetes 12980 12895 [0.7627312763320927, 0.536976833811378, 0.14545454545454545, 0.5, 0.0, 1] 1
kubernetes/kubernetes 28606 28206 [0.5994303144551163, 0.7113059018788602, 0.9285714285714286, 0.25, 0.7307692307692307, 0] 1
kubernetes/kubernetes 43902 43871 [0.8989310125523908, 0.8710706703415872, 0.494716618635927, 1.0, 0.7850799289520426, 0] 1
kubernetes/kubernetes 13800 13680 [0.9098729392875479, 0.736585604219571, 0.11632270168855535, 1.0, 0.14225941422594143, 0] 1
kubernetes/kubernetes 3577 3555 [0.7544926960829323, 0.6219152418438504, 0, 0.0, 0.0, 0] 1
kubernetes/kubernetes 13165 13154 [0.6419390162681188, 0.689649145838581, 1.0, 1.0, 1.0, 0] 1
kubernetes/kubernetes 41342 41308 [0.7830059144214098, 0.37004284403042065, 0.25925925925925924, 1.0, 0.5714285714285714, 0] 1
kubernetes/kubernetes 47684 47223 [0.7649034703005669, 0.33823384992670674, 0.0, 1.0, 1.0, 1] 1
kubernetes/kubernetes 19406 19324 [0.5104362941197493, 0.5693753629133261, 0.0, 1.0, 0.9090909090909091, 0] 1
kubernetes/kubernetes 11284 10824 [0.7669420429737966, 0.6287255123388978, 0.0, 1.0, 1.0, 0] 1
kubernetes/kubernetes 38587 38571 [0.6111634204434097, 0.688005220307212, 1.0, 1.0, 1.0, -1] 1
kubernetes/kubernetes 20057 19510 [0.7827055567187122, 0.3779631802625027, 0.09310344827586207, 0.9444444444444444, 0.9620681754537818, 0] 1
kubernetes/kubernetes 44966 44943 [0.7174626617117442, 0.9680391907932244, 1.0, 1.0, 1.0, 0] 1
kubernetes/kubernetes 36195 36186 [0.804140794426227, 0.9473111873650417, 0.9209541627689429, 0.5, 1.0, 0] 1
kubernetes/kubernetes 34424 32408 [0.5355309775754695, 0.9114202707392067, 0.0547945205479452, 0.125, 0.7837837837837838, 0] 1
kubernetes/kubernetes 30928 30880 [0.8072331667086338, 0.9005960579572986, 0.5681818181818182, 0.75, 1.0, 0] 1
kubernetes/kubernetes 2669 2652 [0.8862990781500227, 0.7570724914410794, 0, 1.0, 1.0, 0] 1
kubernetes/kubernetes 29854 29185 [0.8329451105848255, 0.7498565872554707, 0.0, 0.25, 1.0, 0] 1
kubernetes/kubernetes 21365 21361 [0.7707516526174439, 0.0, 0.2222222222222222, 0.5, 0.72, 1] 1
kubernetes/kubernetes 35839 35760 [0.7606688094836044, 0.8805692529233464, 0.3420355656451003, 0.4166666666666667, 0.3941908713692946, 1] 1
kubernetes/kubernetes 43666 42717 [0.8242587507284391, 0.8512810568373181, 0.7368421052631579, 0.8529411764705882, 0.8872785829307569, 0] 1
kubernetes/kubernetes 25995 23473 [0.9056358548762444, 0.5879365918937899, 0.15730337078651685, 0.3333333333333333, 0.8813559322033898, 0] 1
kubernetes/kubernetes 6964 6952 [0.7211170101691213, 0.7690253150189281, 0.058823529411764705, 0.25, 0.0, 0] 1
kubernetes/kubernetes 28053 28052 [0.9021008085068197, 0.6384458201239498, 1.0, 1.0, 1.0, 1] 1
kubernetes/kubernetes 46823 46739 [0.9311006737296323, 0.77695320470707, 0.0, 1.0, 0.8586497890295358, -1] 1
kubernetes/kubernetes 37140 36826 [0.8266720687877808, 0.940707598261548, 1.0, 0.2, 1.0, 1] 1
kubernetes/kubernetes 19884 19725 [1.0, 0.9846568782153017, 1.0, 1.0, 1.0, 0] 1
kubernetes/kubernetes 44969 43936 [1.0, 0.9285612251138871, 0.5921137685843568, 1.0, 0.8656429942418427, 1] 1
kubernetes/kubernetes 43719 42815 [1.0, 0.9730502341356141, 1.0, 0.625, 1.0, -1] 1
kubernetes/kubernetes 39634 39632 [0.9414975123197113, 0.9466962350042333, 0.43478260869565216, 1.0, 0.8837209302325582, 1] 1
