dotnet/corefx 3267 3264 [0.16090558210043104, 0.22458560440983444, 0, 0.0, 0.0, 0, 0] 1
dotnet/corefx 6337 6335 [0.07610649363880127, 0.0, 0.0, 0.06666666666666667, 1.0, 0, 1] 1
dotnet/corefx 6202 6181 [0.012627075973423883, 0.11057502752989294, 0, 0.5, 0.47058823529411764, 0, 3] 1
dotnet/corefx 20697 20599 [0.012165894991455584, 0.2083848610080518, 0.346586298829257, 0.84375, 0.8405519356075124, 0, 54] 1
dotnet/corefx 17428 17419 [-0.002913926468653004, 0.38008988782859415, 0.32142857142857145, 0.1, 1.0, 0, 1] 1
dotnet/corefx 10460 10450 [0.007165849682578037, 0.15961998218405535, 0, 0.0, 0.0, 0, 0] 1
dotnet/corefx 15044 14939 [0.014351242404515517, 0.0046559775306761345, 0, 0.0038819875776397515, 0.6342857142857142, -1, 5] 1
dotnet/corefx 34 32 [0.2517975429529167, 0.3117070777909087, 0.02857142857142857, 0.14285714285714285, 1.0, 0, 1] 1
dotnet/corefx 419 406 [0.0018800827892466038, 0.20426542460037295, 0, 0.0, 0.0, 0, 0] 1
dotnet/corefx 7925 7886 [0.022175270269120206, 0.15227325656786492, 0.3333333333333333, 0.1, 1.0, 0, 1] 1
dotnet/corefx 16069 9537 [-0.012896909285273546, 0.25938711162686245, 0, 0.0, 0.0, 0, 0] 1
dotnet/corefx 6089 6058 [0.5940224626351311, 0.39406604273291856, 0, 0, 0.0, 0, 0] 1
dotnet/corefx 7627 7610 [0.42827055354347854, 0.01288918101227841, 0, 0.7, 1.0, 0, 7] 1
dotnet/corefx 17151 17137 [0.2182762386742431, 0.23333498127748933, 0.07423580786026202, 0.25, 0.0, 1, 1] 1
dotnet/corefx 2694 2675 [0.3497373288374875, 0.4838455563460056, 0, 0.0, 0.0, 0, 0] 1
dotnet/corefx 4160 4157 [1.9501181146344522e-05, 0.0601437639435562, 0.4851063829787234, 0.25, 0.952755905511811, 0, 1] 1
dotnet/corefx 7562 6293 [0.37799290024446597, 0.26145405565583074, 0, 0.09090909090909091, 0.0, 0, 1] 1
dotnet/corefx 16826 16814 [0.26735677713425027, 0.19456448985196273, 1.0, 1.0, 1.0, 0, 1] 1
dotnet/corefx 8741 8740 [0.23573972535584448, 0.0, 0, 1.0, 1.0, 0, 3] 1
dotnet/corefx 14641 14631 [0.25735556880815047, 0.03685581618787883, 0.504, 1.0, 0.8921161825726142, 1, 2] 1
dotnet/corefx 441 438 [0.613152293355546, 0.0, 0.5, 0.21052631578947367, 0.34615384615384615, 0, 4] 1
dotnet/corefx 6585 6194 [0.23985273520504224, 0.12449802140981994, 0.4814356435643564, 0.9, 0.942381562099872, 0, 9] 1
dotnet/corefx 19477 19463 [0.41630729642366654, 0.20813203598810906, 0, 0.0, 0.0, 1, 0] 1
dotnet/corefx 12873 12863 [0.553001483206272, 0.26558361086841387, 0.10872313527180784, 0.04878048780487805, 0.084375, 0, 2] 1
dotnet/corefx 9560 9557 [0.5052760365700056, 0.4757638490644741, 0.0, 0.005780346820809248, 1.0, 0, 1] 1
dotnet/corefx 3686 3046 [0.6407008878482734, 0.38512815593699523, 0.22972972972972974, 0.4, 0.5116279069767442, 0, 2] 1
dotnet/corefx 5345 5327 [0.47576435778657766, 0.015436301805397684, 0.0, 1.0, 1.0, 0, 2] 1
dotnet/corefx 10718 10715 [0.706275121255644, 0.0, 0, 0.007352941176470588, 0.8, 0, 2] 1
dotnet/corefx 9113 9112 [0.8169205454383839, 0.1878170102130456, 0, 1.0, 0.999341816586222, 1, 333] 1
dotnet/corefx 9312 9310 [0.7931122907848632, 0.0, 0, 1.0, 1.0, 0, 29] 1
nodejs/node 12878 12875 [0.5392829522228372, 0.8176028138230662, 0.16939890710382513, 0.8307692307692308, 0.6856106408706167, 0, 54] 1
nodejs/node 1424 493 [-0.0041503911996901574, 0.2083249187979177, 0, 0.0, 0.0, 0, 0] 1
nodejs/node 2350 1785 [0.46263253569854346, 0.30872001399625065, 0.0, 0.16666666666666666, 0.7121771217712177, 0, 2] 1
nodejs/node 3701 2253 [-0.0036219635152609213, 0.10291176957361793, 0, 0.0, 0.0, 0, 0] 1
nodejs/node 12490 12105 [0.00015575570385426208, 0.06697929999492601, 0.20454545454545456, 0.0625, 0.9047619047619048, -1, 1] 1
nodejs/node 7185 7160 [0.017182829603568994, 0.5277619720021158, 0, 0.0, 0.0, -1, 0] 1
nodejs/node 2727 2726 [0.01891665835611013, 0.31522475743016265, 0, 0.0, 0.0, 1, 0] 1
nodejs/node 2727 2725 [-0.013722157269681484, 0.04907106576465631, 0, 0.0, 0.0, 1, 0] 1
nodejs/node 11848 11762 [0.018813063169685222, 0.8909346850990736, 0.0, 0.5, 0.0, 0, 1] 1
nodejs/node 8491 8334 [0.004143296937890389, 0.5885392915810203, 0.01006036217303823, 0.05555555555555555, 0.0, 0, 1] 1
nodejs/node 10339 10239 [0.3084421426811266, 0.7561161208983059, 0.0, 1.0, 0.0, 1, 1] 1
nodejs/node 12231 12230 [0.3137813006927564, 0.31328493598403145, 0, 0.1111111111111111, 0.1625, 0, 1] 1
nodejs/node 2556 2312 [0.26243208999210144, 0.22684078432015944, 0, 0.0, 0.0, 0, 0] 1
nodejs/node 4814 4813 [0.5384600772422451, 0.3507806917483281, 0, 0.9333333333333333, 0.934640522875817, 0, 14] 1
nodejs/node 4265 4254 [0.20206740065015988, 0.47070601926132105, 1.0, 0.3333333333333333, 1.0, 0, 1] 1
nodejs/node 12469 12387 [0.4683074152477198, 0.3266037497814816, 0.2631578947368421, 1.0, 1.0, 0, 1] 1
nodejs/node 7617 7028 [0.3805711194026645, 0.5386364035118347, 0, 0.5, 1.0, 1, 1] 1
nodejs/node 11828 8491 [0.17618763447158103, 0.4671085941261109, 0.5582595870206489, 0.004235907461713913, 0.5685763888888888, 0, 13] 1
nodejs/node 11099 10343 [0.5322806549488285, 0.757718277145207, 0, 0.0, 0.0, 0, 0] 1
nodejs/node 11074 10320 [0.6480387345892407, 0.47490310549526527, 0, 0.0, 0.0, 0, 0] 1
nodejs/node 6987 6947 [0.3011437776063555, 0.4899832578935836, 0.0005078720162519045, 1.0, 0.24444444444444444, 0, 1] 1
nodejs/node 3068 3059 [0.4140073954357635, 0.33873662209349875, 0.11678832116788321, 0.5, 0.4536082474226804, 1, 1] 1
nodejs/node 10579 10282 [0.3346553546396563, 0.7468852283347532, 0.0, 0.3333333333333333, 0.0, 0, 1] 1
nodejs/node 5786 5782 [0.045529986108716905, 0.4233981432794136, 0.07174887892376682, 0.3333333333333333, 0.27626459143968873, 1, 1] 1
nodejs/node 6986 6947 [0.6268436204613363, 0.3974223055346108, 0.0005128205128205128, 1.0, 0.022818026240730177, 0, 1] 1
nodejs/node 2262 1936 [0.7464033569788326, 0.10004381486044776, 0.0, 0.5, 0.0, 0, 1] 1
nodejs/node 7616 7311 [0.5142134341428305, 0.36562340194649007, 0.5, 0.037037037037037035, 0.6666666666666666, 0, 1] 1
nodejs/node 11397 11375 [0.0030764207378340147, 0.6988590406032814, 0, 0.14285714285714285, 1.0, 0, 1] 1
nodejs/node 11610 8551 [0.33403279020933613, 0.5475745868908126, 0, 0.000992063492063492, 0.0, 0, 1] 1
nodejs/node 8016 8010 [0.3286486485595771, 0.9054355532272695, 0, 1.0, 0.0, 0, 1] 1
nodejs/node 6937 6206 [0.5738384058405561, 0.6967507498287575, 0.11032863849765258, 0.5, 1.0, 0, 1] 1
nodejs/node 12231 12204 [0.5822953803029792, 0.3566476929893672, 0, 0.1111111111111111, 0.37142857142857144, 0, 1] 1
nodejs/node 10937 10525 [0.15536488599855244, 0.5883841453078322, 0, 0.5, 1.0, 0, 1] 1
nodejs/node 539 239 [0.29609780274032527, 0.1300884994990613, 0.12121212121212122, 0.3333333333333333, 1.0, 0, 1] 1
nodejs/node 4585 3823 [0.553811398934586, 0.34459737605301416, 0.03571428571428571, 0.3333333333333333, 0.0, 0, 1] 1
nodejs/node 9335 9334 [0.6147828369178288, 0.8148804831388609, 0, 1.0, 1.0, 0, 1] 1
nodejs/node 3853 3848 [0.588117402428979, 0.05389958146497425, 0.2, 1.0, 1.0, 1, 1] 1
nodejs/node 6531 5056 [0.5746530209736939, 0.42415847294559333, 0.01694915254237288, 1.0, 0.7482014388489209, 0, 2] 1
nodejs/node 5690 5689 [0.7624124098955535, 0.9616020825802678, 0, 0.25, 0.5, 1, 1] 1
nodejs/node 10916 10890 [0.6258577451817977, 0.876145780871981, 0.6511627906976745, 1.0, 0.0, 0, 1] 1
nodejs/node 11310 9351 [0.18743927630737425, 0.27978908820649534, 0.0, 1.0, 0.7644444444444445, 0, 2] 1
nodejs/node 12437 9961 [0.7405620528524628, 0.5030090910987158, 0.06896551724137931, 0.6666666666666666, 0.5233644859813084, 0, 4] 1
nodejs/node 9243 9220 [0.5642095018476078, 0.0012425852912056712, 0.0, 1.0, 1.0, 0, 1] 1
nodejs/node 7626 7311 [0.5722078647696419, 0.6285909354219579, 1.0, 0.037037037037037035, 1.0, 1, 1] 1
nodejs/node 3813 2205 [0.5632707594896404, 0.25564560898276606, 0, 0.04, 1.0, 0, 1] 1
nodejs/node 561 161 [0.9668760963452987, 0.08420468991711247, 0.3119015047879617, 0.6, 0.6706586826347305, 0, 3] 1
nodejs/node 8263 8231 [0.6938414346325038, 0.5092071668330936, 1.0, 1.0, 1.0, 0, 1] 1
nodejs/node 10753 10734 [0.7783170537933157, 0.7278693434108082, 0.2261904761904762, 1.0, 0.45714285714285713, 0, 1] 1
nodejs/node 9111 8016 [0.4457803545301458, 0.9160751999119569, 0, 1.0, 0.0, 0, 1] 1
nodejs/node 2252 2251 [0.22834304049719456, 0.00309302741152885, 0.2222222222222222, 0.3333333333333333, 1.0, 1, 1] 1
nodejs/node 8717 8505 [0.24690829771637537, 0.8355538817132924, 0.0, 1.0, 0.52, 0, 1] 1
nodejs/node 9233 9184 [0.34548125425785875, 0.2067580394895852, 0.0, 0.25, 1.0, 0, 1] 1
nodejs/node 385 382 [0.03918944268633799, 0.0, 0.5, 1.0, 0.6666666666666666, 0, 1] 1
nodejs/node 5520 5519 [0.7764889249089433, 0.1670851486914326, 0, 1.0, 1.0, 1, 2] 1
nodejs/node 9535 9482 [0.6317604412124074, 0.5426758752531338, 1.0, 1.0, 1.0, 0, 1] 1
nodejs/node 7911 7745 [0.2895974186643399, 0.3429098247927221, 0, 0.0, 0.0, 0, 0] 1
nodejs/node 81 56 [0.760490320890252, 0.2012917087734121, 0.0, 0.5, 0.0, 0, 1] 1
nodejs/node 3568 3567 [0.7910300689060691, 0.3526917037450624, 0.34375, 0.3333333333333333, 0.0, 1, 1] 1
nodejs/node 8923 3062 [0.6566390624596483, 0.3946452338406106, 0.02127659574468085, 1.0, 1.0, 0, 2] 1
nodejs/node 6537 6536 [0.2830133744107024, 0.48371410539165954, 0.2727272727272727, 0.3157894736842105, 0.8217054263565892, 1, 6] 1
nodejs/node 12777 12316 [0.003385873017332668, 0.6761175517520464, 0, 0, 0.0, 0, 0] 1
nodejs/node 7634 7590 [0.011568847395461325, 0.8821094760363707, 0.0, 0.0001467782181124321, 1.0, 0, 1] 1
nodejs/node 5020 4975 [0.19695563025911514, 0.2791272079994836, 0.0, 0.03225806451612903, 0.18815331010452963, 0, 1] 1
nodejs/node 3774 3722 [-0.00566366084999352, 0.25763475485024623, 0.0, 0.6666666666666666, 0.8089887640449438, 0, 2] 1
nodejs/node 6044 5722 [0.45373252939465, 0.3116471931161444, 0.03680981595092025, 0.25, 0.43564356435643564, -1, 1] 1
nodejs/node 489 482 [0.970800124703533, 0.43205457116682316, 0.07142857142857142, 0.3333333333333333, 1.0, 1, 1] 1
nodejs/node 5783 5544 [0.03181076161420182, 0.4272655320952869, 0, 0.5, 1.0, 0, 2] 1
nodejs/node 7465 5458 [0.03281998271456675, 0.2549643248761546, 0.0, 0.5, 0.9147286821705426, 0, 1] 1
nodejs/node 4124 3511 [0.6645354299108762, 0.8477560401997004, 0.16624365482233502, 0.8, 0.5412844036697247, 1, 4] 1
nodejs/node 6982 6947 [0.6006277585143237, 0.4149389081064475, 0.0, 1.0, 0.02167712492869367, 0, 1] 1
nodejs/node 5251 4277 [0.5174179835104251, 0.4396187916139722, 0.10256410256410256, 0.05263157894736842, 0.4827586206896552, 0, 1] 1
nodejs/node 11278 10423 [0.5323194426185818, 0.4232565062050497, 0, 0.0, 0.0, 0, 0] 1
nodejs/node 13650 13570 [0.7416769255701284, 0.7338356128609687, 0.0234375, 1.0, 0.0, 1, 1] 1
nodejs/node 8697 8549 [0.5771860810667774, 0.4106573186879273, 0.0, 0.5, 0.42105263157894735, 0, 1] 1
nodejs/node 12590 12544 [0.6624702244436262, 0.8697726132158863, 0.11077844311377245, 1.0, 1.0, 0, 1] 1
nodejs/node 8957 8953 [0.1835148722280696, 0.009456063815772412, 1.0, 1.0, 1.0, 0, 1] 1
nodejs/node 601 533 [0.5605832521322461, 0.0916039207264992, 0.11711711711711711, 0.5, 0.617948717948718, 0, 1] 1
nodejs/node 5316 5306 [0.39188993609256995, 0.34431422853499216, 0, 1.0, 1.0, 0, 1] 1
nodejs/node 11533 9352 [0.4983165905764307, 0.33730358537767857, 0, 1.0, 0.8280616382806164, 0, 2] 1
nodejs/node 11599 7850 [0.40538788530476944, 0.8393426851939544, 0.09090909090909091, 0.42857142857142855, 0.3333333333333333, 1, 3] 1
nodejs/node 11143 10786 [0.5803054876283381, 0.6355842652702043, 0, 0.0, 0.0, 0, 0] 1
nodejs/node 6728 6718 [0.8023290743114788, 0.9249456209812319, 0.0, 1.0, 0.0, 0, 1] 1
nodejs/node 11340 11308 [0.6409942845256411, 0.9946870480024241, 0.1206140350877193, 1.0, 0.5144230769230769, 1, 4] 1
nodejs/node 12491 12487 [0.8294412912607765, 0.7543601776219453, 0.015625, 0.5, 0.48, 1, 1] 1
nodejs/node 12492 12487 [0.8019008763475131, 0.8054384920199342, 0.17857142857142858, 0.5, 0.8985507246376812, 0, 1] 1
nodejs/node 5251 4749 [0.49839805625274886, 0.34897820236391813, 0, 0.0, 0.0, 0, 0] 1
nodejs/node 8612 8587 [0.7273100857736636, 0.891893902296075, 0.6923076923076923, 0.3333333333333333, 0.875, 0, 2] 1
nodejs/node 10055 9935 [0.6435415075435038, 0.9351135059748727, 0.2222222222222222, 1.0, 1.0, 0, 1] 1
nodejs/node 12822 12732 [0.6621112107262362, 0.714196182598293, 0.0, 0.014285714285714285, 0.0, 0, 1] 1
nodejs/node 5434 5306 [0.5500333518919774, 0.004692770793135965, 0, 1.0, 1.0, 0, 1] 1
nodejs/node 11838 11823 [0.8094164311413757, 0.1460316092353781, 1.0, 1.0, 1.0, 0, 1] 1
nodejs/node 7933 7932 [0.8584406122323455, 0.5709289371472984, 0, 0.0, 0.0, 1, 0] 1
nodejs/node 4342 4062 [0.7894217175523842, 0.5944631616639059, 0.078125, 1.0, 1.0, 1, 1] 1
nodejs/node 7139 6788 [0.8451672563855809, 0.5950876030894998, 0.24404272801972063, 0.16411378555798686, 0.8964346349745331, 1, 75] 1
nodejs/node 5211 5097 [0.8451672563855809, 0.8700709432943521, 0.9486663311524912, 0.873972602739726, 0.9870905587668594, 1, 318] 1
nodejs/node 12901 12426 [0.86486629734471, 0.7213384418315198, 0.10714285714285714, 1.0, 1.0, 0, 1] 1
nodejs/node 2207 2205 [0.9457179255889058, 0.32529656797934575, 0, 0.45454545454545453, 0.8717948717948718, 0, 15] 1
nodejs/node 7771 7689 [1.0, 0.7562723034609499, 0, 0.0, 0.0, -1, 0] 1
nodejs/node 10583 10531 [0.8907146616967351, 0.7872782439321928, 1.0, 1.0, 1.0, 0, 1] 1
nodejs/node 5007 5003 [0.9211722838426812, 0.0, 0, 1.0, 0.7407407407407407, 0, 1] 1
nodejs/node 9848 9284 [1.0000000000000002, 0.8407145908168178, 0.8110740681233933, 0.7704517704517705, 0.989535490605428, 1, 630] 1
nodejs/node 9578 9575 [0.9999999999999998, 0.9215658351203254, 1.0, 1.0, 1.0, 1, 1] 1
nodejs/node 4310 4258 [0.9999999999999999, 0.35929857537264787, 0.0, 1.0, 1.0, 0, 1] 1
nodejs/node 4958 4110 [0.9460205966084094, 0.7211614721424917, 0.49350818816467673, 0.10073497622135755, 0.8822228074795891, 1, 233] 1
scikit-learn/scikit-learn 3181 2632 [0.06421070692819428, -0.001858918801220625, 0, 0.3333333333333333, 1.0, 0, 1] 1
scikit-learn/scikit-learn 5835 5771 [0.23082023088577783, 0.3643900711806433, 0, 0.5, 1.0, 1, 1] 1
scikit-learn/scikit-learn 6337 6332 [0.00854559839871495, 0.0, 0.16666666666666666, 0.16666666666666666, 0.6666666666666666, 0, 1] 1
scikit-learn/scikit-learn 7015 5900 [0.005917879679813801, 0.18916258383588652, 0.04938271604938271, 1.0, 0.41422594142259417, -1, 2] 1
scikit-learn/scikit-learn 3735 2979 [0.007783530467721148, 0.11976638308198079, 0.00597609561752988, 0.6666666666666666, 0.4585365853658537, 0, 2] 1
scikit-learn/scikit-learn 7350 7312 [0.2523022870137211, 0.9711001518867899, 0, 0.0, 0.0, 1, 0] 1
scikit-learn/scikit-learn 6720 6666 [0.01576442943460779, 0.09499732978966925, 0.056, 0.05555555555555555, 0.0, -1, 1] 1
scikit-learn/scikit-learn 5152 4845 [0.002224474675294132, 0.14216799502354308, 0.0, 0.02040816326530612, 1.0, 0, 1] 1
scikit-learn/scikit-learn 4802 4182 [0.005163827489132468, 0.05967896084701976, 0, 0.0, 0.0, 0, 0] 1
scikit-learn/scikit-learn 6841 5064 [-0.004061983044790767, 0.46577675343400987, 0, 1.0, 0.963302752293578, 1, 1] 1
scikit-learn/scikit-learn 4308 4087 [-0.007393062360261428, 0.23602376334438596, 0.009523809523809525, 1.0, 0.4117647058823529, 0, 2] 1
scikit-learn/scikit-learn 5607 5577 [0.009779164595303506, 0.19836235461723165, 0, 0.0, 0.0, 0, 0] 1
scikit-learn/scikit-learn 4802 4175 [0.014490918979888807, 0.1549643887779188, 0, 0.0, 0.0, 0, 0] 1
scikit-learn/scikit-learn 3760 3655 [-0.0032114524355175205, 0.13905666992321047, 0.25161290322580643, 0.25, 0.0, 0, 1] 1
scikit-learn/scikit-learn 7350 5393 [0.0480050684787019, 0.2431743058156751, 0, 0.0, 0.0, 0, 0] 1
scikit-learn/scikit-learn 6582 6376 [0.21451626630690782, 0.298796124313896, 0.5853658536585366, 1.0, 0.4457831325301205, -1, 2] 1
scikit-learn/scikit-learn 7978 7902 [0.11529197701822871, 0.4996428258931964, 0, 1.0, 0.0, 0, 1] 1
scikit-learn/scikit-learn 7374 5836 [0.16320850666945963, 0.7699888978505942, 0.0, 1.0, 0.43333333333333335, 0, 1] 1
scikit-learn/scikit-learn 6717 1939 [0.5815849436497048, 0.08892644736016353, 0, 0.0, 0.0, -1, 0] 1
scikit-learn/scikit-learn 3432 3236 [0.24488497588629873, 0.013219746847637218, 0, 0.5, 0.0, 1, 1] 1
scikit-learn/scikit-learn 4852 2557 [0.1255464653783118, 0.16187370324959538, 0.0035842293906810036, 0.09090909090909091, 0.3256972111553785, 0, 1] 1
scikit-learn/scikit-learn 8658 4494 [-0.00010813409171085701, 0.4457761535411994, 0.0, 0.16666666666666666, 0.35714285714285715, 1, 1] 1
scikit-learn/scikit-learn 4802 1292 [0.03448157568935489, 0.18066704617675008, 0, 0.0, 0.0, 0, 0] 1
scikit-learn/scikit-learn 8518 8517 [0.381608446721411, 0.9864695233905807, 0.29411764705882354, 1.0, 1.0, 1, 1] 1
scikit-learn/scikit-learn 3574 1176 [0.04614984921509988, 0.0908990990063028, 0.07692307692307693, 0.047619047619047616, 0.42424242424242425, 0, 1] 1
scikit-learn/scikit-learn 7261 6028 [0.16129728993024384, 0.17757847684369743, 0.4043956043956044, 0.8888888888888888, 0.6757990867579908, 0, 8] 1
scikit-learn/scikit-learn 3125 2694 [0.1792769084237226, 0.0, 0.07407407407407407, 0.14285714285714285, 0.0, 0, 1] 1
scikit-learn/scikit-learn 7819 6077 [0.0417214068517335, 0.3021991450350819, 0.0, 0.3333333333333333, 0.17073170731707318, 0, 1] 1
scikit-learn/scikit-learn 7011 7009 [0.029528425882222, 0.9939625105629311, 0, 1.0, 1.0, 1, 1] 1
scikit-learn/scikit-learn 5295 1348 [0.5315928419314275, 0.26886233468077697, 0.1699655765920826, 0.2727272727272727, 0.5568181818181818, 0, 3] 1
scikit-learn/scikit-learn 5420 5008 [0.5710661673211844, 0.047139562468181476, 0.10062893081761007, 1.0, 0.29577464788732394, 1, 3] 1
scikit-learn/scikit-learn 3735 3310 [0.2861054862535769, 0.1688863907568465, 0.003861003861003861, 0.3333333333333333, 0.18716577540106952, 0, 1] 1
scikit-learn/scikit-learn 5718 5712 [0.22803527125621437, 0.26077298217954714, 0.02631578947368421, 0.3333333333333333, 0.125, 0, 1] 1
scikit-learn/scikit-learn 5378 5348 [0.5770229127924776, 0.007770754654511585, 0.11560693641618497, 1.0, 0.5619834710743802, 0, 1] 1
scikit-learn/scikit-learn 1961 1787 [0.473854489933522, 0.36620010285666943, 0.07608695652173914, 0.16666666666666666, 0.8414918414918415, 0, 1] 1
scikit-learn/scikit-learn 7026 1742 [0.5170960618330456, 0.439028898687994, 0, 0.0, 0.0, 0, 0] 1
scikit-learn/scikit-learn 3877 1867 [0.32446336697889744, -0.0003985259739209176, 0.24435883324160704, 0.5714285714285714, 0.41540785498489424, 0, 8] 1
scikit-learn/scikit-learn 7825 6307 [0.22125417132398448, 0.25216579894802627, 0.2222222222222222, 0.125, 0.0, -1, 1] 1
scikit-learn/scikit-learn 6429 4567 [0.48829964927572467, 0.2988876184317752, 0.16417910447761194, 0.6666666666666666, 0.4666666666666667, 0, 2] 1
scikit-learn/scikit-learn 7776 7775 [0.461101209632347, 0.3146700568964906, 0.08333333333333333, 0.5, 0.6181818181818182, 1, 1] 1
scikit-learn/scikit-learn 6307 5642 [0.21961779304760262, 0.12334640423252179, 0.25, 0.2, 0.0, 0, 1] 1
scikit-learn/scikit-learn 6436 6431 [0.620013756112623, 0.5221542886578374, 1.0, 0.3333333333333333, 1.0, 1, 2] 1
scikit-learn/scikit-learn 4852 2263 [0.36106486561755596, 0.23694636645281222, 0.05877413937867338, 0.18181818181818182, 0.6626042334830019, -1, 2] 1
scikit-learn/scikit-learn 6087 5513 [0.5866588429706753, 0.0, 0.28967254408060455, 1.0, 0.5567567567567567, 0, 2] 1
scikit-learn/scikit-learn 3861 3859 [0.782911357005383, 0.24775094301485548, 0, 0.0, 0.0, 0, 0] 1
scikit-learn/scikit-learn 8143 7986 [0.7294309465234516, 0.26736055749400656, 0.9645061728395061, 0.7142857142857143, 1.0, 0, 10] 1
scikit-learn/scikit-learn 5951 5874 [0.5381618077894518, 0.02689298424035794, 0.0, 0.3333333333333333, 0.0, 1, 1] 1
scikit-learn/scikit-learn 6313 5372 [0.689667501564261, 0.22985457685185645, 0, 0.0, 0.0, 0, 0] 1
scikit-learn/scikit-learn 4493 4467 [0.6732051538789621, 0.051238935431903734, 0.0975609756097561, 0.5, 0.2545454545454545, 1, 2] 1
scikit-learn/scikit-learn 5784 2073 [0.3616602599686809, 0.0, 0.23353293413173654, 0.3333333333333333, 0.34782608695652173, 0, 1] 1
scikit-learn/scikit-learn 6712 6505 [0.42059783589119226, 0.28949285992575263, 0.8947368421052632, 1.0, 0.9437751004016064, 0, 9] 1
scikit-learn/scikit-learn 8438 4354 [0.8329008418501341, 0.4432140457604546, 0.2967032967032967, 0.5, 0.15384615384615385, 1, 2] 1
scikit-learn/scikit-learn 8658 8436 [0.9991198789863784, 0.2932734195659454, 0.05504587155963303, 0.16666666666666666, 0.4098360655737705, 1, 1] 1
scikit-learn/scikit-learn 5366 5127 [0.8181008888071963, 0.557170880161101, 0.037383177570093455, 0.25, 0.7272727272727273, 0, 1] 1
scikit-learn/scikit-learn 7390 7229 [0.016106079782481388, 0.23436483326705163, 0.06278026905829596, 0.4, 0.8405172413793104, -1, 2] 1
scikit-learn/scikit-learn 6057 6041 [-0.01767581951118729, 0.3875045764409917, 0.0, 1.0, 0.8478260869565217, 1, 1] 1
scikit-learn/scikit-learn 5297 5277 [0.3813140418488343, 0.083204745491609, 0.35074626865671643, 0.7272727272727273, 0.5643564356435643, 1, 8] 1
scikit-learn/scikit-learn 6874 2616 [0.8239742590874533, 0.07625685047585233, 0, 0.0, 0.0, 0, 0] 1
scikit-learn/scikit-learn 6692 5762 [0.3106686640636463, 0.065524450361782, 0.06542056074766354, 0.3333333333333333, 0.8507462686567164, 0, 1] 1
scikit-learn/scikit-learn 4205 3907 [0.2127212553417466, 0.0, 1.0, 0.16666666666666666, 1.0, 0, 1] 1
scikit-learn/scikit-learn 3306 1714 [0.32507969744247195, -0.014179562365952489, 0, 0.0, 0.0, 0, 0] 1
scikit-learn/scikit-learn 2948 2199 [0.6174072343172591, 0.10948668452381839, 0.015517241379310345, 0.06896551724137931, 0.7674418604651163, 0, 2] 1
scikit-learn/scikit-learn 6586 3638 [0.5268066924393127, 0.24764168050534488, 0, 0.14285714285714285, 0.0, 0, 1] 1
scikit-learn/scikit-learn 3531 3463 [0.7353592220936125, 0.0, 0, 0.0, 0.0, 0, 0] 1
scikit-learn/scikit-learn 6671 5366 [0.668178765302763, 0.005782579757533984, 0, 0.0, 0.0, 0, 0] 1
scikit-learn/scikit-learn 311 296 [0.35492920569319003, 0.4854050983655203, 0.016129032258064516, 0.14285714285714285, 0.296875, 0, 1] 1
scikit-learn/scikit-learn 7541 6176 [0.6330454563424527, 0.8234467146708506, 0, 1.0, 0.0, -1, 1] 1
scikit-learn/scikit-learn 6671 5127 [0.7097983626245269, 0.0035687659508220784, 0, 0.2, 0.7333333333333333, 0, 1] 1
