dotnet/corefx 3267 3264 [0.0, 0.11608294395471963, 0, 0.0, 0.0, 0] 1
dotnet/corefx 6337 6335 [0.0, 0.0, 0.0, 0.06666666666666667, 1.0, 0] 1
dotnet/corefx 6202 6181 [0.0, 0.027876617271149463, 0, 0.5, 0.47058823529411764, 0] 1
dotnet/corefx 20697 20599 [0.0, 0.1386005587567047, 0.7035123966942148, 0.84375, 0.8405519356075124, 0] 1
dotnet/corefx 17428 17419 [0.0, 0.5868745296585643, 0.13333333333333333, 0.1, 1.0, 0] 1
dotnet/corefx 10460 10450 [0.0, 0.0, 0, 0.0, 0.0, 0] 1
dotnet/corefx 15044 14939 [0.0, 0.0, 0, 0.0038819875776397515, 0.6342857142857142, -1] 1
dotnet/corefx 34 32 [0.0, 0.1465863460497019, 0.0851063829787234, 0.14285714285714285, 1.0, 0] 1
dotnet/corefx 419 406 [0.0, 0.0, 0, 0.0, 0.0, 0] 1
dotnet/corefx 7925 7886 [0.0, 0.007430994088137999, 0.0, 0.1, 1.0, 0] 1
dotnet/corefx 16069 9537 [0.0, 0.04026506016271825, 0, 0.0, 0.0, 0] 1
dotnet/corefx 6089 6058 [0.03622973474266957, 0.1476739862128388, 0, 0, 0.0, 0] 1
dotnet/corefx 7627 7610 [0.49554721842705607, 0.0, 0, 0.7, 1.0, 0] 1
dotnet/corefx 17151 17137 [0.0, 0.10406166244859195, 0.0, 0.25, 0.0, 1] 1
dotnet/corefx 2694 2675 [0.19211112262911717, 0.48469824472489303, 0, 0.0, 0.0, 0] 1
dotnet/corefx 4160 4157 [0.0, 0.028984705786331576, 0.4968152866242038, 0.25, 0.952755905511811, 0] 1
dotnet/corefx 7562 6293 [0.06989538962009649, 0.04018951517985766, 0, 0.09090909090909091, 0.0, 0] 1
dotnet/corefx 16826 16814 [0.3107551165056952, 0.10245536081224517, 1.0, 1.0, 1.0, 0] 1
dotnet/corefx 8741 8740 [0.0, 0.0, 0, 1.0, 1.0, 0] 1
dotnet/corefx 14641 14631 [0.0, 0.18886176963247409, 0.48559670781893005, 1.0, 0.8921161825726142, 1] 1
dotnet/corefx 441 438 [0.0, 0.0, 0.3103448275862069, 0.21052631578947367, 0.34615384615384615, 0] 1
dotnet/corefx 6585 6194 [0.22029757438758227, 0.2083018494880377, 0.4144144144144144, 0.9, 0.942381562099872, 0] 1
dotnet/corefx 19477 19463 [0.340519445510845, 0.08291150887828688, 0, 0.0, 0.0, 1] 1
dotnet/corefx 12873 12863 [0.0, 0.08483213166416642, 0.10972568578553615, 0.04878048780487805, 0.084375, 0] 1
dotnet/corefx 9560 9557 [0.0, 0.2982615514817503, 0.0, 0.005780346820809248, 1.0, 0] 1
dotnet/corefx 3686 3046 [0.39802497271423815, 0.23833806943989835, 0.1891891891891892, 0.4, 0.5116279069767442, 0] 1
dotnet/corefx 5345 5327 [0.35529653336239964, 0.0, 0.0, 1.0, 1.0, 0] 1
dotnet/corefx 10718 10715 [0.7958257651941465, 0.0, 0, 0.007352941176470588, 0.8, 0] 1
dotnet/corefx 9113 9112 [0.6113770238547601, 0.0, 0, 1.0, 0.999341816586222, 1] 1
dotnet/corefx 9312 9310 [1.0000000000000002, 0.0, 0, 1.0, 1.0, 0] 1
nodejs/node 12878 12875 [0.42260273574937374, 0.17986474206396144, 0.17218543046357615, 0.8307692307692308, 0.6856106408706167, 0] 1
nodejs/node 1424 493 [0.0, 0.011931674372693112, 0, 0.0, 0.0, 0] 1
nodejs/node 2350 1785 [0.10594489531799915, 0.03263021240210226, 0.0, 0.16666666666666666, 0.7121771217712177, 0] 1
nodejs/node 3701 2253 [0.0, 0.012811492986860675, 0, 0.0, 0.0, 0] 1
nodejs/node 12490 12105 [0.0, 0.009230407727333677, 0.07142857142857142, 0.0625, 0.9047619047619048, -1] 1
nodejs/node 7185 7160 [0.0, 0.19641783644517635, 0, 0.0, 0.0, -1] 1
nodejs/node 2727 2726 [0.0, 0.023402701998612732, 0, 0.0, 0.0, 1] 1
nodejs/node 2727 2725 [0.0, 0.0, 0, 0.0, 0.0, 1] 1
nodejs/node 11848 11762 [0.0, 0.856826154151743, 0.0, 0.5, 0.0, 0] 1
nodejs/node 8491 8334 [0.0, 0.16646271379922362, 0.0, 0.05555555555555555, 0.0, 0] 1
nodejs/node 10339 10239 [0.00430662862977591, 0.23644680997494372, 0.0, 1.0, 0.0, 1] 1
nodejs/node 12231 12230 [0.29091750229304497, 0.144162776671646, 0, 0.1111111111111111, 0.1625, 0] 1
nodejs/node 2556 2312 [0.07538255112286574, 0.07284200980600544, 0, 0.0, 0.0, 0] 1
nodejs/node 4814 4813 [0.47306223197827074, 0.21992487838608926, 0, 0.9333333333333333, 0.934640522875817, 0] 1
nodejs/node 4265 4254 [0.0, 0.2750707395248331, 1.0, 0.3333333333333333, 1.0, 0] 1
nodejs/node 12469 12387 [0.011560217956814901, 0.23610123293583712, 0.23076923076923078, 1.0, 1.0, 0] 1
nodejs/node 7617 7028 [0.06002044301480434, 0.32975337709885016, 0, 0.5, 1.0, 1] 1
nodejs/node 11828 8491 [0.0, 0.1930576848940873, 0.5984930032292788, 0.004235907461713913, 0.5685763888888888, 0] 1
nodejs/node 11099 10343 [0.3644891008689882, 0.21392887420843718, 0, 0.0, 0.0, 0] 1
nodejs/node 11074 10320 [0.16779911925984073, 0.16408106603525022, 0, 0.0, 0.0, 0] 1
nodejs/node 6987 6947 [0.013385584933400403, 0.07757706453499655, 0.0005698005698005698, 1.0, 0.24444444444444444, 0] 1
nodejs/node 3068 3059 [0.0, 0.12536002293509535, 0.0661764705882353, 0.5, 0.4536082474226804, 1] 1
nodejs/node 10579 10282 [0.2105559701818327, 0.28465166681167403, 0.0, 0.3333333333333333, 0.0, 0] 1
nodejs/node 5786 5782 [0.33197255437232204, 0.10963576907574055, 0.03804347826086957, 0.3333333333333333, 0.27626459143968873, 1] 1
nodejs/node 6986 6947 [0.018582765547317675, 0.09842563359680746, 0.0005797101449275362, 1.0, 0.022818026240730177, 0] 1
nodejs/node 2262 1936 [0.571515813260868, 0.07319206214857679, 0.0, 0.5, 0.0, 0] 1
nodejs/node 7616 7311 [0.1358562680989646, 0.09865842162475279, 0.5, 0.037037037037037035, 0.6666666666666666, 0] 1
nodejs/node 11397 11375 [0.470821579138424, 0.20212052197746136, 0, 0.14285714285714285, 1.0, 0] 1
nodejs/node 11610 8551 [0.19951590637203084, 0.07683399126730103, 0, 0.000992063492063492, 0.0, 0] 1
nodejs/node 8016 8010 [0.0, 0.19378982295274177, 0, 1.0, 0.0, 0] 1
nodejs/node 6937 6206 [0.036196668046528775, 0.1814094463306258, 0.12121212121212122, 0.5, 1.0, 0] 1
nodejs/node 12231 12204 [0.3832239383994404, 0.08557406074640612, 0, 0.1111111111111111, 0.37142857142857144, 0] 1
nodejs/node 10937 10525 [0.0, 0.2431656807746602, 1.0, 0.5, 1.0, 0] 1
nodejs/node 539 239 [0.43618908627548025, 0.01857446928900094, 0.18181818181818182, 0.3333333333333333, 1.0, 0] 1
nodejs/node 4585 3823 [0.2071346425751625, 0.09406009355354589, 0.058823529411764705, 0.3333333333333333, 0.0, 0] 1
nodejs/node 9335 9334 [0.10395295921128041, 0.755515850456066, 0, 1.0, 1.0, 0] 1
nodejs/node 3853 3848 [0.19571968461118705, 0.0, 0.2, 1.0, 1.0, 1] 1
nodejs/node 6531 5056 [0.019854195192662533, 0.13641007401073144, 0.0, 1.0, 0.7482014388489209, 0] 1
nodejs/node 5690 5689 [0.32915777170767047, 0.552078380452255, 0.0, 0.25, 0.5, 1] 1
nodejs/node 10916 10890 [0.021043778836334525, 0.42981083508579593, 0.6, 1.0, 0.0, 0] 1
nodejs/node 11310 9351 [0.7452583597392372, 0.20210831632906442, 0.0, 1.0, 0.7644444444444445, 0] 1
nodejs/node 12437 9961 [0.15336541589726602, 0.13205731966458534, 0.07692307692307693, 0.6666666666666666, 0.5233644859813084, 0] 1
nodejs/node 9243 9220 [0.2520569769626652, 0.0, 0.0, 1.0, 1.0, 0] 1
nodejs/node 7626 7311 [0.17183800178615802, 0.19916866271847106, 1.0, 0.037037037037037035, 1.0, 1] 1
nodejs/node 3813 2205 [0.0, 0.18089921977447992, 0, 0.04, 1.0, 0] 1
nodejs/node 561 161 [0.6243476574460124, 0.02832586251849689, 0.23175182481751824, 0.6, 0.6706586826347305, 0] 1
nodejs/node 8263 8231 [0.4268392001768492, 0.17890520674098148, 1.0, 1.0, 1.0, 0] 1
nodejs/node 10753 10734 [0.03420192156481028, 0.36392416567418867, 0.10526315789473684, 1.0, 0.45714285714285713, 0] 1
nodejs/node 9111 8016 [0.0, 0.37323439477860626, 0, 1.0, 0.0, 0] 1
nodejs/node 2252 2251 [0.2868554034857355, 0.0, 0.1111111111111111, 0.3333333333333333, 1.0, 1] 1
nodejs/node 8717 8505 [0.0, 0.23704187343059824, 0.0, 1.0, 0.52, 0] 1
nodejs/node 9233 9184 [0.5670034849307026, 0.0036403321182050586, 0.0, 0.25, 1.0, 0] 1
nodejs/node 385 382 [0.0, 0.0, 0.5, 1.0, 0.6666666666666666, 0] 1
nodejs/node 5520 5519 [0.968347994402181, 0.0547440631627376, 0, 1.0, 1.0, 1] 1
nodejs/node 9535 9482 [0.10563606665125784, 0.19209968589940493, 1.0, 1.0, 1.0, 0] 1
nodejs/node 7911 7745 [0.017326677964664524, 0.2646245950526968, 0, 0.0, 0.0, 0] 1
nodejs/node 81 56 [0.6384959172929167, 0.18995279335370444, 0.0, 0.5, 0.0, 0] 1
nodejs/node 3568 3567 [0.48777409764492613, 0.3155849561089958, 0.34782608695652173, 0.3333333333333333, 0.0, 1] 1
nodejs/node 8923 3062 [0.6125646140112563, 0.32339074708531335, 0.024390243902439025, 1.0, 1.0, 0] 1
nodejs/node 6537 6536 [0.09617620369675478, 0.1437058191700069, 0.2988505747126437, 0.3157894736842105, 0.8217054263565892, 1] 1
nodejs/node 12777 12316 [0.0, 0.11377184432214989, 0, 0, 0.0, 0] 1
nodejs/node 7634 7590 [0.0, 0.4534025254663223, 0.0, 0.0001467782181124321, 1.0, 0] 1
nodejs/node 5020 4975 [0.45569355484667995, 0.24851584225052922, 0.0, 0.03225806451612903, 0.18815331010452963, 0] 1
nodejs/node 3774 3722 [0.0, 0.019626358638645005, 0.0, 0.6666666666666666, 0.8089887640449438, 0] 1
nodejs/node 6044 5722 [0.500725813870288, 0.08411613397323886, 0.012738853503184714, 0.25, 0.43564356435643564, -1] 1
nodejs/node 489 482 [0.3179774780605931, 0.2093393734279342, 0.0, 0.3333333333333333, 1.0, 1] 1
nodejs/node 5783 5544 [0.7543251832174497, 0.22145669197722834, 0, 0.5, 1.0, 0] 1
nodejs/node 7465 5458 [0.0, 0.07101405072182658, 0.0, 0.5, 0.9147286821705426, 0] 1
nodejs/node 4124 3511 [0.20252940870946012, 0.5826687365210683, 0.14829659318637275, 0.8, 0.5412844036697247, 1] 1
nodejs/node 6982 6947 [0.03918255328950159, 0.09151270267454409, 0.0, 1.0, 0.02167712492869367, 0] 1
nodejs/node 5251 4277 [0.6603610319252682, 0.13353142577175078, 0.08695652173913043, 0.05263157894736842, 0.4827586206896552, 0] 1
nodejs/node 11278 10423 [0.21095070594331977, 0.08445894714183057, 0, 0.0, 0.0, 0] 1
nodejs/node 13650 13570 [0.14069602160701575, 0.26917300886882517, 0.02040816326530612, 1.0, 0.0, 1] 1
nodejs/node 8697 8549 [0.039305297303875726, 0.3289195187780833, 0.0, 0.5, 0.42105263157894735, 0] 1
nodejs/node 12590 12544 [0.06696116122046183, 0.3798419753303358, 0.13333333333333333, 1.0, 1.0, 0] 1
nodejs/node 8957 8953 [0.6525351351588116, 0.0, 1.0, 1.0, 1.0, 0] 1
nodejs/node 601 533 [0.4787121138868663, 0.001140835957696951, 0.08306709265175719, 0.5, 0.617948717948718, 0] 1
nodejs/node 5316 5306 [0.5847701675246528, 0.3415700688949513, 0, 1.0, 1.0, 0] 1
nodejs/node 11533 9352 [0.7193829086463407, 0.11033761888157403, 0, 1.0, 0.8280616382806164, 0] 1
nodejs/node 11599 7850 [0.9247296304073382, 0.4122862702819989, 0.10256410256410256, 0.42857142857142855, 0.3333333333333333, 1] 1
nodejs/node 11143 10786 [0.02377527335344684, 0.26726659426225713, 0, 0.0, 0.0, 0] 1
nodejs/node 6728 6718 [0.02302785478868735, 0.7923406787436026, 0.0, 1.0, 0.0, 0] 1
nodejs/node 11340 11308 [0.7629136406871615, 0.9590114880836466, 0.09495548961424333, 1.0, 0.5144230769230769, 1] 1
nodejs/node 12491 12487 [0.05023184018176, 0.2383090361474821, 0.0, 0.5, 0.48, 1] 1
nodejs/node 12492 12487 [0.020419809970414447, 0.29096169049530085, 0.23809523809523808, 0.5, 0.8985507246376812, 0] 1
nodejs/node 5251 4749 [0.5525756803063053, 0.18940122639853216, 0, 0.0, 0.0, 0] 1
nodejs/node 8612 8587 [0.7968233945652462, 0.3840722465972193, 0.8, 0.3333333333333333, 0.875, 0] 1
nodejs/node 10055 9935 [0.03489361518557094, 0.8493532965134634, 0.125, 1.0, 1.0, 0] 1
nodejs/node 12822 12732 [0.06693583765820676, 0.26100687147060725, 0.0, 0.014285714285714285, 0.0, 0] 1
nodejs/node 5434 5306 [0.2867876657899191, 0.0, 0, 1.0, 1.0, 0] 1
nodejs/node 11838 11823 [0.6835243358814085, 0.09654849654009744, 1.0, 1.0, 1.0, 0] 1
nodejs/node 7933 7932 [0.3076678797768957, 0.18532802593824244, 0, 0.0, 0.0, 1] 1
nodejs/node 4342 4062 [0.737266601014768, 0.2424736534627586, 0.13513513513513514, 1.0, 1.0, 1] 1
nodejs/node 7139 6788 [0.8710102758126644, 0.14437959563151098, 0.13092979127134724, 0.16411378555798686, 0.8964346349745331, 1] 1
nodejs/node 5211 5097 [0.8710102758126644, 0.5258790169731603, 0.9233736178966315, 0.873972602739726, 0.9870905587668594, 1] 1
nodejs/node 12901 12426 [0.23759535487687122, 0.22558675504301634, 0.06, 1.0, 1.0, 0] 1
nodejs/node 2207 2205 [0.6514966675313794, 0.13981300629148247, 0, 0.45454545454545453, 0.8717948717948718, 0] 1
nodejs/node 7771 7689 [1.0000000000000002, 0.21807282095038785, 0, 0.0, 0.0, -1] 1
nodejs/node 10583 10531 [0.42132198754307226, 0.8196637775199357, 1.0, 1.0, 1.0, 0] 1
nodejs/node 5007 5003 [0.9262319291181328, 0.0, 0, 1.0, 0.7407407407407407, 0] 1
nodejs/node 9848 9284 [1.0, 0.7009328708228045, 0.7904576551073367, 0.7704517704517705, 0.989535490605428, 1] 1
nodejs/node 9578 9575 [1.0000000000000002, 0.8398620002883816, 1.0, 1.0, 1.0, 1] 1
nodejs/node 4310 4258 [1.0, 0.015912621487890334, 0.0, 1.0, 1.0, 0] 1
nodejs/node 4958 4110 [1.0, 0.27096545648328807, 0.49249633967789164, 0.10073497622135755, 0.8822228074795891, 1] 1
scikit-learn/scikit-learn 3181 2632 [0.0, 0.0, 0, 0.3333333333333333, 1.0, 0] 1
scikit-learn/scikit-learn 5835 5771 [0.06650301238977332, 0.4070432595374841, 0, 0.5, 1.0, 1] 1
scikit-learn/scikit-learn 6337 6332 [0.0, 0.0, 0.25, 0.16666666666666666, 0.6666666666666666, 0] 1
scikit-learn/scikit-learn 7015 5900 [0.0, 0.006373049803645893, 0.04316546762589928, 1.0, 0.41422594142259417, -1] 1
scikit-learn/scikit-learn 3735 2979 [0.0, 0.07900299586268796, 0.002238805970149254, 0.6666666666666666, 0.4585365853658537, 0] 1
scikit-learn/scikit-learn 7350 7312 [0.6185048741178216, 0.9299059052634601, 0, 0.0, 0.0, 1] 1
scikit-learn/scikit-learn 6720 6666 [0.0, 0.016596631972879767, 0.0, 0.05555555555555555, 0.0, -1] 1
scikit-learn/scikit-learn 5152 4845 [0.0, 0.02617595640352607, 0.0, 0.02040816326530612, 1.0, 0] 1
scikit-learn/scikit-learn 4802 4182 [0.0, 0.0019143883560015426, 0, 0.0, 0.0, 0] 1
scikit-learn/scikit-learn 6841 5064 [0.0, 0.4777905630119424, 0, 1.0, 0.963302752293578, 1] 1
scikit-learn/scikit-learn 4308 4087 [0.0, 0.07355742175602738, 0.00819672131147541, 1.0, 0.4117647058823529, 0] 1
scikit-learn/scikit-learn 5607 5577 [0.0, 0.023962765734209097, 0, 0.0, 0.0, 0] 1
scikit-learn/scikit-learn 4802 4175 [0.0, 0.051215315520880225, 0, 0.0, 0.0, 0] 1
scikit-learn/scikit-learn 3760 3655 [0.0, 0.02252271690282807, 0.15625, 0.25, 0.0, 0] 1
scikit-learn/scikit-learn 7350 5393 [0.0, 0.05791652721036679, 0, 0.0, 0.0, 0] 1
scikit-learn/scikit-learn 6582 6376 [0.015658613993354522, 0.16595458103074698, 0.5714285714285714, 1.0, 0.4457831325301205, -1] 1
scikit-learn/scikit-learn 7978 7902 [0.0, 0.15870256259921617, 0, 1.0, 0.0, 0] 1
scikit-learn/scikit-learn 7374 5836 [0.12928876156131275, 0.19197872924857046, 0.0, 1.0, 0.43333333333333335, 0] 1
scikit-learn/scikit-learn 6717 1939 [0.0, 0.043208006712779405, 0, 0.0, 0.0, -1] 1
scikit-learn/scikit-learn 3432 3236 [0.23080750871103373, 0.6319243951341158, 0, 0.5, 0.0, 1] 1
scikit-learn/scikit-learn 4852 2557 [0.22763353007859874, 0.12001579862307962, 0.0017574692442882249, 0.09090909090909091, 0.3256972111553785, 0] 1
scikit-learn/scikit-learn 8658 4494 [0.0, 0.09115987582150532, 0.0, 0.16666666666666666, 0.35714285714285715, 1] 1
scikit-learn/scikit-learn 4802 1292 [0.0, 0.11175577892116474, 0, 0.0, 0.0, 0] 1
scikit-learn/scikit-learn 8518 8517 [0.03768296390901122, 0.9377551733983863, 0.2, 1.0, 1.0, 1] 1
scikit-learn/scikit-learn 3574 1176 [0.39940435734325863, 0.21725547139888385, 0.14285714285714285, 0.047619047619047616, 0.42424242424242425, 0] 1
scikit-learn/scikit-learn 7261 6028 [0.25145471153727733, 0.05639473354579936, 0.1901639344262295, 0.8888888888888888, 0.6757990867579908, 0] 1
scikit-learn/scikit-learn 3125 2694 [0.1435429670333754, 0.0, 0.09090909090909091, 0.14285714285714285, 0.0, 0] 1
scikit-learn/scikit-learn 7819 6077 [0.0, 0.16546396618191675, 0.0, 0.3333333333333333, 0.17073170731707318, 0] 1
scikit-learn/scikit-learn 7011 7009 [0.42119885321790845, 0.9105921868920582, 0, 1.0, 1.0, 1] 1
scikit-learn/scikit-learn 5295 1348 [0.4332528409201619, 0.15368935184252244, 0.137842023748064, 0.2727272727272727, 0.5568181818181818, 0] 1
scikit-learn/scikit-learn 5420 5008 [0.08538740267044305, 0.07450591398630313, 0.08181818181818182, 1.0, 0.29577464788732394, 1] 1
scikit-learn/scikit-learn 3735 3310 [0.0, 0.061843329121295795, 0.0034762456546929316, 0.3333333333333333, 0.18716577540106952, 0] 1
scikit-learn/scikit-learn 5718 5712 [0.6566727239367154, 0.014069285227776054, 0.03125, 0.3333333333333333, 0.125, 0] 1
scikit-learn/scikit-learn 5378 5348 [0.24427359253086134, 0.0, 0.1125, 1.0, 0.5619834710743802, 0] 1
scikit-learn/scikit-learn 1961 1787 [0.45037018883218777, 0.11820805046488041, 0.0735930735930736, 0.16666666666666666, 0.8414918414918415, 0] 1
scikit-learn/scikit-learn 7026 1742 [0.5328986750109065, 0.14469022500256967, 0, 0.0, 0.0, 0] 1
scikit-learn/scikit-learn 3877 1867 [0.6282403707448323, 0.0, 0.22214627477785373, 0.5714285714285714, 0.41540785498489424, 0] 1
scikit-learn/scikit-learn 7825 6307 [0.39801628872785827, 0.11521239721199183, 0.08333333333333333, 0.125, 0.0, -1] 1
scikit-learn/scikit-learn 6429 4567 [0.0, 0.0043074561571925666, 0.056179775280898875, 0.6666666666666666, 0.4666666666666667, 0] 1
scikit-learn/scikit-learn 7776 7775 [0.18500613077012584, 0.24778788358369616, 0.10526315789473684, 0.5, 0.6181818181818182, 1] 1
scikit-learn/scikit-learn 6307 5642 [0.40238293363149547, 0.0480130010765318, 0.1111111111111111, 0.2, 0.0, 0] 1
scikit-learn/scikit-learn 6436 6431 [0.0, 0.1882763532877371, 1.0, 0.3333333333333333, 1.0, 1] 1
scikit-learn/scikit-learn 4852 2263 [0.6223471199259415, 0.17169438416742377, 0.04358593363051015, 0.18181818181818182, 0.6626042334830019, -1] 1
scikit-learn/scikit-learn 6087 5513 [0.1304823423980715, 0.0, 0.2613240418118467, 1.0, 0.5567567567567567, 0] 1
scikit-learn/scikit-learn 3861 3859 [0.11614739596494324, 0.17305009629181295, 0, 0.0, 0.0, 0] 1
scikit-learn/scikit-learn 8143 7986 [0.0, 0.27961200377196793, 0.9679245283018868, 0.7142857142857143, 1.0, 0] 1
scikit-learn/scikit-learn 5951 5874 [0.510152403464402, 0.003433070331460154, 0.0, 0.3333333333333333, 0.0, 1] 1
scikit-learn/scikit-learn 6313 5372 [0.647282625841131, 0.07351941650879705, 0, 0.0, 0.0, 0] 1
scikit-learn/scikit-learn 4493 4467 [0.4850112946535516, 0.1117799799609918, 0.03225806451612903, 0.5, 0.2545454545454545, 1] 1
scikit-learn/scikit-learn 5784 2073 [0.498584582463204, 0.0, 0.2111801242236025, 0.3333333333333333, 0.34782608695652173, 0] 1
scikit-learn/scikit-learn 6712 6505 [0.6214022263480506, 0.11955384086749041, 0.8947368421052632, 1.0, 0.9437751004016064, 0] 1
scikit-learn/scikit-learn 8438 4354 [0.820550088757241, 0.29453395728684545, 0.26, 0.5, 0.15384615384615385, 1] 1
scikit-learn/scikit-learn 8658 8436 [0.8548716692160557, 0.18089575123870744, 0.061855670103092786, 0.16666666666666666, 0.4098360655737705, 1] 1
scikit-learn/scikit-learn 5366 5127 [0.5300047414902409, 0.25988660393211255, 0.023529411764705882, 0.25, 0.7272727272727273, 0] 1
scikit-learn/scikit-learn 7390 7229 [0.0, 0.10406245103414204, 0.08163265306122448, 0.4, 0.8405172413793104, -1] 1
scikit-learn/scikit-learn 6057 6041 [0.0, 0.4267933973615611, 0.0, 1.0, 0.8478260869565217, 1] 1
scikit-learn/scikit-learn 5297 5277 [0.18409892740278017, 0.5071764769554228, 0.273972602739726, 0.7272727272727273, 0.5643564356435643, 1] 1
scikit-learn/scikit-learn 6874 2616 [0.337507405713993, 0.0, 0, 0.0, 0.0, 0] 1
scikit-learn/scikit-learn 6692 5762 [0.12833336841159515, 0.04014079497690743, 0.06060606060606061, 0.3333333333333333, 0.8507462686567164, 0] 1
scikit-learn/scikit-learn 4205 3907 [0.008873357032721468, 0.0, 1.0, 0.16666666666666666, 1.0, 0] 1
scikit-learn/scikit-learn 3306 1714 [0.42973346481813735, 0.0, 0, 0.0, 0.0, 0] 1
scikit-learn/scikit-learn 2948 2199 [0.15300483053487512, 0.021405136277456074, 0.010917030567685589, 0.06896551724137931, 0.7674418604651163, 0] 1
scikit-learn/scikit-learn 6586 3638 [0.0, 0.01909798835258275, 0, 0.14285714285714285, 0.0, 0] 1
scikit-learn/scikit-learn 3531 3463 [0.0, 0.0, 0, 0.0, 0.0, 0] 1
scikit-learn/scikit-learn 6671 5366 [0.0, 0.0, 0, 0.0, 0.0, 0] 1
scikit-learn/scikit-learn 311 296 [0.0811384578465875, 0.08844345397154506, 0.021505376344086023, 0.14285714285714285, 0.296875, 0] 1
scikit-learn/scikit-learn 7541 6176 [0.3778260997165726, 0.23513876056354316, 0, 1.0, 0.0, -1] 1
scikit-learn/scikit-learn 6671 5127 [0.27578315606357656, 0.0, 0, 0.2, 0.7333333333333333, 0] 1
