docker/docker 2974 6923 [0.5714285714285714, 0.03389830508474576, 0, 0.06451612903225806, 0]
docker/docker 21495 22319 [0.5, 0.0787037037037037, 0.3867924528301887, 0.8571428571428571, 0.56]
bitcoin/bitcoin 2121 2861 [0.13636363636363635, 0.06306306306306306, 0.3157894736842105, 0.6428571428571429, 0.09523809523809523]
qgis/QGIS 3881 4074 [0.36363636363636365, 0.11320754716981132, 0.0, 0.56, 0.7032967032967034]
qgis/QGIS 5665 5848 [0.09090909090909091, 0, 0, 0.2, 0]
opencv/opencv 5268 5317 [0.0, 0.10294117647058823, 0.47058823529411764, 0.5, 0.5111111111111111]
adobe/brackets 13813 13826 [0.0, 0.10526315789473684, 0.941747572815534, 0.6666666666666666, 0.75]
apache/spark 1071 1078 [0.10526315789473684, 0.007173601147776184, 0.3793103448275862, 0.5, 0.7109375]
django/django 9826 9828 [0.5, 0.9142857142857143, 1.0, 1.0, 1.0]
rails/rails 26412 26410 [0.7142857142857143, 0, 0, 1.0, 1.0]
spring-projects/spring-boot 11697 11683 [0.75, 0.9111111111111111, 0.6666666666666666, 0.4166666666666667, 0.8085106382978723]
apache/spark 4155 4066 [0.375, 0.8080808080808081, 0.5873015873015873, 0.7142857142857143, 0.6805555555555556]
angular/angular.js 6341 6167 [1.0, 0.21818181818181817, 0.9186046511627907, 1.0, 0.7586206896551724]
bitcoin/bitcoin 8306 8054 [0.75, 0.028169014084507043, 0.09615384615384616, 1.0, 0.0]
twbs/bootstrap 18441 17536 [0.038461538461538464, 0.046296296296296294, 0.3706896551724138, 0.5, 0.3333333333333333]
docker/docker 20589 19513 [0.1875, 0.0958904109589041, 0.3979591836734694, 0.8333333333333334, 0.631578947368421]
spring-projects/spring-boot 11683 11697 [0.75, 0.9111111111111111, 0.6666666666666666, 0.4166666666666667, 0.8085106382978723]
spring-projects/spring-boot 11990 11990 [1.0, 0, 1.0, 1.0, 1.0]
spring-projects/spring-boot 11683 11697 [0.75, 0.9111111111111111, 0.6666666666666666, 0.4166666666666667, 0.8085106382978723]
pytorch/vision 469 472 [0.18181818181818182, 0.0, 0.6, 1.0, 1.0]
pytorch/vision 394 462 [0.15384615384615385, 0.017543859649122806, 0.058823529411764705, 0.5, 0.5]
