angular/angular.js 16560 : [(15601, 0.9964940944354078), (8352, 0.9942185822986727), (12919, 0.9926685854952755), (12777, 0.9917662092973731), (13124, 0.9884210491352444), (15928, 0.983453952566271), (4956, 0.9832396486546562), (5783, 0.9814768870892239), (11523, 0.9798488689848962), (5335, 0.9797421062282808)]
angular/angular.js 16553 : [(14580, 0.9932330200134775), (10191, 0.9926234394867478), (9725, 0.9895858111553472), (13928, 0.9889951968021923), (12236, 0.9835436711570094), (2617, 0.9763709296922893), (1889, 0.9655508135715468), (9077, 0.9604955019195058), (9202, 0.9595864925807936), (11628, 0.9581980541554835)]
angular/angular.js 16544 : [(7279, 0.8018757642917697), (8828, 0.7860131261201387), (13853, 0.738618398882183), (10530, 0.6869081451982918), (12264, 0.6864722883990817), (15361, 0.6685727825005545), (11897, 0.6323437956132629), (15362, 0.6256457658648492), (11222, 0.4890034956974172), (7345, 0.4078004844221941)]
angular/angular.js 16511 : [(6157, 0.8492211851805715), (8451, 0.8352275495016568), (2749, 0.7160387609784767), (16552, 0.7076653422442702), (2545, 0.7016122886880264), (9117, 0.6867502639067463), (14381, 0.6069113845980251), (14386, 0.6039715398161833), (16551, 0.5727417149472926), (11736, 0.5585982818066683)]
angular/angular.js 16506 : [(16502, 0.7940806702670216), (1535, 0.6838701298896813), (2729, 0.6802846028759033), (6235, 0.6765414355606578), (2522, 0.6713212521001303), (10822, 0.6477966326457264), (10823, 0.6477966326457264), (2715, 0.6397447661776916), (12729, 0.6212605563179255), (12346, 0.5261045534350325)]
angular/angular.js 16502 : [(6167, 0.9703739549261011), (6341, 0.9636788950384441), (2701, 0.9227984387603972), (15865, 0.8318084692173635), (7245, 0.8252586843282017), (16506, 0.7940806702670216), (2398, 0.7864215693898934), (12964, 0.7611976864906967), (12729, 0.7409667842178075), (11302, 0.7142874060888962)]
angular/angular.js 16479 : [(6299, 0.9600791571109039), (7396, 0.9380475716968923), (2607, 0.9379291426442361), (5649, 0.9376594712796134), (1547, 0.9362112190814683), (4899, 0.9358070040468487), (2083, 0.93005769049717), (13210, 0.9262650527605492), (5613, 0.9239678244535531), (12201, 0.9233406493914107)]
angular/angular.js 16471 : [(15818, 0.8187810030066821), (15946, 0.7647430984201863), (8823, 0.7092899931130048), (15064, 0.7036354668013971), (14294, 0.6972402569510272), (5315, 0.6416293392564649), (8437, 0.6265382622858975), (5999, 0.5785943391246469), (3697, 0.5706801268688836), (4632, 0.5259019570735493)]
angular/angular.js 16299 : [(15739, 0.940694305760099), (15433, 0.9374564298151397), (15225, 0.9173993023260693), (15872, 0.8972094215386756), (15439, 0.8691920247797015), (15707, 0.8566812065455468), (14056, 0.854416380713519), (15881, 0.8541525571402588), (15483, 0.8305091370425904), (2971, 0.8281383633815328)]
angular/angular.js 16283 : [(16491, 0.9709409121075503), (15770, 0.95413204467492), (15881, 0.9391943829251036), (15433, 0.9050025340648951), (10601, 0.7914060520601786), (10566, 0.7523245381905426), (10085, 0.42906063163539776), (14056, 0.38624563883830415), (5100, 0.3787211579636701), (15439, 0.33617175331352545)]
angular/angular.js 16251 : [(16560, 0.9974261489521749), (4956, 0.9960628569536735), (12919, 0.995014000036532), (12777, 0.9943547756838186), (5335, 0.9899589588149788), (4580, 0.9896081290397644), (8352, 0.9857910548017664), (5314, 0.9848728249524498), (10199, 0.97711564478142), (15601, 0.9767177154267588)]
angular/angular.js 16192 : [(6542, 0.9527242566661304), (6743, 0.9454762290012074), (6540, 0.933408381921926), (9577, 0.7051256346843946), (6691, 0.5727988942759111), (6437, 0.5492359698215561), (12619, 0.28766140775110477), (6508, 0.23359797658354792), (6733, 0.22435727996997415), (12347, 0.1959416467786818)]
angular/angular.js 16061 : [(15693, 0.9899536198440525), (12786, 0.9816067483201508), (11215, 0.9813310680712785), (5251, 0.9810655420253114), (5063, 0.980116373506346), (14064, 0.9772188233255341), (14845, 0.975981882139006), (15697, 0.9751269423909666), (7846, 0.967580377409944), (13641, 0.9667852335804801)]
angular/angular.js 16053 : [(15145, 0.5063356785977814), (6689, 0.4557536753662284), (1177, 0.33825212768754215), (15291, 0.3341618660208183), (15829, 0.32821094821579694), (14692, 0.30655299005165265), (15290, 0.3020401611004645), (14712, 0.28762954819687525), (14488, 0.2367716656242155), (15359, 0.2298071337321124)]
angular/angular.js 15986 : [(16517, 0.969210120856953), (629, 0.9633969753588519), (13113, 0.9618296079028039), (2284, 0.9337164019770071), (4541, 0.9333136655625577), (7599, 0.9277746257090363), (4547, 0.8778601566246034), (7811, 0.8690202113246167), (6171, 0.8575385433521497), (9642, 0.8230418757246042)]
angular/angular.js 15954 : [(14194, 0.8360765767275412), (14522, 0.8251579863402108), (13373, 0.6764150613887163), (12955, 0.6375987026698333), (1810, 0.5531137336798988), (6016, 0.4515747875939588), (16260, 0.43107978602202307), (14056, 0.41649376753211914), (14951, 0.3958365102130496), (15637, 0.3882253215529597)]
angular/angular.js 15877 : [(1744, 0.9957319132960869), (7445, 0.9806640099821504), (5279, 0.97724757360778), (6784, 0.9762864423007421), (914, 0.9755223111741185), (12156, 0.9738591083260829), (4625, 0.9726563158706963), (4204, 0.9703191145042144), (7523, 0.9653989166443432), (3639, 0.9635274677683399)]
angular/angular.js 15865 : [(16316, 0.9932006073467345), (7245, 0.9929297056192296), (5977, 0.9926019795634613), (2121, 0.9877996587620639), (8508, 0.969313159008108), (11302, 0.9669658077603106), (10748, 0.963522131538299), (6573, 0.957535155041098), (5712, 0.9570203357377346), (14488, 0.950532690611064)]
angular/angular.js 15818 : [(3697, 0.899244251303184), (8437, 0.885522388744784), (15946, 0.8755926367266436), (15064, 0.8461987215729244), (16471, 0.8187810030066821), (14294, 0.8085773689656555), (16150, 0.7773545656987753), (13293, 0.7450494942023624), (3670, 0.6614668198630881), (5999, 0.6365411319626307)]
angular/angular.js 15799 : [(8342, 0.6719612833299531), (9157, 0.5723359855475011), (2889, 0.5161133920265989), (7191, 0.4605429879340713), (3320, 0.4547924051097329), (9362, 0.42666881856488525), (3206, 0.4258300529725416), (9298, 0.4236066618154912), (6838, 0.4110660562561772), (14056, 0.4072307318020024)]
angular/angular.js 15707 : [(15881, 0.9436652142800922), (15739, 0.9188651791243793), (15872, 0.8659841768382801), (14056, 0.8570350771369739), (16299, 0.8566812065455468), (15890, 0.7658176069885395), (10065, 0.7487158491413332), (10085, 0.7335479940714941), (14845, 0.6999570968648477), (16491, 0.6069124462670888)]
angular/angular.js 15697 : [(14845, 0.9916459485709767), (15693, 0.9899991369913242), (12786, 0.983533922823785), (5251, 0.9805641166364569), (11215, 0.9756812626810839), (16061, 0.9751269423909666), (2382, 0.9705107311557877), (10745, 0.9696280005722154), (2423, 0.968176164330793), (5063, 0.9649978391866796)]
angular/angular.js 15694 : [(6986, 0.9999903721209653), (5904, 0.9845344359627758), (6983, 0.974122155571956), (9945, 0.9515923205767607), (8607, 0.9231134133551151), (854, 0.8503182792806051), (13458, 0.8278006027576553), (10664, 0.8063383780821375), (12473, 0.7865429976936642), (12479, 0.7865429976936642)]
angular/angular.js 15584 : [(16071, 0.9631928257087935), (15812, 0.960937239089415), (14784, 0.9569897751548717), (14894, 0.9545420562672446), (11784, 0.9503469395757027), (15456, 0.9451361844810435), (11017, 0.9440867491851994), (14233, 0.9375804743894551), (11996, 0.9368993934162138), (11968, 0.9319757182154712)]
angular/angular.js 15555 : [(2859, 0.9973660335927973), (4160, 0.9908897268071476), (8816, 0.9874726946429571), (10756, 0.9845552027657258), (7387, 0.9832652810020283), (2531, 0.9810526072693813), (9415, 0.9808310755428649), (16314, 0.9794126511297722), (7530, 0.979152283032529), (7772, 0.9786192022594273)]
angular/angular.js 15464 : [(14323, 0.9801553474680664), (16314, 0.944233761511422), (14302, 0.9388434303809385), (14737, 0.9136518154903995), (15055, 0.9131227028910271), (15112, 0.9081093153612294), (15149, 0.899218774076554), (15555, 0.8954393709500332), (13318, 0.8921618663943848), (7861, 0.8839539659881214)]
angular/angular.js 15462 : [(12065, 0.9795023826851794), (12786, 0.9682191664778526), (8794, 0.9658066317174457), (5063, 0.9328190149139018), (14230, 0.9230985212659817), (8218, 0.9186943562277259), (11952, 0.9177945388928626), (12068, 0.906960020451315), (15693, 0.8952273468951752), (8032, 0.8815517424652272)]
angular/angular.js 15439 : [(2971, 0.951897692891088), (3320, 0.9482653731576107), (14056, 0.9480511768968227), (9362, 0.945957627163308), (3206, 0.9223178350217693), (15739, 0.9038254578606593), (16299, 0.8691920247797015), (1108, 0.8203197951117686), (14313, 0.815445539477304), (1115, 0.8145412485099401)]
angular/angular.js 15220 : [(4382, 0.9649485361961947), (5155, 0.9577090512636083), (4628, 0.9033051330454993), (6085, 0.8996551488083235), (13553, 0.8836462353893276), (4380, 0.8476196934039564), (10188, 0.8305949321339625), (3128, 0.8073478737762932), (14458, 0.7934691459162738), (9571, 0.7906970132660683)]
angular/angular.js 15072 : [(9795, 0.9943300055089133), (3019, 0.9919612023211893), (6833, 0.9910868074519779), (5598, 0.9882357470788596), (8845, 0.9868527025377062), (15975, 0.9866377777323111), (7304, 0.9864716762439395), (10538, 0.9820660805095127), (9622, 0.9809859344043831), (2089, 0.9792074104230839)]
angular/angular.js 15002 : [(9502, 0.972402969980517), (5714, 0.9711737568362455), (9407, 0.9679784733762696), (14699, 0.963786327700539), (3602, 0.9521234454739663), (8358, 0.9364741555968111), (13575, 0.9303446996633179), (5542, 0.9283816705679216), (8200, 0.9237521399878291), (6982, 0.9165030773020053)]
angular/angular.js 14998 : [(9298, 0.9467071860038223), (14056, 0.9463117786826348), (9362, 0.9459355184925691), (7863, 0.9280660382395038), (7255, 0.927334157220817), (15739, 0.9198141099510768), (1347, 0.8178869503318075), (3331, 0.8043497542904586), (3206, 0.7624855761374111), (12598, 0.7482902628657845)]
angular/angular.js 14833 : [(11865, 0.994949359040267), (10274, 0.9948957559709118), (9157, 0.9943852329590146), (11007, 0.9936837427771836), (16367, 0.9933687863091861), (10318, 0.9918851176407504), (14140, 0.9916901184124841), (9183, 0.9914854392813067), (13483, 0.9904553583375815), (11321, 0.989007145270968)]
angular/angular.js 14779 : [(14675, 0.3987628429255405), (14056, 0.329812698793422), (16110, 0.3144371587627514), (15485, 0.24218895314847763), (14297, 0.2415484404188122), (7138, 0.23200535357081817), (1834, 0.22079335441677037), (8345, 0.204875465023638), (9298, 0.18905339073800048), (9362, 0.18606891569309758)]
angular/angular.js 14772 : [(6890, 0.956648831743394), (5464, 0.9467552378943909), (9623, 0.9458924011202843), (9265, 0.9140302378397454), (936, 0.8495522737545096), (8047, 0.7985728676933891), (9917, 0.7593882244055483), (7263, 0.7593882244055483), (16325, 0.7544846001987144), (7248, 0.7512151767392926)]
angular/angular.js 14674 : [(6910, 0.9907040203118403), (9892, 0.9870604548475218), (8803, 0.9741485536911578), (9032, 0.9720171390817604), (12738, 0.9461451800393594), (5852, 0.925221967908108), (6375, 0.9027370846062807), (6196, 0.8807778072300358), (5655, 0.8774850362082004), (5324, 0.8764525974943649)]
angular/angular.js 14665 : [(13996, 0.974922968428708), (10477, 0.9652380290429264), (14477, 0.8899257046410415), (14518, 0.8327325509388641), (12626, 0.8089073065344206), (11802, 0.8012227104413353), (10338, 0.7755080868677638), (9187, 0.7474875591397292), (10336, 0.693630847120222), (13942, 0.6597648859708238)]
angular/angular.js 14366 : [(12576, 0.980353398492075), (12575, 0.980353398492075), (12577, 0.9615067069897458), (11560, 0.6475876767304156), (12881, 0.6164757357673878), (12669, 0.5573693275411971), (12248, 0.5), (11760, 0.44504927827914215), (11851, 0.35086442359611236), (11853, 0.3504824171096475)]
angular/angular.js 14227 : [(12934, 0.9999819897457134), (12742, 0.996636991996301), (13431, 0.9840327298310355), (12975, 0.9583070993235638), (15555, 0.926549924575901), (13605, 0.9146993711121183), (8628, 0.9019803642976449), (13455, 0.8389084739058517), (6101, 0.8085714394785266), (8933, 0.8076562676302678)]
angular/angular.js 14199 : [(7511, 0.9999958029092363), (5628, 0.9999931590067329), (7496, 0.9999927700426201), (7517, 0.9999902640955164), (8744, 0.9855530400773436), (4556, 0.9527042583561725), (8652, 0.950120028891321), (7237, 0.9499771770998306), (5186, 0.9477425257303121), (8350, 0.9452156489473511)]
angular/angular.js 14166 : [(13408, 0.9605279112866864), (13059, 0.9380271213161243), (11955, 0.9369033367117923), (13822, 0.9309708730624456), (15472, 0.9129737695538431), (14056, 0.905730091504768), (13678, 0.8939904398661895), (13414, 0.8857526857341094), (14760, 0.8644811536006778), (15463, 0.8551665676374832)]
angular/angular.js 14080 : [(6157, 0.8732310925670371), (8451, 0.8309274064056619), (11736, 0.7233606558059896), (2545, 0.6966052171401669), (6569, 0.6927325963151871), (12138, 0.6682111096408438), (7273, 0.647693358736768), (12415, 0.6418607988512846), (12933, 0.6323357000958167), (16552, 0.6282679917174416)]
angular/angular.js 14003 : [(4899, 0.9943981306153257), (1803, 0.9809183444467198), (14593, 0.9773899029711932), (4508, 0.9767456859527732), (1677, 0.9760279690328102), (6480, 0.9758685648980475), (2083, 0.971065250729904), (15160, 0.9709663347948523), (5569, 0.970939006485932), (1547, 0.9701362569247176)]
angular/angular.js 13996 : [(10288, 0.9973263786910993), (10443, 0.9956969761545517), (11340, 0.9840891976782468), (12234, 0.9802770604567729), (14665, 0.974922968428708), (10766, 0.9663567819642372), (14833, 0.965023400214849), (16367, 0.9634732040193672), (11865, 0.9578638246503913), (10274, 0.950208544758981)]
angular/angular.js 13993 : [(5019, 0.8776831644572636), (6303, 0.8736111561996794), (9972, 0.8464359056419588), (6924, 0.8067592163093039), (6327, 0.6652088093589121), (8125, 0.6471152853848903), (16316, 0.5061015878082249), (15359, 0.45904063491510005), (4077, 0.4377331931702032), (10185, 0.43597622132117303)]
angular/angular.js 13976 : [(15243, 0.49377414596591135), (15975, 0.2608646952092481), (7434, 0.2608646952092481), (1177, 0.2398320288335612), (8627, 0.23151900046364693), (14681, 0.21065195623269517), (3009, 0.21065195623269517), (3019, 0.19038459116528772), (15072, 0.18866820393607497), (3609, 0.1883894687341872)]
angular/angular.js 13785 : [(14322, 0.968628062636409), (12598, 0.9444462280841193), (5354, 0.6021055629763874), (14533, 0.5953249508988099), (9448, 0.5731260108236086), (9453, 0.5332699614807452), (7242, 0.5), (6469, 0.4718532268646848), (1721, 0.4620828790356079), (9452, 0.45081238529168083)]
angular/angular.js 13773 : [(12418, 0.9839269162507863), (11011, 0.9449939013768224), (11009, 0.9449939013768224), (11012, 0.9434081940514724), (987, 0.9422553169465699), (15778, 0.9316125922705325), (6489, 0.9297850618985458), (1127, 0.9085619366428982), (2800, 0.9043368210190077), (9037, 0.9018331601768874)]
angular/angular.js 13634 : [(13411, 0.9906964889192069), (13574, 0.8541991767108542), (2452, 0.8534200623602745), (14757, 0.8491981672372166), (6511, 0.838691568793458), (7577, 0.80183392391504), (4501, 0.8007268214322402), (11987, 0.8001776121617903), (3476, 0.7764766977991633), (2523, 0.7522649292289286)]
angular/angular.js 13626 : [(12514, 0.33351589565190976), (14760, 0.11790868659789877), (14559, 0.07054343205608424), (12567, 0.06713989708265182), (11953, 0.06713989708265182), (7735, 0.06190248230806717), (15541, 0.05946639349289598), (8702, 0.05867375313482053), (618, 0.058539079416850257), (302, 0.0563242847716707)]
angular/angular.js 13598 : [(14344, 0.9905987216337466), (5047, 0.9818975459654371), (12919, 0.9587588794848283), (4956, 0.9528440888527938), (13307, 0.9469080560027846), (13306, 0.9469080560027846), (14107, 0.9464385075632138), (3452, 0.9418293909699536), (5314, 0.9376513647702235), (14439, 0.9373889458589594)]
angular/angular.js 13597 : [(14344, 0.9907199561472749), (5047, 0.9823248986924404), (12919, 0.9592169761770731), (4956, 0.9533072556430249), (14107, 0.9469789246416528), (13307, 0.946917388149823), (13306, 0.946917388149823), (3452, 0.9424014510950988), (5314, 0.9381053286955635), (14439, 0.9378403347627385)]
angular/angular.js 13488 : [(12666, 0.9873099748162321), (12340, 0.9730772876567955), (12585, 0.9711555084936079), (12381, 0.9594323419862056), (12490, 0.9398949717069206), (12651, 0.918878107009273), (12696, 0.9107744985033848), (11805, 0.9037199725293122), (13175, 0.9019071588547425), (11852, 0.8925690697859909)]
angular/angular.js 13209 : [(12065, 0.8558659883409798), (7846, 0.826212584006152), (9221, 0.6160742667968698), (696, 0.5848168927269921), (15697, 0.578869042804415), (11952, 0.5712297753390037), (5063, 0.565719678533022), (8702, 0.547006288895377), (5251, 0.5438820205610266), (11006, 0.454850539632016)]
angular/angular.js 13151 : [(12818, 0.9843751364720851), (10764, 0.980847518285781), (16237, 0.9583959129576224), (11411, 0.9566104250258843), (12075, 0.9257297356389026), (12783, 0.9178672730515728), (11046, 0.9167047149595942), (12498, 0.9152615514706455), (10820, 0.9108160769566697), (10850, 0.9029247113923499)]
angular/angular.js 13109 : [(7741, 0.970730428655419), (11363, 0.9030892360111052), (13384, 0.8651922948779861), (7308, 0.8137469169402547), (9251, 0.8136737772814507), (4019, 0.8135495534252569), (6865, 0.7981817955938388), (4866, 0.7917762795264609), (3888, 0.7915233171912986), (9243, 0.7889483481281213)]
angular/angular.js 13059 : [(12459, 0.9455880897955918), (14166, 0.9380271213161243), (11755, 0.9094200937205268), (11947, 0.9042585738788131), (11899, 0.8382188010024577), (11620, 0.8009396372581213), (11956, 0.6944125695298964), (12721, 0.6882882437132432), (11853, 0.6405747404987883), (11273, 0.6402494711290875)]
angular/angular.js 13036 : [(15571, 0.889693014654334), (3247, 0.8840215035399972), (12286, 0.8830014083492982), (10172, 0.8782010344207537), (10170, 0.8782010344207537), (2423, 0.8465408969874015), (3474, 0.8455424634413419), (696, 0.8439906230664651), (12786, 0.8439494441958661), (111, 0.8432380007598533)]
angular/angular.js 12882 : [(8863, 0.993636732572837), (3115, 0.9857919169790306), (15778, 0.9773006361870534), (11023, 0.9744476402728195), (8056, 0.9671914770611171), (5231, 0.9109087691550014), (11096, 0.9098752770263382), (9315, 0.8840377373395184), (6720, 0.8781702382055996), (5574, 0.8606612694848824)]
angular/angular.js 12871 : [(15555, 0.9743700851335417), (4654, 0.9727484145368558), (8816, 0.9491437088187593), (7387, 0.9428288718081411), (7530, 0.9408025077470521), (7772, 0.9253567306604015), (6101, 0.921592911868102), (9415, 0.8784083095603771), (9129, 0.8781871298711229), (5508, 0.8533533281995089)]
angular/angular.js 12830 : [(13725, 0.9780142998847265), (12826, 0.8194313081754749), (13727, 0.7610679156871427), (13726, 0.7457160655397868), (12905, 0.4563982116786949), (14738, 0.33786754468338803), (4549, 0.25080621863009195), (1530, 0.25041889566929604), (4295, 0.20511585295566118), (4244, 0.16863549653516707)]
angular/angular.js 12672 : [(15877, 0.9969717387164614), (4204, 0.996752543943299), (3639, 0.9951339696260743), (1744, 0.9949987374260288), (5279, 0.9907111867004373), (4625, 0.9872260218365723), (6784, 0.9860532533104162), (16161, 0.9852674735933129), (7445, 0.9851067659263443), (4337, 0.9818540620382121)]
angular/angular.js 12654 : [(11355, 0.8309342898066592), (3857, 0.7618278740067149), (5616, 0.6620029014810697), (3073, 0.591317980838963), (1548, 0.5644529758372734), (3979, 0.5528929881763966), (3897, 0.5), (4527, 0.4803346740313789), (2725, 0.45337077757727123), (6122, 0.4179047760623332)]
angular/angular.js 12577 : [(11851, 0.9919709837610297), (14366, 0.9615067069897458), (11853, 0.9341750246276389), (11560, 0.8322825659381771), (12881, 0.6146111669460634), (11825, 0.4281894727408911), (11725, 0.4252556108896113), (11566, 0.4202941769507277), (12245, 0.3927039699048911), (11822, 0.33708680962737797)]
angular/angular.js 12499 : [(2858, 0.9399080600183645), (2103, 0.8322066514132231), (2907, 0.7206029694642748), (2094, 0.6829476793410257), (1544, 0.6679091049630768), (484, 0.49373055314081477), (15573, 0.4709640039592735), (3206, 0.4214802890885425), (4831, 0.3627833998040335), (4874, 0.36108773977618286)]
angular/angular.js 12479 : [(10664, 0.9049626076336215), (7290, 0.8868762740955134), (15694, 0.7865429976936642), (6986, 0.774375409082583), (3030, 0.4726228498258998), (8731, 0.4693082414289852), (14056, 0.3918404498463033), (8634, 0.37916207388765943), (7951, 0.31408603852887634), (16378, 0.2937869734338183)]
angular/angular.js 12213 : [(10676, 0.9999952842494314), (13074, 0.9974399787056287), (14242, 0.996745275323162), (14308, 0.9966424503215024), (16406, 0.9950890896773645), (12903, 0.9943091393568997), (11199, 0.9930923464966473), (7191, 0.9927029059234616), (14726, 0.9847033217904421), (14103, 0.9573357093377998)]
angular/angular.js 12196 : [(12558, 0.9430014778484573), (13061, 0.9253908724001643), (1446, 0.9203484651086422), (15908, 0.9047159310128527), (10290, 0.8977754284933173), (13551, 0.8260672296803376), (8682, 0.8228069963325964), (13693, 0.792412593602796), (8964, 0.760518081118836), (14710, 0.7266960426120953)]
angular/angular.js 12065 : [(15462, 0.9795023826851794), (12050, 0.9631787591186964), (12044, 0.9631787591186964), (12068, 0.9558203538515567), (14230, 0.9520002136530452), (8794, 0.9460847925888606), (8702, 0.9226238516945391), (11215, 0.9199175970735547), (4093, 0.9097110970834305), (4239, 0.9033966220413242)]
angular/angular.js 11948 : [(3282, 0.9922443537741258), (3019, 0.9892750473008352), (2089, 0.98589453626497), (8845, 0.9819350604793045), (2505, 0.9781350128432957), (15072, 0.9781315609930399), (7802, 0.9761255960767028), (6833, 0.9729370746041109), (9622, 0.9711641734780787), (5598, 0.969419880488472)]
angular/angular.js 11923 : [(12498, 0.9804522078695577), (14157, 0.9730604825319011), (13518, 0.9721579380816845), (13429, 0.9716407405681511), (15272, 0.9707119888267879), (13281, 0.9594824724431283), (13340, 0.9557472236972229), (15391, 0.9448020361758896), (12783, 0.9409064272129597), (11483, 0.9381044206263519)]
angular/angular.js 11735 : [(14234, 0.9277244756810812), (12271, 0.8837094353361431), (12278, 0.7878576925933373), (14340, 0.7816977968476011), (14056, 0.7487468268357881), (11722, 0.713599770257022), (5550, 0.674843022691374), (11854, 0.6639958176092366), (13721, 0.6261314366917476), (14914, 0.6167376978059081)]
angular/angular.js 11012 : [(12418, 0.9707834604841418), (13772, 0.9538213601732881), (13798, 0.9458013608505841), (13773, 0.9434081940514724), (12075, 0.874051958189867), (13286, 0.859640268677477), (8056, 0.8529825556761179), (3115, 0.8123712281382119), (2800, 0.7811413249574582), (5231, 0.7669887700493738)]
angular/angular.js 10823 : [(9678, 0.9807639707581748), (10074, 0.9462700822214825), (16316, 0.9249138893107475), (11302, 0.8843093063638794), (12729, 0.8826081907372143), (3325, 0.8796436499413308), (15359, 0.8794843735098055), (12736, 0.8667140229760103), (14202, 0.8585260896089323), (11675, 0.8519978129019627)]
angular/angular.js 10653 : [(1745, 0.9215567837566297), (14011, 0.9064141495409966), (5920, 0.8839137190435071), (6982, 0.8308411994272967), (7809, 0.8152445482797809), (5923, 0.8086188787487074), (5542, 0.7479376157911881), (5860, 0.738518291122652), (4975, 0.7181963885381539), (3395, 0.6726477248693891)]
angular/angular.js 10525 : [(6399, 0.8790403922380363), (4144, 0.8513961896878073), (8767, 0.8127231820772074), (6749, 0.7774388059414804), (3877, 0.7259243113928322), (8540, 0.6991551684734095), (4770, 0.6780661940878752), (4768, 0.6780661940878752), (4767, 0.6780661940878752), (4766, 0.6780661940878752)]
angular/angular.js 10193 : [(11023, 0.948275143426414), (15778, 0.9374714758919752), (3115, 0.9338802117707722), (987, 0.9252117673695681), (5231, 0.9236675144342734), (13773, 0.9002603949064812), (9315, 0.8987651805342928), (11096, 0.8870174285814413), (13798, 0.8821910298093681), (8863, 0.8790221507233952)]
angular/angular.js 10096 : [(15424, 0.9919397088371834), (5507, 0.986799254316817), (11241, 0.9863668812021981), (5688, 0.9862948366194949), (7564, 0.9854721970608848), (5279, 0.9850421119523547), (13184, 0.9838994435198182), (7761, 0.9831894430515542), (2215, 0.9819296799602367), (4492, 0.9810642283900397)]
angular/angular.js 9892 : [(14674, 0.9870604548475218), (12738, 0.9779494828479508), (6910, 0.8860353713915039), (9032, 0.8161811419078139), (8803, 0.7760317790783606), (14537, 0.774544236862372), (5402, 0.770363875140545), (4739, 0.7585450212259808), (2765, 0.7141337889879905), (12238, 0.6456911638500306)]
angular/angular.js 9811 : [(2413, 0.9999963738879265), (6965, 0.9973500626614283), (3388, 0.9969305898349935), (6324, 0.995617127661643), (6732, 0.9943426751675937), (2020, 0.993137946093755), (6786, 0.9930059502820586), (4807, 0.9924677025188257), (10651, 0.9919955127944046), (7140, 0.9918518917883229)]
angular/angular.js 9762 : [(12065, 0.8959241777815871), (15462, 0.8677469717623951), (7456, 0.8472040785844159), (1939, 0.8472040785844159), (11653, 0.8214840035439237), (6201, 0.7759948433609796), (14232, 0.696468453613843), (5913, 0.6696846622170957), (4323, 0.627368883240332), (4289, 0.609969111416953)]
angular/angular.js 9730 : [(2969, 0.9283820129191873), (8924, 0.9269933611869696), (15365, 0.9203510363593517), (6129, 0.914657322018315), (5977, 0.8902090494974675), (9126, 0.8799752754442353), (15865, 0.8769129772405471), (5712, 0.8523881303907017), (16316, 0.8481007337885725), (7161, 0.8468629556376384)]
angular/angular.js 9202 : [(1860, 0.9598976219237751), (16553, 0.9595864925807936), (4616, 0.9530787076268984), (9215, 0.9502601615439532), (3927, 0.9498127574332924), (15057, 0.9422179111692061), (15555, 0.9381776069078352), (8253, 0.9373246493936738), (9415, 0.9346687892762859), (8399, 0.9342258869496862)]
