ansible/ansible 42786 : [(34897, 0.9999997523372536), (34962, 0.9999997451427995), (42695, 0.991834123291497), (29158, 0.9883643072774485), (37418, 0.7342625479031827), (39986, 0.7213032326654875), (17923, 0.7205745571979654), (42736, 0.719082417214395), (40208, 0.7156972485528829), (42430, 0.7144127371072654)]
ansible/ansible 42783 : [(14023, 0.9291919904720181), (15274, 0.9210484065207813), (24923, 0.9199830442648438), (26328, 0.9198371336761322), (32484, 0.9194139729120309), (18587, 0.817881703866887), (32576, 0.8074467519894841), (35310, 0.8002880594812598), (40507, 0.7941871520419548), (41703, 0.7897077131217631)]
ansible/ansible 42781 : [(42643, 0.7857398019562167), (41183, 0.7774576111169088), (35924, 0.7721323060294293), (40837, 0.7484278703952361), (42159, 0.7086733171342229), (40373, 0.7076597154196204), (38018, 0.6998743379796353), (37689, 0.6954287326858479), (41380, 0.6914688300563856), (40493, 0.690992338247047)]
ansible/ansible 42778 : [(36969, 0.9737352717430688), (26436, 0.8233886715937021), (26453, 0.8215059122423836), (19797, 0.7105906427688597), (31852, 0.6482591528647179), (10452, 0.6464914209114532), (34291, 0.5434234042745313), (15168, 0.5360189252330826), (7937, 0.4672616090933759), (11586, 0.4182785636377702)]
ansible/ansible 42777 : [(40568, 0.9308709885158172), (37246, 0.88141074069374), (40757, 0.8793102798152244), (40756, 0.8793102798152244), (35215, 0.8737340109684408), (40839, 0.8635242104758812), (41102, 0.8390514058949501), (36022, 0.8377341540288217), (41962, 0.8296575340360322), (35434, 0.8268882256899585)]
ansible/ansible 42776 : [(32080, 0.9018920916310089), (39578, 0.8942847182952434), (41038, 0.8919080715005037), (25110, 0.8870695972334145), (33722, 0.8785282525260841), (30904, 0.8759638859401179), (28064, 0.8558780754814997), (31578, 0.8352396759699239), (28873, 0.8261776651919854), (41052, 0.8249878915950378)]
ansible/ansible 42775 : [(40606, 0.9887610969573436), (34966, 0.9759856257542435), (37814, 0.9524524582834941), (36789, 0.9386346652965466), (36636, 0.8570413539209722), (35122, 0.7779569846957396), (42736, 0.6818219968758208), (23533, 0.6743269258060065), (37555, 0.6717817420997909), (40464, 0.6560530862050028)]
ansible/ansible 42774 : [(35218, 0.8438724132667318), (40770, 0.8030383346875787), (26784, 0.7872551108521361), (24957, 0.784847218972582), (41049, 0.762838233514013), (27992, 0.7617083478162198), (24716, 0.747027229948292), (25737, 0.7457617779731429), (37202, 0.7413287641979251), (30660, 0.7401627227391866)]
ansible/ansible 42773 : [(12836, 0.9264674239743883), (42709, 0.8349088135193167), (38901, 0.8186027850982572), (40527, 0.7662882915390857), (42370, 0.7655959898356649), (38136, 0.7652150768641034), (42736, 0.7622335343201427), (42257, 0.7618875025079717), (35433, 0.7590871418338205), (42543, 0.7534439430572232)]
ansible/ansible 42771 : [(41845, 0.9999883002388151), (42574, 0.9638607848232364), (37926, 0.7209047521743674), (32333, 0.6899082463475902), (16105, 0.6054758342301907), (26997, 0.5929286829428156), (42081, 0.549090199472258), (18426, 0.486460700502883), (27082, 0.46330828009624064), (36593, 0.42552111826477496)]
ansible/ansible 42770 : [(19537, 0.8971017160072661), (19541, 0.872032960079217), (17119, 0.7361450331664916), (40184, 0.7351588707877725), (18630, 0.7266967205790832), (30894, 0.6933595410212617), (15847, 0.6679749121464406), (475, 0.6475547836210409), (7076, 0.6165276285360529), (37410, 0.5800447384717132)]
ansible/ansible 42767 : [(35310, 0.8886204723781531), (40370, 0.8319732854206949), (35322, 0.8141485682005508), (36651, 0.8025917619436265), (38060, 0.7967984823317232), (40455, 0.7924989676599036), (35309, 0.7781078801152598), (17585, 0.7779227795551737), (37598, 0.7513418939689133), (42593, 0.7417256198765888)]
ansible/ansible 42766 : [(24582, 0.8905810459240825), (11591, 0.8815418776801033), (38689, 0.8258497428871434), (41005, 0.771597443234358), (9419, 0.7021900152325461), (25780, 0.689879251179208), (42685, 0.6557553666426804), (13166, 0.6451060540492294), (22698, 0.5768524268733163), (42679, 0.5627934104344218)]
ansible/ansible 42765 : [(36503, 0.9194781650814609), (20806, 0.7968227370725303), (31455, 0.7670024707003114), (26321, 0.7370757393929004), (36627, 0.6052326055085837), (25702, 0.5850699148504575), (19033, 0.5577452579924165), (31530, 0.5456752196869673), (19790, 0.5404522038768097), (19031, 0.5335979526531578)]
ansible/ansible 42762 : [(40161, 0.9666394130852547), (40095, 0.8754670412157969), (32137, 0.5), (22412, 0.26297389192833015), (34380, 0.24757287235103023), (37282, 0.1499676136814848), (17444, 0.12375715143660676), (39767, 0.12243762957078666), (34027, 0.1140625929940444), (35853, 0.11147211545007159)]
ansible/ansible 42759 : [(42127, 0.9914866418688835), (37207, 0.8894116084714332), (25060, 0.8798618596063725), (42505, 0.8536689721449563), (30804, 0.8533419849280323), (35053, 0.8504684679173266), (23003, 0.8415185661453711), (31126, 0.8351498112446349), (40909, 0.8096914171876203), (42456, 0.8096914171876203)]
ansible/ansible 42758 : [(37845, 0.7641206377061428), (39002, 0.749553567815246), (38080, 0.7382700921185325), (38812, 0.7373652433510346), (38764, 0.7373652433510346), (40261, 0.7353341720177783), (41618, 0.7308136758482301), (42060, 0.7306890674561035), (42171, 0.7277789228266058), (35842, 0.7265251412260094)]
ansible/ansible 42757 : [(21635, 0.988092974709943), (33677, 0.9821764427510251), (21514, 0.9749048653966731), (37595, 0.9743495404563871), (24247, 0.9725972437762951), (30747, 0.960147176925686), (30948, 0.959580561648749), (30458, 0.9490873770665684), (24703, 0.9436342262030758), (27162, 0.9010725077932967)]
ansible/ansible 42755 : [(34622, 0.9943907388897563), (30861, 0.9355582168167493), (28458, 0.9275336812170135), (40191, 0.894098507755588), (41859, 0.8369047374245607), (35638, 0.78168656354668), (42555, 0.7483986985072479), (35197, 0.7475550532571994), (40640, 0.7356315719743006), (35885, 0.7336378017349158)]
ansible/ansible 42753 : [(41452, 0.8711133114066195), (36133, 0.6597236573181974), (18585, 0.6340995515670484), (30283, 0.5587545125540833), (18402, 0.5566418555058887), (20377, 0.5429966588290894), (17230, 0.5154183753776294), (8223, 0.509490669462609), (15467, 0.5092415509561776), (19558, 0.49097193199695693)]
ansible/ansible 42752 : [(30533, 0.9375527234300324), (30530, 0.8422672036133445), (17978, 0.7119031937429391), (33989, 0.6691256513235524), (23620, 0.5086462556402637), (28304, 0.5), (8271, 0.47147093254442196), (31238, 0.4701057684934563), (25879, 0.46087267721982644), (32283, 0.45316688320292253)]
ansible/ansible 42751 : [(34838, 0.9158946611399188), (31450, 0.5196662083733415), (25369, 0.5070960285610309), (42682, 0.45507700364254444), (589, 0.4212015258029891), (18585, 0.40248920056103266), (160, 0.3884263558109155), (18147, 0.3338617956424105), (4193, 0.3322728325216728), (41703, 0.32054594562358707)]
ansible/ansible 42750 : [(15447, 0.8658300796771324), (24946, 0.8004853415270251), (18813, 0.7969842705710177), (18736, 0.7792758218954915), (14937, 0.7715845395289884), (38645, 0.7691315881705275), (36981, 0.7655142569514108), (40741, 0.7413325776394347), (19156, 0.7384518205698329), (41339, 0.7369198086147515)]
ansible/ansible 42748 : [(42403, 0.9999999988799728), (42381, 0.9999999988483842), (42383, 0.9999999970837135), (24089, 0.9339919192944343), (32818, 0.8402473144231606), (19253, 0.8091716603653691), (33232, 0.7055593621648106), (29109, 0.6655857643033883), (30631, 0.527457287460294), (5762, 0.4416347400333002)]
ansible/ansible 42747 : [(42735, 0.999999996998341), (34897, 0.713565658749397), (34962, 0.7135156242661802), (36724, 0.41325268011430843), (37996, 0.40847599808340834), (29125, 0.4061652636132137), (27212, 0.4061652636132137), (37532, 0.3978239921016147), (22815, 0.38957948601890463), (34549, 0.38389827826925726)]
ansible/ansible 42746 : [(19727, 0.9957094874453015), (20791, 0.9170478299352295), (21979, 0.9122693890719853), (24567, 0.8455635395361814), (41315, 0.5), (37813, 0.41595651384300864), (38248, 0.4084457068123472), (37914, 0.35031172757792245), (35601, 0.29910629665395283), (39999, 0.28680737196787603)]
ansible/ansible 42745 : [(2084, 0.6018402689779708), (36685, 0.5235013662372804), (42454, 0.4882744652041517), (2176, 0.4643103772715215), (2174, 0.42526228381016196), (32648, 0.4188435183314637), (7999, 0.40602832369432595), (6051, 0.3506005657411806), (19240, 0.3467960880062229), (4298, 0.3121871932567214)]
ansible/ansible 42744 : [(28626, 0.7999023578829777), (39136, 0.6217485879421664), (39424, 0.36489121069555824), (39468, 0.3069037196053134), (38014, 0.23483670923612923), (37910, 0.23253765067123558), (27730, 0.07503959888485086), (35117, 0.0734795702161171), (36612, 0.063443707666573), (39509, 0.061119202055228194)]
ansible/ansible 42743 : [(35189, 0.7559309789998593), (40945, 0.4692946637927454), (40573, 0.44823620220768845), (35393, 0.3981236638366223), (42526, 0.38926171473685184), (37139, 0.34176305578510174), (40943, 0.32989898591485706), (36737, 0.2795094318675826), (40948, 0.27718886103671575), (37545, 0.2768015953144196)]
ansible/ansible 42739 : [(20868, 0.993080869667815), (20055, 0.9887390945957985), (39125, 0.9487189265143927), (34838, 0.9175621952398169), (36651, 0.9163506330780562), (18263, 0.8853094706127206), (16290, 0.8657880223725236), (23943, 0.8482496958180429), (34230, 0.8469967178202625), (20726, 0.8348627875293314)]
ansible/ansible 42738 : [(27881, 0.35297776037125994), (40074, 0.316537528176745), (39946, 0.30880336418316473), (13376, 0.2594369089594404), (28114, 0.25611634974219744), (24940, 0.24743144186915358), (37769, 0.22648771146760532), (29440, 0.22575865633446046), (28368, 0.2167973870332253), (31853, 0.21305812558340712)]
ansible/ansible 42737 : [(21327, 0.9792998845405475), (36159, 0.9737052321325959), (23051, 0.9637717715929683), (33370, 0.9499305462521935), (24965, 0.9483769104963606), (24518, 0.930118791594236), (20385, 0.9272099459499946), (27568, 0.919582103492167), (22339, 0.9110169067289792), (22378, 0.9088840289518584)]
ansible/ansible 42736 : [(40783, 0.994778792686181), (35301, 0.9542356529450947), (40766, 0.9469359330563494), (40843, 0.9462986868510541), (40460, 0.9458467447645165), (33501, 0.9390687662183871), (14874, 0.8954876115385485), (34783, 0.8930309171906137), (35853, 0.8924410709809237), (40629, 0.8865794187465852)]
ansible/ansible 42730 : [(37318, 0.8898302449010435), (26719, 0.8063084144886963), (33315, 0.7987842620978433), (28155, 0.7291595152200568), (31641, 0.7270923325359104), (26511, 0.7211947825073826), (40043, 0.6942212288216104), (30883, 0.6594401930931851), (19866, 0.6144280309381593), (35812, 0.5860459737112249)]
ansible/ansible 42729 : [(22783, 0.6619130745384019), (26192, 0.5586896187863355), (33594, 0.5088469146644592), (32762, 0.4182372035445198), (18963, 0.3891480857222075), (40117, 0.3837410778922095), (31202, 0.3774697959530499), (23134, 0.372423758318699), (36796, 0.36480734340444765), (18908, 0.30145304715497134)]
ansible/ansible 42724 : [(30157, 0.9032662132256934), (28838, 0.8891837663067527), (30286, 0.8506398350988209), (39484, 0.8080724140330956), (41204, 0.6497329616625602), (41203, 0.6447796528175643), (38347, 0.6003726847738236), (30533, 0.5695320564212298), (30386, 0.5543301993794367), (27130, 0.49020756096714135)]
ansible/ansible 42722 : [(41125, 0.9999908341395582), (34433, 0.37200874456073063), (22775, 0.3410872313178339), (23776, 0.31252472167614165), (20256, 0.29241889014793987), (20778, 0.27032392593573124), (20584, 0.23111864136911583), (28031, 0.22428597253252525), (24815, 0.22096416815762268), (28638, 0.21052946374047932)]
ansible/ansible 42721 : [(21386, 0.7084474953683276), (18924, 0.4143943315228858), (19954, 0.24155475470964083), (23525, 0.19799213792115197), (21103, 0.1921232788127353), (22137, 0.16655516788188388), (24923, 0.1559813340562423), (19219, 0.14812211882252216), (18891, 0.14561178943910552), (18908, 0.13586133846031256)]
ansible/ansible 42720 : [(39960, 0.9526596114562942), (35169, 0.9466601907670968), (39464, 0.7752804320289828), (37739, 0.7436522113554941), (41608, 0.7219409817814466), (35483, 0.6919689818984341), (42163, 0.6841913360379329), (41110, 0.6841043588765516), (42739, 0.6772937534548903), (41113, 0.6480998508109237)]
ansible/ansible 42718 : [(26416, 0.8348767698147214), (19448, 0.8266901749069503), (26523, 0.7917854503890305), (26417, 0.7769885572632435), (25918, 0.7694949315830139), (22168, 0.752821975327529), (22182, 0.679037528197189), (27812, 0.676932386098456), (22501, 0.6718166131690169), (41127, 0.6488084159476816)]
ansible/ansible 42711 : [(28276, 0.9511922966927565), (20601, 0.9379628008438666), (30472, 0.9235437234647235), (40339, 0.9071546900326146), (35860, 0.8190233204550545), (40200, 0.7580652313512211), (18649, 0.7565387714370114), (40568, 0.7564631384580569), (40341, 0.7505611235761592), (39918, 0.7487579076711383)]
ansible/ansible 42709 : [(40409, 0.9999997679147965), (27465, 0.9999958864933723), (37299, 0.9716656261782503), (42394, 0.9325257634803672), (40784, 0.8966945198469387), (42370, 0.8963229920087554), (41678, 0.8809149935038632), (38378, 0.8522284729311616), (37644, 0.8492416493609858), (42123, 0.8435233831459223)]
ansible/ansible 42705 : [(37782, 0.8119952406244728), (25568, 0.8020903152733609), (38375, 0.7990427310832025), (41369, 0.7866870024627348), (28047, 0.78533595357743), (32524, 0.7833664662087932), (25273, 0.7783067862863333), (38996, 0.7696056270933477), (39649, 0.7583318103995856), (22837, 0.743307660905525)]
ansible/ansible 42704 : [(40542, 0.20988609403206768), (24527, 0.17991843486388615), (3078, 0.17436230279858478), (24662, 0.15782097179882015), (24704, 0.13598703843554585), (35160, 0.12962929102861437), (35785, 0.12813925912227886), (24627, 0.12767139826628987), (22857, 0.12722685440402645), (32484, 0.11710326594109355)]
ansible/ansible 42701 : [(37520, 0.9861390991683848), (22148, 0.9681661070660923), (37264, 0.930715645915421), (37345, 0.9297668110538365), (21482, 0.9223297581257298), (21483, 0.9213766920775223), (21480, 0.9206580632873114), (41458, 0.912382054648279), (37004, 0.9118490877384564), (21592, 0.9118209807182837)]
ansible/ansible 42698 : [(37318, 0.9461308498262412), (27236, 0.9434151975037742), (42059, 0.9386585850512802), (42149, 0.937892729814839), (32449, 0.9245529160554867), (40043, 0.9086303383442884), (34208, 0.9013942652231032), (30985, 0.8994293651136878), (36282, 0.8988413609658246), (23284, 0.8813442048466725)]
ansible/ansible 42697 : [(41667, 0.975613414529962), (41642, 0.960743621461735), (41878, 0.905730513428812), (42777, 0.7551747408966665), (41113, 0.7402989185098482), (35600, 0.7246162055050938), (41110, 0.7237769993265487), (37853, 0.7094159567945348), (39990, 0.7045220607297099), (40663, 0.6986253151802928)]
ansible/ansible 42695 : [(34962, 0.9955522699716627), (34897, 0.9953532766281291), (29158, 0.9921899746719781), (42786, 0.991834123291497), (19444, 0.6175789367994391), (40133, 0.6082383175051899), (30352, 0.6027244567094919), (23486, 0.5672959147186513), (42735, 0.5544307619649852), (11791, 0.5526466105379853)]
ansible/ansible 42694 : [(26442, 0.9824807340345473), (35994, 0.9673544730338388), (25300, 0.9619363672205072), (31660, 0.9602034770497159), (21602, 0.9573189086197559), (25838, 0.9556575216436799), (24183, 0.9529829463500257), (24925, 0.9501721206392917), (22916, 0.9432259988224241), (22301, 0.9372656721119572)]
ansible/ansible 42685 : [(42426, 0.9999889024505522), (34564, 0.9918712115722857), (25780, 0.9908920364151514), (41274, 0.9557760078331867), (38574, 0.9538318270975684), (39765, 0.8650512276495751), (26660, 0.8388414412664109), (35601, 0.810259356842552), (41190, 0.7481416827075575), (42766, 0.6557553666426804)]
ansible/ansible 42680 : [(20577, 0.9862990584671913), (26748, 0.9309673398294094), (21115, 0.9144632512146592), (26438, 0.9141925721609476), (33194, 0.9141313877152207), (21862, 0.9039467799792922), (26418, 0.8976157658297224), (26753, 0.8911003488262595), (26610, 0.8733591450446845), (26439, 0.8729681419500042)]
ansible/ansible 42678 : [(19975, 0.8879102849487895), (19932, 0.880285711618171), (19938, 0.8745012683085531), (37868, 0.8260853396659973), (40043, 0.8201649029507143), (35812, 0.8175647012025414), (19857, 0.7815422877596407), (20306, 0.769937355618816), (19866, 0.7377473510190898), (30812, 0.7225176360935502)]
ansible/ansible 42676 : [(28624, 0.9823121639618219), (28932, 0.9268355764523938), (28625, 0.2872361471704149), (34843, 0.2567110785111605), (28202, 0.24949674118360865), (32571, 0.22806640447276544), (28623, 0.17379903358362797), (20191, 0.15505021059624313), (32023, 0.15187788270783287), (28462, 0.13616064778908443)]
ansible/ansible 42673 : [(16516, 0.9999999667009349), (16517, 0.9999999422902197), (23205, 0.9999993814997371), (23231, 0.999999085456307), (32280, 0.9641416641311181), (14742, 0.837536650871563), (24695, 0.7866697357566731), (19239, 0.7549012473224205), (18265, 0.6995263431752214), (13787, 0.5474011506249024)]
ansible/ansible 42668 : [(42247, 0.9999896782248646), (32490, 0.9604115081147098), (40145, 0.9377675208873713), (40656, 0.9293428457153828), (14817, 0.4706584114504899), (40555, 0.456619470340796), (36559, 0.41802881963587407), (24973, 0.3387631227093821), (32408, 0.33033397660759684), (40612, 0.31893912305494865)]
ansible/ansible 42667 : [(38280, 0.7122314891452804), (32326, 0.2879241065093777), (25351, 0.2872017081072686), (38728, 0.2626541393636568), (38727, 0.2626541393636568), (40674, 0.25799022520324655), (40748, 0.25454038958165703), (42022, 0.24462213554701892), (7004, 0.24419768520534377), (18654, 0.21740558663812465)]
ansible/ansible 42665 : [(42247, 0.9999870132042699), (32490, 0.9539890563853533), (40145, 0.9308981950762616), (40656, 0.9229747786969626), (14817, 0.4697537730470639), (40555, 0.41362501516559014), (36559, 0.36127866449265633), (24973, 0.3093917508009169), (40612, 0.2996976356061415), (32408, 0.29139454786859087)]
ansible/ansible 42664 : [(21415, 0.43473689390372), (7004, 0.4259318858043455), (19089, 0.42399627145435), (19093, 0.371566775691693), (19094, 0.35172318666820956), (27725, 0.31621539920820435), (40053, 0.3131861871588063), (36279, 0.3079098677736453), (19092, 0.29733190898189676), (15781, 0.2832240581823634)]
ansible/ansible 42663 : [(33215, 0.9750063819087734), (23620, 0.48579577456779), (41466, 0.4828001678913066), (16300, 0.46697316474066464), (20399, 0.4566253237587597), (20891, 0.4507256368498231), (38322, 0.4505981279372557), (37952, 0.4495116478429851), (36706, 0.43807147790016393), (36559, 0.3923718046090291)]
ansible/ansible 42659 : [(34848, 0.9811064840792147), (30868, 0.9803607090551576), (34850, 0.9398386436393161), (37195, 0.8721166149762749), (34521, 0.8376894538696246), (17933, 0.5204544479745339), (19386, 0.5167075043037958), (34095, 0.448826962819817), (30961, 0.42763456023253305), (34108, 0.34562012440849016)]
ansible/ansible 42657 : [(33215, 0.9760792305649164), (23620, 0.48709513309801167), (41466, 0.4834859008879426), (16300, 0.47295127834071654), (20891, 0.4493451413168145), (38322, 0.4484563710250093), (37952, 0.44734511667413807), (20399, 0.4375427187562835), (36706, 0.42973791740012596), (36559, 0.3903033290525183)]
ansible/ansible 42654 : [(16676, 0.7095512266995281), (2985, 0.7092243358022836), (15121, 0.7054316452503904), (22776, 0.6494678403401138), (15122, 0.647924762287283), (13544, 0.6393077450743325), (15371, 0.5589994765810681), (40460, 0.5451527573360018), (15392, 0.5282832996431931), (19590, 0.5234577926023655)]
ansible/ansible 42650 : [(38708, 0.7026762185364486), (17155, 0.6295548823170791), (40292, 0.5993963106015816), (25385, 0.5520859882474146), (15018, 0.5147732870999562), (38093, 0.5), (40283, 0.4706717303958101), (15006, 0.44051607180910035), (15052, 0.43790616124047327), (34907, 0.43786608669015425)]
ansible/ansible 42645 : [(18587, 0.9167645451790247), (24923, 0.9161297438040945), (18585, 0.910931148670097), (40507, 0.7911881125688958), (32484, 0.7900584733214291), (32576, 0.7846263417352098), (15274, 0.7774089153205587), (26328, 0.7414780799041548), (35322, 0.6692300239801968), (23166, 0.6530159787583203)]
ansible/ansible 42643 : [(42421, 0.9942593997703738), (42535, 0.9940155233612229), (29111, 0.930905285497358), (22854, 0.8904394961291707), (32818, 0.8755344449088458), (33232, 0.8611120700467387), (31379, 0.8122036452477859), (42781, 0.7857398019562167), (40432, 0.7784118902110564), (31140, 0.7677930745274069)]
ansible/ansible 42641 : [(15481, 0.9910064102263385), (15509, 0.9828317900257294), (25764, 0.926557744985812), (42394, 0.9177969724878188), (40839, 0.908868406944429), (19039, 0.8977163642171032), (37644, 0.8838587218076932), (42370, 0.869337478762734), (38378, 0.8638491889556749), (18611, 0.8501936362237651)]
ansible/ansible 42639 : [(37189, 0.9760754383047725), (24720, 0.9529006009113903), (39781, 0.9427263446676131), (22475, 0.9178452455571762), (26044, 0.9115283507229395), (38538, 0.9099540480984847), (20917, 0.8941183131425224), (21320, 0.8717404104093708), (25723, 0.7989631507609426), (39774, 0.7822791419090571)]
ansible/ansible 42635 : [(42005, 0.9999967467806978), (38049, 0.834334997816692), (26495, 0.795064265211164), (42297, 0.48641034710529474), (27684, 0.47564881650503016), (39916, 0.43009161134962126), (24923, 0.39597452771573777), (23656, 0.3919670273395521), (976, 0.33665247857084146), (39665, 0.3291482127614778)]
ansible/ansible 42634 : [(42005, 0.9999967467806978), (38049, 0.834334997816692), (26495, 0.795064265211164), (42297, 0.48641034710529474), (27684, 0.47564881650503016), (39916, 0.43009161134962126), (24923, 0.39597452771573777), (23656, 0.3919670273395521), (976, 0.33665247857084146), (39665, 0.3291482127614778)]
ansible/ansible 42633 : [(37732, 0.8845681606463813), (40757, 0.8198421941209264), (40756, 0.8198421941209264), (38313, 0.7944009146998803), (34745, 0.7795628181530043), (17970, 0.7504530417838959), (34516, 0.7299320609722119), (41110, 0.7157735588088863), (40856, 0.6902710176176925), (40732, 0.6851529925161527)]
ansible/ansible 42630 : [(42127, 0.9940967121833194), (35053, 0.982990398242798), (42471, 0.46222037818319023), (42470, 0.4588175039853926), (42461, 0.4579373896908985), (42759, 0.39374727959519695), (35824, 0.3494527302941499), (18246, 0.14998893690465223), (40265, 0.1346255506108625), (26328, 0.12372177132780512)]
ansible/ansible 42624 : [(27420, 0.99999626513943), (22544, 0.9944279448112351), (20548, 0.9901075478867581), (23266, 0.9891042118552363), (30236, 0.9888556642852206), (20726, 0.9856815455682565), (28673, 0.9855532966161983), (20729, 0.9842225217465805), (21911, 0.949443123559588), (20667, 0.9364045706237389)]
ansible/ansible 42618 : [(41375, 0.9709974893009611), (18784, 0.8669470838851385), (7162, 0.7100805115249809), (38388, 0.7095844896351476), (39718, 0.6901920866516255), (6301, 0.6797852882688035), (37659, 0.6640657567695439), (34541, 0.6640592012999175), (36701, 0.6502160325438737), (35664, 0.644651150548111)]
ansible/ansible 42615 : [(30304, 0.7555056403729327), (37641, 0.6597764793622989), (41608, 0.6484499778949651), (41850, 0.6470793397839444), (36796, 0.6198415698529252), (42083, 0.6198046034373603), (39990, 0.6182237166797975), (42758, 0.6179671155573683), (39002, 0.6170992423201869), (37845, 0.6161520511997393)]
ansible/ansible 42613 : [(41824, 0.9964518527288129), (39755, 0.989922291776977), (36238, 0.9016992254259563), (39839, 0.508635604632499), (37788, 0.4408552786825141), (5062, 0.4087398202887049), (12410, 0.38021312418761094), (32402, 0.36633730578359597), (36123, 0.36371000382560564), (19173, 0.2627443045382321)]
ansible/ansible 42610 : [(26249, 0.31441872924314984), (22205, 0.3007929879380151), (6125, 0.23954509710559388), (20809, 0.23700791651963088), (23166, 0.23106679966280927), (38326, 0.2191128366323063), (27019, 0.20796873048334083), (35310, 0.20137623027395724), (8419, 0.17762117037183023), (6604, 0.17414028134178022)]
ansible/ansible 42609 : [(25387, 0.9875087273915916), (24923, 0.6292007475741007), (25359, 0.5805130467697752), (18799, 0.3699819189852694), (41735, 0.35618759310110737), (23347, 0.33670331046692226), (18908, 0.32280545680807426), (18924, 0.3124473816522645), (25837, 0.3046190616055548), (32874, 0.30336645500519943)]
ansible/ansible 42604 : [(16676, 0.5634506063161117), (19590, 0.43401292431927047), (18902, 0.43401292431927047), (15392, 0.42806410404972767), (15121, 0.4139470974558209), (2985, 0.4086030048065773), (22776, 0.36418413966572777), (15122, 0.36191513660527425), (13544, 0.3514731981321927), (15371, 0.33787141438714696)]
ansible/ansible 42603 : [(24500, 0.9999858519589346), (23811, 0.9972309804653108), (17295, 0.9851894386274842), (12538, 0.9769844322137412), (33113, 0.9556757882155624), (41908, 0.9515121188911874), (42637, 0.9259498558077873), (39152, 0.9204983171544097), (33453, 0.9116521184722388), (37207, 0.908462032162807)]
ansible/ansible 42602 : [(15314, 0.9960028195977839), (23835, 0.9926585951509148), (22178, 0.9830071497442243), (19986, 0.9384120131575583), (28448, 0.933005443695157), (26466, 0.8259062066018538), (8946, 0.7779948858327623), (20079, 0.703461373259155), (24484, 0.5789440840224002), (5276, 0.5569496720840317)]
ansible/ansible 42600 : [(39339, 0.973847626300488), (28552, 0.9345343996525213), (20860, 0.8893529656817939), (29058, 0.8858851612830361), (20108, 0.8588270005239654), (21106, 0.7953678326014559), (34662, 0.7743523632083441), (36976, 0.7652464377231266), (30819, 0.729100245410305), (33318, 0.704275872634304)]
ansible/ansible 42593 : [(34950, 0.8807718346238901), (35310, 0.8696576990667088), (39314, 0.8462818647490276), (36261, 0.8249141475321451), (37855, 0.8243037223125711), (42219, 0.800831334284223), (35322, 0.7957003592563251), (40455, 0.7865979976330851), (36319, 0.7860996734653352), (32420, 0.7859023394244126)]
ansible/ansible 42587 : [(19022, 0.8690206806593349), (27286, 0.8652107089586925), (42007, 0.8006196871976012), (23533, 0.7868920087355178), (25919, 0.7844041963770162), (41834, 0.7779795896970677), (20825, 0.7733592589860975), (23938, 0.7338878319177401), (25979, 0.7255016644535316), (15437, 0.7235001110646666)]
ansible/ansible 42580 : [(27710, 0.2846994041997678), (19205, 0.2784295483382122), (20310, 0.21776268858404124), (23702, 0.21591237550067405), (24107, 0.19909651544411883), (30429, 0.1988703786793807), (38131, 0.18303663218712293), (31629, 0.17896236997642959), (41690, 0.17647121150296394), (37326, 0.17358736485657283)]
ansible/ansible 42575 : [(34662, 0.9406446997027911), (10812, 0.8546078901653), (10760, 0.8457240787129654), (14988, 0.7730417312623749), (11787, 0.7677870581684882), (30819, 0.7286601325346179), (20860, 0.7257340440796622), (33318, 0.7230840210103259), (29058, 0.7071076343337857), (21106, 0.700164568047788)]
ansible/ansible 42571 : [(38782, 0.8465088076341779), (21225, 0.8281694900236967), (26025, 0.7736404831294711), (36789, 0.7562469696484152), (28960, 0.7370785890477742), (32977, 0.7216616359612046), (25901, 0.7096730714759703), (30970, 0.6678977752447495), (22096, 0.6637882579483132), (36486, 0.6459567721636018)]
ansible/ansible 42562 : [(38994, 0.9822583153254263), (36766, 0.9799332471005232), (25924, 0.971433824324449), (34970, 0.914580871115802), (32367, 0.8532752601075299), (24566, 0.8033325869346096), (26052, 0.8017277294728524), (30450, 0.7878527875316004), (22974, 0.7723168431960158), (25251, 0.7549876383808009)]
ansible/ansible 42558 : [(34920, 0.9641005500479128), (22899, 0.9605494252305131), (42277, 0.944929383480634), (34215, 0.9417249928280023), (34050, 0.9387389757206047), (20927, 0.9367827390336128), (33983, 0.9294031076690756), (36228, 0.9224817090802223), (20912, 0.9064675884067269), (34212, 0.8870330211799422)]
ansible/ansible 42555 : [(37708, 0.9999999794246461), (27431, 0.9999950107177417), (20274, 0.9937352143919855), (26567, 0.985390497924278), (24616, 0.9723546593256923), (27410, 0.9345253992678652), (24595, 0.8801696161654562), (34756, 0.8657099333918787), (35638, 0.8388460753951482), (40402, 0.8340035964523747)]
ansible/ansible 42552 : [(40133, 0.6689759796294505), (26010, 0.542173207491882), (31157, 0.5348753411372282), (25364, 0.5282638421213048), (37199, 0.5280785699370912), (23740, 0.5), (37181, 0.4300116339562063), (22822, 0.42351520210562105), (16676, 0.41917421508471137), (19590, 0.37596941847175347)]
ansible/ansible 42548 : [(39301, 0.9392313363836312), (5233, 0.9266612176159964), (42496, 0.5102712835731508), (36352, 0.4640968494211023), (33539, 0.3949749251171868), (39135, 0.3598332164188079), (32484, 0.21145745099802482), (26328, 0.11182047389728803), (36323, 0.08943277434253673), (36633, 0.08735716781305691)]
ansible/ansible 42543 : [(30457, 0.981020596043146), (41101, 0.7873198857465297), (40769, 0.7730775111746335), (39907, 0.768958065220643), (30467, 0.7535096031466247), (42773, 0.7534439430572232), (40040, 0.7355579296484516), (41357, 0.7259115373802886), (28706, 0.7199566621880087), (36943, 0.7118555502638929)]
ansible/ansible 42542 : [(42109, 0.9999922293739304), (36824, 0.9614548481468396), (39817, 0.9592462422697214), (36768, 0.8814066726732701), (37762, 0.8670461208634053), (39534, 0.8513860418757405), (38643, 0.835195076460193), (39213, 0.8321354259010727), (39931, 0.8035837635343253), (32882, 0.7978322107413945)]
ansible/ansible 42538 : [(39660, 0.8757436777355669), (42429, 0.8701748736158155), (40379, 0.8335748865325717), (39371, 0.8173464447524518), (38375, 0.8061620406989938), (39825, 0.7869227083970656), (39824, 0.786650195326855), (42523, 0.7820495297183395), (37268, 0.7816288274781181), (38554, 0.7628172485863839)]
ansible/ansible 42536 : [(27653, 0.8312373336402452), (2224, 0.828787848156768), (22128, 0.7997163976214975), (40152, 0.6437159256630988), (36981, 0.6233434930136776), (27761, 0.5665849152476551), (17089, 0.5640022255093062), (32484, 0.5403833323615486), (20755, 0.5290174868630609), (20099, 0.5168231377304516)]
ansible/ansible 42535 : [(41153, 0.9970552867440643), (40632, 0.9966396555202773), (42356, 0.9944747204175826), (42643, 0.9940155233612229), (41010, 0.9934171343076422), (39638, 0.950843700739155), (40432, 0.8488666060328794), (42205, 0.8378843316200166), (39748, 0.8179534611906404), (41431, 0.7895982127893257)]
ansible/ansible 42533 : [(42112, 0.9960677537854025), (34547, 0.991969604298879), (42380, 0.9913098238482744), (36973, 0.9454336237071299), (37071, 0.9184413612810159), (15481, 0.9010494068724945), (38063, 0.8689427367255649), (18611, 0.8486135737952881), (42370, 0.8184982640929923), (15509, 0.8149144655151679)]
ansible/ansible 42531 : [(42033, 0.9999999960708522), (36818, 0.8656543331171043), (5478, 0.6867411422176001), (35154, 0.6410760898956671), (41087, 0.5966973842371365), (34158, 0.5917846146944031), (35399, 0.5837593018208126), (32028, 0.5809961571581318), (40234, 0.5675883746848532), (36309, 0.5654259161416659)]
ansible/ansible 42529 : [(37285, 0.9966676493169574), (36699, 0.9715437829310797), (17465, 0.9704354328950745), (17293, 0.9531203125433027), (12256, 0.909615974748838), (35022, 0.9037314512560135), (28187, 0.8566401581294487), (39918, 0.7943912852366023), (17475, 0.7930299202668812), (18586, 0.7842113610065876)]
ansible/ansible 42528 : [(41621, 0.956343992125639), (28111, 0.79644784212873), (16962, 0.7652119264642256), (12929, 0.7279051867962355), (2412, 0.7128863273470861), (17696, 0.6978575410800961), (8898, 0.6964746025690963), (41618, 0.6780026175012542), (15919, 0.6774583185812907), (38405, 0.6773977024986035)]
ansible/ansible 42525 : [(41128, 0.9853525420381116), (34215, 0.9606167886752428), (42219, 0.9596998199445632), (34212, 0.897722507225678), (34025, 0.8694490216392949), (41088, 0.8609388172621177), (42558, 0.8441969214522714), (22899, 0.6397784731829967), (39107, 0.6045514934932599), (34920, 0.5889009187207493)]
ansible/ansible 42521 : [(42475, 0.9999999988440982), (32511, 0.6227518647167717), (37956, 0.4296637652098607), (30522, 0.40277935043529983), (36995, 0.3963876742080682), (42737, 0.39483910202304523), (41607, 0.36249629821568174), (37606, 0.35820097262684336), (31605, 0.32170826195000934), (28224, 0.30459563966532377)]
ansible/ansible 42519 : [(39638, 0.9078800268854769), (41153, 0.8756556179884272), (40632, 0.8557044480387775), (34395, 0.8365265433544874), (40432, 0.8285228531081847), (42205, 0.8208056975342137), (37847, 0.8206593110914532), (37527, 0.8178988873484137), (34323, 0.7988234111897412), (39748, 0.7931512950409607)]
ansible/ansible 42518 : [(19316, 0.999983603912223), (19911, 0.9891171856408956), (19262, 0.9850496715131412), (32876, 0.9850194463601559), (41405, 0.9693832531415444), (38965, 0.9669228506592482), (20503, 0.95938306738657), (34369, 0.9455380149866698), (36035, 0.9214059398639499), (39289, 0.8977854601121634)]
ansible/ansible 42517 : [(23288, 0.9804073710302708), (26330, 0.9293672938865951), (23974, 0.9105005761482607), (25600, 0.8873953989439528), (24061, 0.8615103304395854), (25609, 0.8517939227152836), (24055, 0.6572452357516533), (26349, 0.515156940040503), (24555, 0.45167766533051257), (39969, 0.44644728122085425)]
ansible/ansible 42516 : [(20414, 0.9464985598433892), (18233, 0.9463608134894651), (20661, 0.9462056591731753), (18585, 0.9461631511760322), (19007, 0.9459600867180246), (33113, 0.9459550615019441), (31037, 0.9452357284541445), (32230, 0.9445889621804946), (35160, 0.9442947832980844), (34264, 0.9441472524362207)]
ansible/ansible 42515 : [(20414, 0.9464985598433892), (18233, 0.9463608134894651), (20661, 0.9462056591731753), (18585, 0.9461631511760322), (19007, 0.9459600867180246), (33113, 0.9459550615019441), (31037, 0.9452357284541445), (32230, 0.9445889621804946), (35160, 0.9442947832980844), (34264, 0.9441472524362207)]
ansible/ansible 42513 : [(17365, 0.9200533490910718), (18649, 0.8830658180054844), (25098, 0.8789526631629847), (19578, 0.8313504145615547), (13678, 0.6820797888147841), (31385, 0.6754363250565285), (19713, 0.6610086390361618), (33842, 0.5735878889978798), (17186, 0.5704469976986316), (31347, 0.5373282214721778)]
ansible/ansible 42510 : [(34494, 0.9969738290646547), (27696, 0.9393400001587966), (34400, 0.9314563699881667), (28331, 0.9011908023614239), (34306, 0.8053933594546664), (30616, 0.770833809730618), (22206, 0.7631717662989722), (34492, 0.6347392914167288), (7751, 0.5888190656509016), (28818, 0.5802829928014036)]
ansible/ansible 42508 : [(39660, 0.8310029182072772), (42429, 0.8296773769205813), (40379, 0.7989180463091456), (40108, 0.793645436967695), (38045, 0.7881676821296528), (39371, 0.7774975645730146), (34605, 0.7714405146675399), (34606, 0.7649019644575282), (42523, 0.7573038061001741), (38375, 0.7545796097355633)]
ansible/ansible 42505 : [(37207, 0.9777081615965075), (25060, 0.968505129592492), (39775, 0.9619917009395164), (26551, 0.9582587120446028), (41985, 0.943939679725729), (30804, 0.939234404662714), (42151, 0.9347525152486159), (31126, 0.9263072239868837), (24550, 0.9028983401228556), (35875, 0.8981681615123002)]
ansible/ansible 42502 : [(40458, 0.9927999615721732), (29430, 0.46019514575687204), (24906, 0.323113062857997), (36739, 0.2541047549290291), (24144, 0.24014703198432594), (32943, 0.2303194407253618), (25837, 0.2237237972826491), (36986, 0.17547226881697767), (41735, 0.17219791791672595), (32099, 0.15956173132104381)]
ansible/ansible 42500 : [(21107, 0.9861954818605186), (39367, 0.908599994751616), (38008, 0.904829840518554), (40324, 0.8987402998006041), (42247, 0.8960564946474464), (42415, 0.8949169717042638), (39484, 0.8900508708681134), (32408, 0.8836116394048213), (26153, 0.8744605893036124), (34113, 0.8643199249176017)]
ansible/ansible 42494 : [(21862, 0.9480749865832214), (26332, 0.9159068372098939), (28781, 0.9139335959035344), (33194, 0.870683263523323), (26748, 0.8632409208377617), (27713, 0.862922445860425), (27922, 0.851960101605372), (21115, 0.848844628343145), (26438, 0.8413954457519195), (27997, 0.8385732958872737)]
ansible/ansible 42490 : [(25306, 0.9932904822461895), (35750, 0.9744982680893834), (41817, 0.9467694557651302), (22150, 0.9362843239087832), (28838, 0.9086071996019015), (21615, 0.8987210070775521), (28675, 0.8984423146656344), (30157, 0.8952884795179189), (28532, 0.8153978898870348), (33526, 0.798314847651009)]
ansible/ansible 42483 : [(36218, 0.9498816217703229), (32484, 0.9459466024458206), (32576, 0.9452900260337487), (26328, 0.937519848200704), (19881, 0.919612949849935), (36364, 0.9194145146359308), (33113, 0.9076718545121745), (40279, 0.8920946591692257), (24923, 0.8906127599569484), (41568, 0.8898697830788564)]
ansible/ansible 42482 : [(26709, 0.9999964760829658), (32427, 0.9999958208333998), (34236, 0.9970952586906511), (25203, 0.9963255403320689), (41768, 0.995713971867674), (35451, 0.9627259562933919), (37675, 0.4234033864842097), (28950, 0.3586367529507858), (27625, 0.34824385506281375), (40946, 0.30055085427423756)]
ansible/ansible 42481 : [(31817, 0.9999814742440033), (35909, 0.9741978350637158), (26273, 0.9726711890551157), (36558, 0.9432000927170616), (31768, 0.9246974608438405), (41732, 0.8309878533653294), (27294, 0.8272995026327922), (39660, 0.8261370861300689), (42429, 0.8171024252137905), (33644, 0.8115094701563768)]
ansible/ansible 42473 : [(34521, 0.699403570647925), (3044, 0.684920293858098), (23632, 0.684232701203504), (34394, 0.6829207335876355), (30869, 0.6472351939463514), (24048, 0.6386058992578687), (26178, 0.6289043591050797), (28062, 0.6201097966638921), (30961, 0.5941542346496417), (21956, 0.5841117300835384)]
ansible/ansible 42472 : [(42436, 0.894863744048074), (42435, 0.894863744048074), (20249, 0.6450635259465871), (6036, 0.5659188933787577), (22282, 0.5612373025800006), (38184, 0.5390031805092554), (9430, 0.5212699105020703), (20008, 0.5203013356754251), (36943, 0.511094374270418), (40306, 0.5)]
ansible/ansible 42471 : [(34521, 0.6633247092234167), (34394, 0.6456137179157593), (30869, 0.607992084571525), (30961, 0.5569224663186875), (30960, 0.48585510016653966), (34377, 0.47803652416919945), (34423, 0.4702748605155194), (42630, 0.46222037818319023), (32637, 0.44171308068301857), (34374, 0.4281113702467881)]
ansible/ansible 42470 : [(17539, 0.8039043305558493), (35275, 0.7208296672163519), (17052, 0.6750617983743487), (35106, 0.6707519617085635), (27269, 0.645290708542655), (36832, 0.6337944881730188), (36371, 0.6235062857258457), (23888, 0.6159582254343196), (30153, 0.5960679804661031), (27999, 0.5956207279720934)]
ansible/ansible 42468 : [(25398, 0.995572710506113), (28865, 0.9943261530183858), (24141, 0.9909360032482354), (20410, 0.9900878536920538), (32184, 0.9723911404257413), (32024, 0.9686615658218789), (34574, 0.881258328411106), (37205, 0.8606690640143597), (36493, 0.8580561463610482), (40455, 0.8554672654029009)]
ansible/ansible 42467 : [(37328, 0.9030177942734562), (35516, 0.7659378410026041), (36257, 0.7529219410882989), (40770, 0.7218224677074246), (37024, 0.7084000705022222), (38368, 0.671424025518683), (35638, 0.6572494855151572), (38638, 0.6558648452076957), (38693, 0.6485771323063487), (39337, 0.6470510411813044)]
ansible/ansible 42463 : [(33677, 0.9536748105772387), (25619, 0.9369989108932576), (25670, 0.9043161203338804), (26206, 0.8849783881341405), (31177, 0.8644245262995246), (34938, 0.8576333876091558), (23466, 0.8470926371301263), (22149, 0.8440307087842118), (24247, 0.834995966891765), (21514, 0.8224135015186358)]
ansible/ansible 42456 : [(41722, 0.9999991218884271), (14817, 0.9999957148739649), (19349, 0.9999874955536155), (32134, 0.9957016442768722), (13174, 0.9831893962195942), (37837, 0.9830966560012656), (39683, 0.9829676700908835), (35894, 0.9826084784872708), (25425, 0.9796306064807712), (28934, 0.9767581448702933)]
ansible/ansible 42455 : [(26926, 0.9999894980508187), (26925, 0.9999894980508187), (40477, 0.9948493303627424), (37035, 0.9919455558518863), (22339, 0.9905202173554746), (24965, 0.9875148641401673), (27103, 0.987383782747886), (28295, 0.9862297976023332), (21327, 0.9855030126890015), (24518, 0.9823172308163737)]
ansible/ansible 42454 : [(25737, 0.9999998596047537), (28403, 0.9937260942100437), (25914, 0.5414963042359356), (28515, 0.5138652977950066), (42745, 0.4882744652041517), (42742, 0.46387817330039616), (28416, 0.4567134031580932), (34205, 0.4154833591956656), (25692, 0.3896001395928052), (25687, 0.3717578541800226)]
ansible/ansible 42452 : [(42077, 0.9795758201233706), (40043, 0.8343683628340814), (42149, 0.7280659555867851), (42059, 0.7277419585253381), (39246, 0.7038170461041545), (20094, 0.6692623569670043), (20306, 0.6123915552688792), (30345, 0.5813985216048749), (33315, 0.5726567923999314), (30883, 0.5535235764300397)]
ansible/ansible 42451 : [(42077, 0.9898056744737304), (10812, 0.6199976987094278), (42149, 0.5793986378523026), (42059, 0.5785025601772191), (40043, 0.5277045526261769), (10760, 0.523129359322899), (41272, 0.48705282453617915), (42078, 0.46267312727540505), (16142, 0.4372807002315851), (30883, 0.41614619371059913)]
ansible/ansible 42450 : [(42077, 0.9999886264368472), (39246, 0.6596173002549255), (42059, 0.5413261673605237), (24260, 0.5400010855068222), (42149, 0.5395230606369362), (40043, 0.4712563068922156), (42078, 0.4706628598205785), (41272, 0.4416630647986985), (20306, 0.4213356009062686), (30883, 0.38447521259525613)]
ansible/ansible 42443 : [(28453, 0.9810186824702478), (26572, 0.980396527325228), (21539, 0.9773012911341848), (20072, 0.9669841285059053), (39950, 0.9524292643043077), (2173, 0.937855268059885), (33427, 0.9212258603778474), (2224, 0.8965555767560486), (27653, 0.8821448190241962), (2168, 0.8677140865366817)]
ansible/ansible 42442 : [(42308, 0.9999997956381189), (37014, 0.869559709680605), (39535, 0.8539319984392031), (28530, 0.8522800086371551), (41214, 0.8306400969582459), (21250, 0.8185618616262044), (39127, 0.8147943880788872), (33311, 0.8110839137194789), (36753, 0.8107105400162824), (23598, 0.8058885069711901)]
ansible/ansible 42441 : [(38049, 0.8602921363872589), (26495, 0.8346091526656048), (42005, 0.2954922523707532), (14755, 0.270578569115787), (42038, 0.269114731202379), (31695, 0.19267582411261094), (42297, 0.18962293680305686), (23596, 0.15074273707151145), (34264, 0.1435240661788841), (31798, 0.14124634031491487)]
ansible/ansible 42440 : [(38049, 0.8602921363872589), (26495, 0.8346091526656048), (42005, 0.2954922523707532), (14755, 0.270578569115787), (42038, 0.269114731202379), (31695, 0.19267582411261094), (42297, 0.18962293680305686), (23596, 0.15074273707151145), (34264, 0.1435240661788841), (31798, 0.14124634031491487)]
ansible/ansible 42436 : [(42472, 0.894863744048074), (35320, 0.852407408239452), (37129, 0.8340099882838117), (25330, 0.721902152864206), (40376, 0.567709493385733), (36841, 0.5551399528166416), (24777, 0.5065428428630984), (37793, 0.5), (37488, 0.481193954178944), (37816, 0.47727715889363587)]
ansible/ansible 42435 : [(42472, 0.894863744048074), (35320, 0.852407408239452), (37129, 0.8340099882838117), (25330, 0.721902152864206), (40376, 0.567709493385733), (36841, 0.5551399528166416), (24777, 0.5065428428630984), (37793, 0.5), (37488, 0.481193954178944), (37816, 0.47727715889363587)]
ansible/ansible 42428 : [(42073, 0.8520532058299283), (41289, 0.7722579852558226), (37788, 0.7186711513269232), (36593, 0.6644438842892519), (39755, 0.476017079041681), (33892, 0.46067740898437176), (41109, 0.4128760842190707), (36555, 0.38536461432909896), (36907, 0.3663529312120559), (27661, 0.36084911211381043)]
ansible/ansible 42424 : [(34480, 0.9929501732819966), (35641, 0.9904188284478268), (19555, 0.9818674090399834), (29030, 0.9708694505858317), (24314, 0.969648682323773), (19556, 0.9564147121528385), (33304, 0.9485660495252104), (37142, 0.9457459247425903), (28853, 0.9326219038230341), (36332, 0.90478812126726)]
ansible/ansible 42422 : [(35651, 0.8921182480825907), (41532, 0.8674040842534291), (22957, 0.8630306001174811), (41590, 0.8549022576745049), (39152, 0.8451619186252799), (39850, 0.8301011062962349), (24424, 0.8298841183956382), (40671, 0.8259449116551886), (34118, 0.8188193488005707), (35816, 0.8013295636788778)]
ansible/ansible 42421 : [(41153, 0.9999851016067696), (40632, 0.9999811377984037), (42356, 0.9952336769536174), (41010, 0.9946979400803122), (42643, 0.9942593997703738), (39638, 0.9649164149883661), (40432, 0.8781632601950595), (42205, 0.866810121971518), (39748, 0.86098098857857), (41078, 0.852367032451174)]
ansible/ansible 42415 : [(34251, 0.9999988987995014), (34252, 0.9999951039490704), (35343, 0.9999941499308308), (19132, 0.9999920649594792), (35765, 0.9973757737600955), (34069, 0.9958046457702932), (30757, 0.9955306549009334), (34261, 0.9900376270840282), (34019, 0.9892232236311543), (24108, 0.9866794100629723)]
ansible/ansible 42413 : [(23166, 0.7142224134234544), (31555, 0.5066047028590551), (33593, 0.5), (41420, 0.5), (31331, 0.4549892823318399), (35310, 0.443074989507123), (40355, 0.44169620145347754), (36468, 0.4256354133951595), (40722, 0.36756482562346204), (28607, 0.3636545414353396)]
ansible/ansible 42412 : [(41841, 0.9493309111426398), (41288, 0.8710450008872969), (38652, 0.834549290388864), (42406, 0.8097562078574894), (20478, 0.7941598886854098), (28064, 0.747549416419713), (39918, 0.732708392933833), (41142, 0.7260133018861572), (41349, 0.7095734141297223), (17909, 0.7061642503041783)]
ansible/ansible 42410 : [(30346, 0.9999969069078768), (40043, 0.6903759692869812), (30883, 0.636496536590037), (15560, 0.6211902371254976), (33315, 0.5705347668622852), (42149, 0.5508089940006008), (36409, 0.5417494187847415), (42059, 0.5402675754381292), (27898, 0.5270540304700165), (32449, 0.4743143640986112)]
ansible/ansible 42403 : [(42748, 0.9999999988799728), (37098, 0.991113211855933), (24089, 0.987042424104661), (32818, 0.9622623469584454), (19253, 0.9513445071336675), (33232, 0.9174490952845223), (29109, 0.8867667474808537), (26377, 0.663447671549397), (30631, 0.6095423639619987), (5762, 0.43537541955973863)]
ansible/ansible 42401 : [(41991, 0.9546820015095667), (42015, 0.941787525651129), (42622, 0.803389466256649), (28525, 0.41501545359511455), (21062, 0.3868074704576485), (33593, 0.3482254238755787), (42413, 0.32177231355957325), (33902, 0.256367069556199), (20121, 0.2561560877352128), (33691, 0.2466690240899765)]
ansible/ansible 42400 : [(32923, 0.994786242323716), (28132, 0.9876920880015896), (25251, 0.9817017126411225), (32401, 0.9753316318709802), (30450, 0.973330153118698), (25376, 0.9709168162302902), (33946, 0.9589484795384075), (24406, 0.9571189413394824), (37333, 0.9535035739239561), (37686, 0.9424732464655325)]
ansible/ansible 42395 : [(15850, 0.9999975357533316), (41441, 0.9999864638085926), (22403, 0.9960190636213676), (20244, 0.995654329119005), (25159, 0.990005237994964), (11674, 0.9882112394686929), (41132, 0.9880187081118004), (21920, 0.9879893359071137), (13690, 0.9860637575259601), (16169, 0.9814425956706644)]
ansible/ansible 42387 : [(20880, 0.21618267632441193), (35206, 0.14193900861115083), (21450, 0.13731063884786623), (32871, 0.12693531753287426), (160, 0.11954359087489697), (33195, 0.11825669852392051), (25369, 0.11491720972099054), (22003, 0.1088881302317019), (33475, 0.09671626233699764), (27294, 0.09319241806850403)]
ansible/ansible 42386 : [(35206, 0.3027483531385128), (34097, 0.20463146685715014), (41139, 0.1757083680337832), (20880, 0.15547362143725382), (5508, 0.14568585196849573), (32991, 0.14174351705218374), (3944, 0.13959758570604874), (37722, 0.1348165473926895), (23473, 0.12463744578050626), (36138, 0.11482365622701338)]
ansible/ansible 42380 : [(40839, 0.9972456211877841), (42112, 0.9971140471282814), (34547, 0.9924954935319628), (42533, 0.9913098238482744), (38028, 0.9151340767141336), (15481, 0.9133768980299672), (23088, 0.9102010544606508), (21508, 0.9030281133503986), (24977, 0.9026944027331338), (18611, 0.9015616644329582)]
ansible/ansible 42376 : [(29031, 0.9949176797677879), (20314, 0.9932478687165268), (26103, 0.6909759394344195), (26094, 0.6893373824697344), (14500, 0.6762536444149733), (24663, 0.5769833137810287), (14921, 0.5747347199246541), (18673, 0.4352370553501976), (42538, 0.4328216714088956), (30811, 0.4316963089707558)]
ansible/ansible 42375 : [(41743, 0.9652118012505079), (35071, 0.964201834111069), (34826, 0.9559428721952651), (39178, 0.9503007452412677), (42205, 0.9494928481721203), (34748, 0.9460204159418483), (35136, 0.9449111347023362), (38695, 0.9422497259143026), (35137, 0.9354382802631348), (38824, 0.9235083015122063)]
ansible/ansible 42356 : [(42421, 0.9952336769536174), (42535, 0.9944747204175826), (27358, 0.9505911785227211), (27195, 0.9367246891885286), (33040, 0.9367239917107884), (42603, 0.8944461635857269), (31664, 0.8877392530302199), (38101, 0.8700720565925334), (31379, 0.8536328224038192), (41908, 0.8263345214927343)]
ansible/ansible 42354 : [(31629, 0.9943847344574338), (23773, 0.97829125534535), (27898, 0.9746061864716214), (26527, 0.9642626029261321), (24829, 0.9611298459979879), (24841, 0.9587290719759511), (19395, 0.6011838705170834), (40527, 0.5956681924007157), (30883, 0.5683432603523352), (33315, 0.5265160650553334)]
ansible/ansible 42350 : [(39175, 0.9258304326491229), (34238, 0.8742112820677868), (26789, 0.7583944543645496), (22792, 0.5462978595322951), (22187, 0.36931707728736257), (1949, 0.2973788695911491), (41881, 0.2690929427137812), (5929, 0.26409647188865715), (40797, 0.22870732762233437), (5597, 0.21489174228425623)]
ansible/ansible 42347 : [(34302, 0.7787733204098967), (23254, 0.7070085294537533), (27936, 0.6416211771889888), (42188, 0.5254405768787084), (39662, 0.5144470126907777), (20760, 0.5098371481590703), (34453, 0.5), (37301, 0.49474330662892524), (34308, 0.4941560164121289), (28228, 0.4771906104994823)]
ansible/ansible 42346 : [(21236, 0.6953391946232697), (19786, 0.6784188481657861), (19785, 0.6545210006664441), (25021, 0.6222343785591056), (24923, 0.6222343785591056), (36832, 0.5946097478094294), (6721, 0.5804974970798485), (25290, 0.5743876441351774), (16976, 0.5740597589581288), (16979, 0.5549533169318133)]
ansible/ansible 42345 : [(39102, 0.9999890996736505), (36683, 0.9945453237838138), (36823, 0.9786460040342907), (41936, 0.9066803691622034), (35160, 0.8222285881346182), (40837, 0.8123704969837872), (37598, 0.8051273001648381), (42488, 0.7999223082580627), (41183, 0.797708301956136), (39292, 0.7944712821464653)]
ansible/ansible 42321 : [(35434, 0.8507786433171854), (36319, 0.803607287312597), (23907, 0.7898372968268084), (41792, 0.775424679994416), (39909, 0.7732308299103434), (35280, 0.7671312568828025), (15000, 0.764156485206817), (41339, 0.7633776962786475), (20185, 0.7492297361109584), (34512, 0.7429172164178925)]
ansible/ansible 42315 : [(28808, 0.99326355478305), (28742, 0.9854063498532663), (27353, 0.9854063498532663), (16824, 0.8262316214687019), (27575, 0.8008275610510536), (26545, 0.7940661139496809), (26781, 0.7798232184078112), (32918, 0.7789171591950241), (32976, 0.7786042120104638), (22181, 0.777003574451945)]
ansible/ansible 42313 : [(35759, 0.9343225671297298), (37868, 0.9240943897239018), (35569, 0.9212827308494287), (40128, 0.9161188427487601), (20429, 0.9138531682352047), (39473, 0.9099661197913114), (29103, 0.9031720328536433), (28046, 0.9002944289595959), (31177, 0.8986479277189703), (31552, 0.893160275513518)]
ansible/ansible 42306 : [(38280, 0.9565635436273863), (26027, 0.746064797377954), (26360, 0.7436607539319998), (38904, 0.7356360813250041), (23166, 0.7342127940209012), (26469, 0.6433388038295895), (38090, 0.5481810579301701), (36432, 0.5203735019437021), (27060, 0.517711973866608), (27054, 0.517711973866608)]
ansible/ansible 42295 : [(35450, 0.978662724720958), (36311, 0.9595908119658296), (20358, 0.9593025918864719), (28190, 0.9548212632436007), (26979, 0.9065499982181091), (28186, 0.9056192898225175), (37207, 0.8885480320561513), (28377, 0.8876372146000427), (42159, 0.8853362003169563), (32110, 0.8849931983159117)]
ansible/ansible 42290 : [(24623, 0.727964836005367), (32756, 0.522109014538885), (36644, 0.41206651776028547), (35150, 0.39867724688576006), (23166, 0.36427917895442347), (25948, 0.363248470399785), (16274, 0.29130515616698716), (37769, 0.26202226064012074), (36432, 0.2460408939690526), (27060, 0.24337476349106835)]
ansible/ansible 42279 : [(41902, 0.9926615574409228), (19770, 0.9916421011316289), (18542, 0.9903760038924145), (35175, 0.9766681244165443), (40803, 0.971918282997943), (35391, 0.9670728192468644), (25640, 0.9630171538370083), (42050, 0.9482835266408137), (28950, 0.9384372172443469), (21150, 0.8394575400632581)]
ansible/ansible 42271 : [(38240, 0.8955775461878426), (39130, 0.8846420666811363), (32521, 0.873199813771297), (22839, 0.8015684759981615), (40198, 0.7815287471279169), (38155, 0.7397186212957506), (40259, 0.6759967912537347), (40363, 0.6459066330353375), (20636, 0.5809312211474708), (33396, 0.5319405770506896)]
ansible/ansible 42265 : [(34721, 0.9106884216933906), (39660, 0.8765683537610436), (41732, 0.86061489184326), (42429, 0.8587223298591484), (40379, 0.8371854174565612), (34715, 0.8199569529672546), (40813, 0.8191000950770178), (37360, 0.8090678651165398), (41985, 0.7599002924279663), (42523, 0.7453944288783744)]
ansible/ansible 42239 : [(30939, 0.9577971693998509), (34647, 0.929793501562885), (41502, 0.9199676352599814), (39419, 0.9145765701636528), (26771, 0.9000649525962269), (41544, 0.8956797264253279), (39730, 0.8859572511971581), (28687, 0.8795879166465534), (39804, 0.8741974559831589), (30259, 0.8736617429259036)]
ansible/ansible 42237 : [(10812, 0.8886187201688476), (14261, 0.8831313257990943), (10760, 0.8796064786431412), (14988, 0.8192117880103056), (11787, 0.7800540398029283), (33318, 0.7541630127764), (20860, 0.7160533862555385), (30819, 0.6901459202805628), (17538, 0.6894160327852631), (21106, 0.6778776190006964)]
ansible/ansible 42224 : [(24878, 0.9999946846008771), (36311, 0.8659226625756976), (20175, 0.8608351703556995), (39371, 0.8334193566622943), (42023, 0.8320815961888545), (38117, 0.8261948204161814), (38188, 0.8157467086136094), (37543, 0.79076550084106), (37542, 0.79076550084106), (40765, 0.772949364119059)]
ansible/ansible 42219 : [(34215, 0.9767047846840266), (34920, 0.9746413415297935), (42525, 0.9596998199445632), (36228, 0.9480642176905107), (42377, 0.9322329994635714), (34212, 0.9192911440290019), (34025, 0.8960917263868656), (40199, 0.8709606029044268), (40730, 0.8510481689502671), (35381, 0.8391757250362818)]
ansible/ansible 42214 : [(12904, 0.984366366262128), (12636, 0.9652695504405374), (11485, 0.9596718330948006), (13489, 0.9475573075322289), (13461, 0.9291571484277276), (17569, 0.9055611268299975), (13436, 0.901439023236919), (10620, 0.8944828212318926), (13420, 0.892692425330232), (13501, 0.8916728555493085)]
ansible/ansible 42211 : [(42370, 0.9999892371012803), (42394, 0.9999864963973609), (36889, 0.995600725401911), (41678, 0.9886178383032901), (34130, 0.986599596314953), (31340, 0.9825159855396564), (40284, 0.978188864982966), (33579, 0.9781780053215847), (32292, 0.9776665823956909), (38028, 0.9709518572165518)]
ansible/ansible 42205 : [(42375, 0.9494928481721203), (39270, 0.8950270057309556), (39268, 0.8764577706135654), (42421, 0.866810121971518), (39269, 0.859149273189527), (35620, 0.8503610240681032), (40749, 0.846159679823636), (42535, 0.8378843316200166), (35421, 0.8335573947179296), (37852, 0.832822291255751)]
ansible/ansible 42203 : [(40806, 0.9852963817746568), (40859, 0.9770413446863655), (41556, 0.9424851472218776), (41358, 0.9348593726216841), (41074, 0.6582817187967178), (42399, 0.4585501976599715), (40066, 0.4135722238596554), (40592, 0.3969791479720665), (33458, 0.39052514728816035), (38682, 0.3681655244968883)]
ansible/ansible 42196 : [(34213, 0.9698655464561443), (39751, 0.9568398988859973), (39902, 0.9459744627076475), (40811, 0.8949976782813991), (41542, 0.8534232390692066), (40812, 0.816347917614354), (38375, 0.8142589078597993), (41618, 0.8092694306463435), (41959, 0.8067172762037703), (42406, 0.793181446613954)]
ansible/ansible 42176 : [(39907, 0.9891851270762445), (21990, 0.9551150929504324), (41339, 0.9550623402423265), (23866, 0.9307841084902243), (26856, 0.9188140268980964), (19690, 0.8761689203002082), (23122, 0.8614010666129212), (20371, 0.8506702124410889), (25241, 0.8246599507808082), (41044, 0.7973311144607194)]
ansible/ansible 42172 : [(41559, 0.9484243410156357), (39985, 0.9388035621630473), (40518, 0.9383534165870104), (36372, 0.9119052996253699), (40025, 0.8933650779019778), (34715, 0.8779792201554041), (35322, 0.8492482012968866), (36102, 0.8370410150984255), (40704, 0.8295507543937456), (35787, 0.7998416615902686)]
ansible/ansible 42171 : [(22181, 0.9190137287367198), (41559, 0.9084929342068515), (18454, 0.9015637447639655), (37645, 0.8870626222753965), (40261, 0.8820824468960291), (41792, 0.8691897489357253), (37015, 0.8570907729273018), (41618, 0.8258532642495714), (37674, 0.8227144979394689), (26178, 0.8219131115268072)]
ansible/ansible 42170 : [(32484, 0.7833031623236919), (40458, 0.36132388117286734), (9449, 0.1579015944673029), (25935, 0.157218543696405), (11765, 0.1496701258300601), (27032, 0.13720344500216078), (29430, 0.12356029172632163), (36739, 0.11554881528714174), (38305, 0.10707554253880913), (31616, 0.10546017675282118)]
ansible/ansible 42169 : [(28742, 0.9901661618492562), (27353, 0.9901661618492562), (28808, 0.9892447445687501), (26545, 0.8166099334967136), (32976, 0.8103062686189588), (22181, 0.8078023565696459), (39331, 0.8056401037857056), (35177, 0.8001567812680255), (12058, 0.7945808258469585), (26057, 0.7942575771652431)]
ansible/ansible 42168 : [(33692, 0.9739927822374939), (20463, 0.8695159925755475), (40695, 0.7696076735019675), (41723, 0.7545497607283703), (37371, 0.7493307408488206), (35638, 0.7408462751396704), (39453, 0.736792720739591), (35600, 0.7257572575306287), (36908, 0.7179044942350961), (35620, 0.7145252651104056)]
ansible/ansible 42164 : [(28020, 0.9620134639459365), (29745, 0.9374271475448829), (28127, 0.9315196858668964), (24261, 0.9243604391127757), (22594, 0.9198483394334844), (31220, 0.9125120686433756), (34438, 0.8849258270485115), (35959, 0.8627369535560192), (28426, 0.8254141376226617), (32484, 0.8207048251007404)]
ansible/ansible 42163 : [(38390, 0.8571881762268277), (40183, 0.8205841167739344), (37659, 0.7955268306831176), (39638, 0.7883601997835055), (37690, 0.7830972832481137), (42083, 0.7793900525818005), (40455, 0.7649159130012728), (36132, 0.7648343878742154), (37877, 0.7568396197178884), (41881, 0.7559159927475757)]
ansible/ansible 42159 : [(41183, 0.9605330584449466), (36311, 0.9540925508235972), (37785, 0.9269523359771923), (38904, 0.9033586159978184), (42295, 0.8853362003169563), (37902, 0.8799871914422503), (37689, 0.8737642113163047), (40138, 0.8415929335784335), (36986, 0.8189409995959525), (36823, 0.8002034155473556)]
ansible/ansible 42158 : [(40458, 0.9498424528117267), (9542, 0.18534437995617897), (36945, 0.13587036459431792), (29430, 0.13049533642847175), (36739, 0.1269412563741355), (36986, 0.11860981292962683), (28692, 0.11543425718254956), (11603, 0.11392975773607088), (10904, 0.09936255176841802), (35145, 0.0970035299754944)]
ansible/ansible 42153 : [(33359, 0.9951265138672712), (29131, 0.9827932490673686), (23120, 0.9824481929892289), (30318, 0.982008576074363), (22238, 0.9815076080056757), (26582, 0.9812318701712006), (40900, 0.9762061341311419), (33641, 0.9712085286928055), (36946, 0.9424549906222259), (35365, 0.9354457414993245)]
ansible/ansible 42151 : [(35875, 0.9540889857479026), (42505, 0.9347525152486159), (41460, 0.8710455042487268), (34280, 0.6424322521472474), (37207, 0.586348735305993), (38761, 0.5770099583804621), (32392, 0.5706410272313079), (11170, 0.551237675327985), (26157, 0.5341486827883741), (25060, 0.5285630626635882)]
ansible/ansible 42149 : [(37318, 0.9739175456113681), (39477, 0.9606113980071541), (42698, 0.937892729814839), (37979, 0.9183718084058013), (36282, 0.9060618589361668), (38910, 0.8924108602533097), (35953, 0.8914602507988941), (38693, 0.877304436763028), (39918, 0.8282534291715502), (38377, 0.8141106647702794)]
ansible/ansible 42147 : [(35848, 0.8447960011702168), (37179, 0.8064614934786665), (42272, 0.8035840922388896), (35158, 0.7551091247496547), (34180, 0.7297981655672711), (35712, 0.7201244571559147), (34601, 0.7144423714568141), (34059, 0.6983226333433067), (17597, 0.6375720884645653), (35832, 0.6197134155825007)]
ansible/ansible 42146 : [(29055, 0.9175204925986342), (25367, 0.6928552256246088), (20601, 0.6572507129117099), (30477, 0.6185807592681462), (6223, 0.5754865006696921), (21525, 0.5693582355554777), (36748, 0.5606193667406504), (37962, 0.5504713614601354), (28420, 0.545701207502924), (24943, 0.4922003726477207)]
ansible/ansible 42134 : [(39818, 0.9896537660343276), (36124, 0.9132236561945297), (32546, 0.9039936879206211), (24650, 0.8421801705213696), (12932, 0.8149591923105128), (35411, 0.7869889307418436), (17289, 0.7861527353547159), (14580, 0.7240493960123633), (25280, 0.7176689189995817), (17519, 0.6989032039014936)]
ansible/ansible 42132 : [(42558, 0.8684140587396932), (41210, 0.6453149622960853), (42219, 0.4589705409883484), (34563, 0.44497297381385675), (41088, 0.44225139996437957), (39107, 0.2286691795636111), (34920, 0.19419885244087481), (41471, 0.15972393787724978), (22899, 0.15915875938113946), (28938, 0.15510325323232066)]
