ArduPilot/ardupilot 8955 : [(6487, 0.3540603607228301), (5964, 0.13813845454487467), (2660, 0.13393203897779973), (3931, 0.1319836035761756), (5879, 0.1214528199783474), (4883, 0.11569064692616773), (5397, 0.1102766641039124), (3063, 0.10510453382310443), (8173, 0.10054480267743786), (2083, 0.0989983429316417)]
ArduPilot/ardupilot 8954 : [(6092, 0.907168450690148), (6082, 0.8885715239791643), (1620, 0.8497966867448176), (6910, 0.7905806010250049), (6013, 0.7497781861985581), (2576, 0.7437847154739204), (6110, 0.6935964498916581), (4465, 0.6337883795514544), (6340, 0.6296174143070988), (6012, 0.6150428901112063)]
ArduPilot/ardupilot 8952 : [(7681, 0.9500993717992461), (5726, 0.3304685089842877), (8095, 0.28638166970016), (6784, 0.27283910156090585), (7800, 0.26251124884817456), (8176, 0.24158885097519975), (8252, 0.23583769780239192), (7835, 0.23003476656664568), (3889, 0.2288755795530473), (4176, 0.2256516554527913)]
ArduPilot/ardupilot 8948 : [(2802, 0.4698708395583151), (7973, 0.35413461901043447), (5165, 0.2936492483745312), (7392, 0.19307090874335356), (5598, 0.09455856549921202), (6310, 0.09158614047836398), (5162, 0.08991914035901555), (7237, 0.08871266259472123), (5012, 0.08854930218534227), (4970, 0.08854930218534227)]
ArduPilot/ardupilot 8946 : [(4992, 0.5399954350702483), (8691, 0.09750137616720327), (8689, 0.09750137616720327), (8688, 0.09750137616720327), (4765, 0.07820973475538422), (4991, 0.07765622171048957), (3674, 0.07201067924377436), (7251, 0.06613713278743365), (7109, 0.06370214370389046), (8814, 0.06251457661164128)]
ArduPilot/ardupilot 8944 : [(7727, 0.7475149367172309), (7474, 0.34717420619495165), (8412, 0.3395753193495073), (6728, 0.28465314153309534), (141, 0.21521835353094948), (5945, 0.20038979580098115), (4979, 0.19310638359423252), (1248, 0.1900343175239027), (528, 0.17990023213605222), (8335, 0.16524974151123842)]
ArduPilot/ardupilot 8942 : [(8929, 0.2174766057823844), (6759, 0.1769650842284319), (2930, 0.10901251965286492), (1513, 0.10784135277767448), (5180, 0.10152712399896022), (7249, 0.0901353482754522), (4030, 0.08582831736204523), (2660, 0.0823548249633195), (6856, 0.07501812796257414), (3954, 0.07382320806452412)]
ArduPilot/ardupilot 8934 : [(7930, 0.9963890713873109), (8435, 0.41715098641465514), (7674, 0.38071788516125205), (8350, 0.311226870353135), (4900, 0.29329716177015047), (559, 0.2146400980408045), (703, 0.1735058913615784), (1674, 0.1565552437615928), (4735, 0.15307876156518146), (5054, 0.14612298469948004)]
ArduPilot/ardupilot 8932 : [(4360, 0.9777231763675276), (4437, 0.9397015096695613), (8588, 0.9317037856704455), (3663, 0.8874714669634284), (3520, 0.841187489412296), (4445, 0.7316738800342849), (5885, 0.40868626564432786), (5491, 0.3294474489230717), (2383, 0.3283299449753574), (3446, 0.32262276758309977)]
ArduPilot/ardupilot 8928 : [(8919, 0.9840453304706754), (8807, 0.8801030560909341), (8781, 0.8359516687590431), (8905, 0.8169975165370458), (8777, 0.8056385513278118), (8760, 0.7279864438316298), (8780, 0.6583861221588134), (8835, 0.6352990826100056), (8847, 0.36555837516515044), (8794, 0.29209139704600645)]
ArduPilot/ardupilot 8919 : [(8807, 0.9961211077915575), (8928, 0.9840453304706754), (8780, 0.5790479147211139), (8781, 0.5), (8835, 0.4699975134328523), (8777, 0.4681425098753971), (8847, 0.4246006547204237), (8810, 0.42259185400848054), (8817, 0.3751179262889536), (2302, 0.3723323202204721)]
ArduPilot/ardupilot 8917 : [(8494, 0.6850580885213269), (8116, 0.6180045682709199), (2866, 0.6124392235188076), (7044, 0.5207053432004403), (6169, 0.4733704074174092), (6173, 0.4687590995341029), (6176, 0.45260444978767483), (4310, 0.4413880353975347), (7140, 0.4407945473864376), (2459, 0.4370126125676239)]
ArduPilot/ardupilot 8908 : [(6806, 0.6632522851837556), (8671, 0.5), (6604, 0.4380526975047313), (6744, 0.34984932813759007), (8161, 0.26387400933873956), (8275, 0.25961818817464943), (8949, 0.22206373328005724), (6734, 0.1987161314802813), (7292, 0.19530703868605573), (7306, 0.15651358995316475)]
ArduPilot/ardupilot 8904 : [(7681, 0.996248287306294), (7783, 0.7389675333051476), (8095, 0.6112317263147808), (8771, 0.5), (8868, 0.47917894017912344), (7800, 0.4464570277745385), (7695, 0.4068559064503465), (8111, 0.4060030033382006), (8502, 0.36434929434165164), (7676, 0.34322363925105764)]
ArduPilot/ardupilot 8903 : [(8433, 0.823288548778587), (8868, 0.6020857750571685), (7800, 0.4112700485072761), (7676, 0.4072286113811085), (7783, 0.4072226170634691), (7681, 0.3685078830191504), (8017, 0.36200754739984187), (8898, 0.34389897656178503), (8833, 0.30754256021199416), (8823, 0.3040031119287028)]
ArduPilot/ardupilot 8900 : [(7174, 0.9395406440298413), (7881, 0.9315534533981749), (7440, 0.8793766183573319), (5309, 0.8726722310193737), (7002, 0.5949868278941463), (4122, 0.5810044942486955), (8430, 0.5616900255572083), (915, 0.5362423446830042), (1287, 0.43994225034363843), (7078, 0.3844058166557809)]
ArduPilot/ardupilot 8899 : [(8252, 0.7821543945231815), (7800, 0.28119986358077204), (7681, 0.2478902365260454), (8017, 0.22961193783669318), (8856, 0.22388628459486973), (8183, 0.2212536860240314), (8597, 0.2189393454966838), (8433, 0.20014220752317857), (8903, 0.19704048175246322), (7835, 0.19082994667632908)]
ArduPilot/ardupilot 8893 : [(5967, 0.9943495096644778), (5727, 0.3229304275897685), (6741, 0.3020094931474311), (5572, 0.25736409030346985), (6733, 0.25391081547814287), (8462, 0.21633925378766397), (4539, 0.19832282680090915), (6710, 0.19679546663041278), (525, 0.17970586610201236), (4548, 0.17821748014566213)]
ArduPilot/ardupilot 8892 : [(5491, 0.9518960081804033), (5885, 0.939539177089134), (4543, 0.7877824217107549), (2994, 0.7252627321159938), (4437, 0.7142854622202057), (5414, 0.7099403883346496), (3387, 0.5642679244441928), (8077, 0.5069281520070539), (8127, 0.4834368685675687), (2131, 0.4056834543823614)]
ArduPilot/ardupilot 8883 : [(7395, 0.8783128142606962), (6970, 0.5785878860633342), (4937, 0.5367677005257031), (8613, 0.5323620728156311), (6696, 0.5228764788989323), (6971, 0.5197972903369488), (7611, 0.5146148753436407), (5075, 0.5138723025541106), (7493, 0.5108253733371444), (8231, 0.5)]
ArduPilot/ardupilot 8882 : [(6527, 0.8847889451395721), (3141, 0.5185119799185844), (1308, 0.3864899772612824), (1789, 0.3708141175698625), (8025, 0.36129710723952957), (2430, 0.3453323776233135), (3449, 0.3015034842313654), (7177, 0.28362307874285686), (1869, 0.27249795896874307), (5697, 0.26940626465846557)]
ArduPilot/ardupilot 8879 : [(7208, 0.8626326523497838), (8295, 0.5082602585849542), (4563, 0.37471074367018076), (6730, 0.35985095555382735), (4558, 0.3361057122622213), (3793, 0.2859660096841256), (4175, 0.25818135619360305), (4209, 0.24408138504901963), (4147, 0.224848405464223), (3928, 0.20604789946235155)]
ArduPilot/ardupilot 8878 : [(7768, 0.7872029575040711), (7886, 0.7097837529050995), (7678, 0.6797860914836257), (8531, 0.6709937311914559), (7790, 0.6671931385281468), (7545, 0.663300641035809), (6528, 0.46187359269629397), (7831, 0.4603990616703078), (7827, 0.4118001830288536), (7870, 0.4005343075771268)]
ArduPilot/ardupilot 8876 : [(7951, 0.7848014518220383), (5116, 0.7398101635841785), (8497, 0.7008966963841591), (6880, 0.659791103939128), (3984, 0.6588774130380566), (5108, 0.60159225639222), (8860, 0.5203163971006113), (7731, 0.48495357634901876), (6873, 0.4155619006051978), (5516, 0.36733016837044397)]
ArduPilot/ardupilot 8863 : [(7735, 0.9838300763539743), (1404, 0.8807182113450249), (3268, 0.8742672567534358), (4636, 0.8512795659822942), (5389, 0.8383606674715797), (1400, 0.8306465535504717), (7293, 0.7823223347777006), (5621, 0.7774008428097512), (6619, 0.7503198754602557), (7720, 0.7481448211927643)]
ArduPilot/ardupilot 8862 : [(8657, 0.829449619610917), (6749, 0.8152071951779689), (8339, 0.8130903953026737), (7063, 0.8122810058106934), (7288, 0.8105244407615675), (8181, 0.7959312830989127), (4312, 0.7904744161019264), (8534, 0.7797992068916715), (4357, 0.7741121824651903), (7669, 0.7719399346313498)]
ArduPilot/ardupilot 8861 : [(2599, 0.8785915390553537), (4735, 0.7278938896798798), (8290, 0.4256078583523892), (8500, 0.3597816433086623), (7390, 0.3597816433086623), (6970, 0.27325877818365796), (5954, 0.2615989554793954), (7933, 0.21874481748990984), (2475, 0.20384195732669583), (6820, 0.19893605030654668)]
ArduPilot/ardupilot 8860 : [(5761, 0.8673983966416713), (3320, 0.8566841047066122), (8283, 0.8461502176790971), (5116, 0.8300142866859321), (8497, 0.8295401345541487), (5108, 0.824696450678176), (6873, 0.7393468490398328), (8432, 0.7197553912075503), (5516, 0.708716501527166), (3261, 0.6130055882552944)]
ArduPilot/ardupilot 8858 : [(6575, 0.880846211366205), (7332, 0.8588222197739512), (6628, 0.7748745714113694), (7326, 0.7488916721312221), (7498, 0.7424458780732752), (8286, 0.7285292010497061), (7314, 0.7022886437651581), (8916, 0.6154915413672171), (7588, 0.5806394415751913), (8521, 0.4476266445190441)]
ArduPilot/ardupilot 8848 : [(8768, 0.970136781938877), (7680, 0.9639673158814666), (8015, 0.7315387111161713), (3721, 0.684981009835619), (2791, 0.6603420038806687), (6092, 0.610987170577279), (6186, 0.6099588422481416), (5880, 0.5645923954487441), (6910, 0.5210022011281851), (7556, 0.5)]
ArduPilot/ardupilot 8846 : [(6686, 0.9419584844761676), (3007, 0.9419392961734337), (8723, 0.9348023132256836), (8197, 0.9340659532276897), (6693, 0.9247869327095869), (4719, 0.816111799689337), (3604, 0.7924172829543484), (3358, 0.7734473753460063), (8653, 0.7571855774094488), (6746, 0.6481806563467503)]
ArduPilot/ardupilot 8839 : [(6975, 0.9060765705763048), (3889, 0.5906543907408296), (8610, 0.48948417804455857), (3590, 0.3461299788219867), (3909, 0.2753764305303887), (6083, 0.27385311518388317), (5888, 0.21488872786931404), (3688, 0.19149141017583673), (1008, 0.1849179996895783), (7716, 0.18170727981591453)]
ArduPilot/ardupilot 8836 : [(8713, 0.6718452479642982), (8391, 0.30539530389696307), (8315, 0.27161640186328195), (2404, 0.23704480019873603), (2744, 0.22673628094728435), (2142, 0.18827161253086844), (2351, 0.18772654776418254), (2607, 0.18141592793883782), (3196, 0.17280945141499685), (2804, 0.16232752520088237)]
ArduPilot/ardupilot 8827 : [(8869, 0.6890072415254801), (7635, 0.24007428646178083), (7086, 0.23858119089303823), (7085, 0.23858119089303823), (6967, 0.16559022728493886), (8609, 0.1577954709205319), (3667, 0.1541801081629221), (4392, 0.1539119722221537), (4483, 0.1534808385412454), (1588, 0.15207380318483738)]
ArduPilot/ardupilot 8816 : [(6733, 0.9630321263186029), (5967, 0.9026322353514027), (5727, 0.8974025973932525), (8462, 0.895641988504359), (3948, 0.8452964054933603), (2813, 0.7655819886874075), (8698, 0.7615227600399528), (4548, 0.7559811180133519), (5231, 0.7541456490710429), (7423, 0.726183298751155)]
ArduPilot/ardupilot 8814 : [(6791, 0.818631446201402), (7251, 0.773625505520925), (7109, 0.6435403048228798), (2305, 0.5514677554253493), (5237, 0.39697030038050274), (7270, 0.31309662743054395), (7294, 0.30509431934109243), (6725, 0.2838145292162734), (3859, 0.2799956851736065), (7250, 0.25176643892061046)]
ArduPilot/ardupilot 8803 : [(8756, 0.38975264732051007), (4839, 0.3330253586615074), (6752, 0.29914474741752384), (4121, 0.2869527924566909), (3979, 0.2846775332354302), (5968, 0.16778613412988058), (5993, 0.16616992246990672), (2248, 0.16323579359530888), (8036, 0.15834244612615336), (6173, 0.15253886192579014)]
ArduPilot/ardupilot 8790 : [(7846, 0.9731210344699937), (4813, 0.8940678734696824), (4920, 0.7942650602944696), (8201, 0.7415689137350245), (4829, 0.4109084661985221), (7411, 0.34426953398512666), (6634, 0.23840776169530536), (4364, 0.22352783092647271), (7373, 0.21983828427655933), (7155, 0.19935094642748605)]
ArduPilot/ardupilot 8789 : [(8122, 0.2981842687984012), (7705, 0.27781530953572736), (6608, 0.2058786294516619), (5136, 0.20554735288302467), (7117, 0.18950882529086724), (8218, 0.18147890636223835), (7449, 0.17531878031195117), (6752, 0.1666951421219607), (5068, 0.1644661244529196), (956, 0.15953798106511655)]
ArduPilot/ardupilot 8783 : [(3521, 0.9275421522669567), (3529, 0.9161096461817597), (4598, 0.6332281982425177), (2208, 0.5466362539883439), (5599, 0.4569025026809167), (2519, 0.45162363047776105), (8042, 0.3199506698630472), (5727, 0.31827582316489583), (5572, 0.3090711191096796), (2813, 0.2920529727326837)]
ArduPilot/ardupilot 8766 : [(6628, 0.4661752085862147), (6722, 0.41747263526351114), (7389, 0.34366377260966646), (7964, 0.30456436122797964), (7926, 0.2227687762346673), (6575, 0.2156744965826748), (3989, 0.1745566132143546), (8858, 0.17069494409320743), (7781, 0.1674458754400856), (312, 0.16660489583421265)]
ArduPilot/ardupilot 8763 : [(3129, 0.6055478039512201), (5405, 0.5957553856291032), (3487, 0.5105019819035653), (5642, 0.45985153331949624), (3161, 0.43178852296594433), (7735, 0.42701125834790205), (4155, 0.40367807453090016), (3180, 0.3709861101303778), (5509, 0.36665828748787516), (3465, 0.340018268499805)]
ArduPilot/ardupilot 8758 : [(6818, 0.6209966365372376), (3633, 0.6209966365372376), (3192, 0.5811905415878648), (1048, 0.5159519958653327), (8872, 0.4521045081747013), (3423, 0.4498685941725925), (3359, 0.4289967228238887), (6178, 0.3842117082294784), (4500, 0.3752263942980625), (4049, 0.35447676208689255)]
ArduPilot/ardupilot 8751 : [(7171, 0.9836015942828809), (7335, 0.887538245148788), (5790, 0.8823908678349415), (6856, 0.8660207438618039), (5849, 0.6148202976408397), (8202, 0.5695993865461947), (6684, 0.3882439747547905), (6788, 0.36831490655160365), (8296, 0.27296099028232795), (5767, 0.2544043110244644)]
ArduPilot/ardupilot 8748 : [(3688, 0.6021544004716454), (7291, 0.3733020286505992), (7282, 0.3492561202166106), (3937, 0.3425366805368291), (4279, 0.3069608464443331), (6314, 0.28032405996157084), (1525, 0.2588062357763399), (5594, 0.2566616517134613), (3360, 0.23250252597949006), (8245, 0.2322912688364695)]
ArduPilot/ardupilot 8745 : [(7089, 0.8624206535095817), (4554, 0.6527402630901028), (6093, 0.6164097493784529), (8841, 0.491161416076377), (8917, 0.2677483182031565), (2459, 0.26623656081052444), (2207, 0.24704245404944744), (7150, 0.24462318958009982), (6982, 0.23737338366333055), (7676, 0.20484508948303248)]
ArduPilot/ardupilot 8740 : [(8683, 0.5264797275135075), (8254, 0.3117835176132015), (8769, 0.24600221698590805), (8511, 0.24279824308192785), (476, 0.22501264551181205), (3073, 0.22442577781342085), (6908, 0.22341901774229894), (4615, 0.18871399564954264), (7414, 0.18825700191717573), (2544, 0.18224470750742847)]
ArduPilot/ardupilot 8733 : [(6912, 0.4575300304591784), (6345, 0.38511892696045463), (6458, 0.34923849704886617), (1912, 0.31600673508090577), (6703, 0.2386750060819651), (7172, 0.23297413245298487), (2248, 0.23157841836865048), (8927, 0.2289380530932655), (6560, 0.20371484147667387), (8355, 0.201523621524999)]
ArduPilot/ardupilot 8732 : [(5657, 0.9999870556540569), (1750, 0.8542433758579454), (1751, 0.8273946271917593), (5207, 0.7937844662789372), (6552, 0.7444200045296954), (4712, 0.5682604871040695), (5446, 0.5645751916937277), (4377, 0.25430961798300833), (6842, 0.22331976633445377), (5727, 0.17038146501717186)]
ArduPilot/ardupilot 8730 : [(7546, 0.5), (7215, 0.48773603133872534), (5439, 0.42615836024888526), (7638, 0.36486166706111967), (7980, 0.2973427403632203), (7712, 0.28944037668698747), (7489, 0.2706874707695111), (5823, 0.22126376371276024), (8100, 0.2212016283754921), (6656, 0.18859479263818035)]
ArduPilot/ardupilot 8713 : [(8836, 0.6718452479642982), (4787, 0.5790267836697063), (3118, 0.17587054704984986), (3122, 0.17094606088704514), (6253, 0.12679213092394856), (5482, 0.12218368232055656), (5406, 0.12218368232055656), (5293, 0.12218368232055656), (5240, 0.12218368232055656), (5064, 0.12218368232055656)]
ArduPilot/ardupilot 8698 : [(2813, 0.9720351851899216), (5320, 0.9494664651200457), (4548, 0.947830957748454), (7358, 0.8796740591232473), (8462, 0.8692284182708195), (5997, 0.8608492029592595), (8816, 0.7615227600399528), (6507, 0.666697188868215), (6558, 0.6436432428844658), (4539, 0.6382075333424727)]
ArduPilot/ardupilot 8690 : [(7135, 0.9788690077954847), (4863, 0.9575617248761996), (4892, 0.9449105626919048), (5140, 0.9440510575727857), (5114, 0.9191903111995703), (3434, 0.9122550355803254), (5113, 0.894442617186825), (5018, 0.8790702725881986), (4763, 0.8750428264853599), (5143, 0.8654191192952548)]
ArduPilot/ardupilot 8678 : [(2843, 0.9715196795063809), (1561, 0.8957848511525963), (2239, 0.7958472178176231), (3147, 0.5660832310955831), (2647, 0.5279764417586377), (2646, 0.5279764417586377), (2628, 0.5279764417586377), (5612, 0.5179030803753809), (6683, 0.45026504432020237), (7270, 0.4225159626198141)]
ArduPilot/ardupilot 8674 : [(3780, 0.5171496787458293), (6834, 0.4482515669998942), (6052, 0.4236398303455743), (3142, 0.3300028395963962), (2351, 0.26068984266060097), (7281, 0.2051813648125967), (5574, 0.20513706336787912), (5936, 0.20358443968830342), (4244, 0.19058194169680992), (7849, 0.18800200050982177)]
ArduPilot/ardupilot 8639 : [(8169, 0.47480999252936096), (8212, 0.3285047479151095), (4515, 0.18215533976105222), (5528, 0.17019826886152511), (4111, 0.16590877512526872), (5741, 0.15059877026572446), (3927, 0.13285777857855108), (5639, 0.11921944013387291), (4439, 0.09796092582746356), (2914, 0.09432003857239024)]
ArduPilot/ardupilot 8630 : [(2770, 0.34171697434983006), (2765, 0.3415596740983716), (4515, 0.1388708221821742), (8916, 0.11002230639727074), (5644, 0.08462077502535324), (8620, 0.07970997150120912), (2631, 0.07834595535312858), (6387, 0.06850100058194791), (6588, 0.06171593797442789), (6590, 0.059499178671106344)]
ArduPilot/ardupilot 8624 : [(955, 0.9916066853828502), (956, 0.9911530006659508), (976, 0.9773297275868463), (1005, 0.9732346125814769), (2641, 0.9003741111204916), (4327, 0.8118293521658577), (4505, 0.7802597571929221), (1011, 0.6598481497074449), (4413, 0.5718872067462961), (3688, 0.4521080443000426)]
ArduPilot/ardupilot 8611 : [(7721, 0.5733436077982328), (7681, 0.5639755133825691), (8433, 0.39126489007524146), (8017, 0.387296222010449), (7800, 0.3689066908393222), (8242, 0.34449589650120005), (8252, 0.2981812196808393), (8392, 0.29379328539569033), (7835, 0.28829193335326325), (8936, 0.2736238821858461)]
ArduPilot/ardupilot 8596 : [(5011, 0.679604561211782), (8665, 0.6405806504362908), (7140, 0.5465563461867081), (5180, 0.4360120874652396), (2805, 0.43472178033904735), (4347, 0.40541046732307373), (6040, 0.3718382503493907), (6027, 0.3302145267210285), (2927, 0.3079143768180406), (4913, 0.28250041365960965)]
ArduPilot/ardupilot 8590 : [(1217, 0.785783198261422), (3030, 0.6391253463700995), (1291, 0.591283732881088), (6497, 0.587534706100783), (858, 0.5513415396916984), (2860, 0.5215108178704768), (1912, 0.40742351208129407), (2066, 0.38575880285911535), (2265, 0.3075293956009397), (5647, 0.25512856319114446)]
ArduPilot/ardupilot 8587 : [(4860, 0.20921157566863824), (5084, 0.20685930445723558), (3542, 0.20462028292961373), (4269, 0.17922572331396755), (3899, 0.15585388941163725), (5085, 0.1433415412856833), (3501, 0.13520358226487186), (6281, 0.12879536721195944), (5574, 0.12096791369089724), (2696, 0.11249016137981274)]
ArduPilot/ardupilot 8575 : [(8520, 0.99270358890436), (8436, 0.9835138711240323), (8438, 0.9754939751474901), (8654, 0.9636638843449192), (8352, 0.962553216549331), (4686, 0.956394411252878), (7203, 0.9547996030730468), (7202, 0.9547996030730468), (7201, 0.9547996030730468), (5035, 0.9477051308438428)]
ArduPilot/ardupilot 8564 : [(5498, 0.9426300919911227), (6541, 0.8196358521763358), (4151, 0.45464672623620545), (6179, 0.4343384227314352), (2144, 0.37478884573192334), (3674, 0.34761856387499274), (3760, 0.2865705279090907), (2434, 0.2568073078885074), (5738, 0.24036770107261018), (2474, 0.2230664338960451)]
ArduPilot/ardupilot 8559 : [(7326, 0.8571619978285947), (6950, 0.84107357635901), (8262, 0.8359164062948499), (7573, 0.7407565891343177), (7567, 0.6742128730382555), (8048, 0.6430147188428478), (7500, 0.5578421291941087), (7372, 0.5331365259064794), (8491, 0.25018101028893336), (3976, 0.1866081676214685)]
ArduPilot/ardupilot 8549 : [(2959, 0.6184774655641789), (4409, 0.5219542815780848), (5961, 0.17594524051507182), (4716, 0.159796971094172), (6275, 0.13932009387558536), (8492, 0.12941806647475423), (6700, 0.12322026908922), (7744, 0.12307425912040489), (6630, 0.12027439104120421), (2313, 0.11982297681657934)]
ArduPilot/ardupilot 8537 : [(7648, 0.8982057647782001), (7966, 0.6483318945502832), (7467, 0.5559801037678671), (5507, 0.3816798362636717), (8101, 0.3282008513097935), (1144, 0.1966125930568154), (7889, 0.18666877126540077), (6574, 0.17324988752312664), (554, 0.17314655479836794), (5683, 0.15984487654904073)]
ArduPilot/ardupilot 8536 : [(3177, 0.9185046447326147), (7925, 0.8138496227851051), (7610, 0.7334300945860635), (3438, 0.727797085551034), (7995, 0.7178772883209981), (3210, 0.5592322530654049), (847, 0.5394363764292315), (4817, 0.5115504371553378), (4327, 0.48438035416700115), (2491, 0.44237147813850847)]
ArduPilot/ardupilot 8535 : [(5922, 0.5867108297934722), (4044, 0.5548880595637357), (3445, 0.5520392141793331), (3590, 0.5158732923545005), (2775, 0.5148991633156359), (7528, 0.5138937378190197), (2692, 0.509868988156407), (5729, 0.507671140968856), (7278, 0.5066723182680619), (8247, 0.5)]
ArduPilot/ardupilot 8528 : [(4704, 0.6860431521032808), (4809, 0.3433803150344483), (5724, 0.2346044754473493), (6912, 0.19755124922316725), (4508, 0.1874883046631764), (5727, 0.14356525972539452), (3816, 0.12662294415505773), (5355, 0.11671052212648353), (5020, 0.11624450621160097), (8816, 0.11460668296616013)]
ArduPilot/ardupilot 8523 : [(8746, 0.8928248558301508), (5372, 0.4475108948624968), (7947, 0.3067346575439441), (4496, 0.24531735478204195), (4147, 0.2150225156168349), (213, 0.21402392978098647), (3637, 0.20442329997811753), (3624, 0.20337922829641075), (4098, 0.20029812448521034), (5108, 0.1891097673363776)]
ArduPilot/ardupilot 8514 : [(7607, 0.8257291527500445), (8511, 0.6646084440590685), (3421, 0.5887562509955356), (3420, 0.5778819160572359), (7597, 0.5099421691002629), (2090, 0.5), (835, 0.338965324821294), (4109, 0.27448711532421394), (2563, 0.2694010645951923), (830, 0.2663890447709206)]
ArduPilot/ardupilot 8509 : [(1323, 0.3649947525797709), (1619, 0.3196410847612293), (6619, 0.2944459746937671), (7881, 0.29172054549861137), (7684, 0.2839697931055738), (5234, 0.2466795190477409), (7215, 0.1989088560966889), (3235, 0.18849317264817134), (6527, 0.18134693403377078), (7008, 0.16774029096646276)]
ArduPilot/ardupilot 8508 : [(2058, 0.9756907440728319), (2690, 0.5139372878461109), (2057, 0.4051365275068051), (8063, 0.393486422863795), (3386, 0.3900814700909849), (492, 0.3842090569160421), (7957, 0.38041031326237124), (4447, 0.3732908500432882), (5296, 0.3727106036288691), (5703, 0.3676170327122332)]
ArduPilot/ardupilot 8507 : [(7573, 0.9163667667923587), (7567, 0.888308656335402), (7422, 0.7770764109260447), (7326, 0.769802842213741), (3930, 0.699604950078099), (6950, 0.6201354694761083), (8262, 0.6050619540621088), (6635, 0.5415325932282803), (7372, 0.4248444630696189), (7412, 0.4135168052448896)]
ArduPilot/ardupilot 8498 : [(6022, 0.6064475050801683), (5971, 0.3737701696676574), (212, 0.24630488247633156), (5708, 0.21904608604713335), (7881, 0.17645124131341622), (8173, 0.16094697487164852), (5961, 0.15564760258365662), (5985, 0.14054906590088204), (6196, 0.1290349514093728), (1036, 0.09577758278008895)]
ArduPilot/ardupilot 8490 : [(4299, 0.809887578292685), (6373, 0.5363904341985435), (7122, 0.4685148194155668), (2490, 0.4546712133381479), (2492, 0.44220834807544523), (5786, 0.4360887151200228), (7028, 0.4342733062217706), (3111, 0.4317514510019895), (5791, 0.4274434127420456), (4921, 0.4199348805254845)]
ArduPilot/ardupilot 8481 : [(7174, 0.7122192630246552), (4954, 0.5289662332551035), (3830, 0.5235751186911181), (8618, 0.4613415675081866), (4310, 0.4471108368015737), (6216, 0.4424891133575021), (5309, 0.42931225366746995), (6176, 0.41708236258953424), (6173, 0.3996234587027586), (6604, 0.3993669051703134)]
ArduPilot/ardupilot 8467 : [(7826, 0.5455603494692405), (7836, 0.5), (5558, 0.12679077829731109), (8843, 0.09490860415238003), (8106, 0.07727713944254633), (3156, 0.07624991578529612), (3512, 0.061688090605434696), (8403, 0.06080703461286428), (3039, 0.05948727210478378), (2991, 0.05934957447863419)]
ArduPilot/ardupilot 8459 : [(2382, 0.8440550101961131), (4927, 0.8402422336092387), (3804, 0.7984742794992947), (1925, 0.7237727347113735), (4839, 0.5281685029735969), (4842, 0.5253649450650772), (4838, 0.5149268465063823), (7454, 0.44256803433326725), (5826, 0.401098597484768), (4836, 0.3677542054566919)]
ArduPilot/ardupilot 8435 : [(8350, 0.9725083975545473), (8405, 0.7974656198205207), (4712, 0.4883502308188803), (8659, 0.44026663619227097), (8003, 0.43733138015378925), (703, 0.43273421959919267), (8934, 0.41715098641465514), (5297, 0.3968162094310164), (6249, 0.3945633904150819), (559, 0.38515948558291874)]
ArduPilot/ardupilot 8430 : [(3235, 0.8753066961873066), (915, 0.7884570096036484), (4860, 0.6930002482828597), (8618, 0.5645714128599557), (8900, 0.5616900255572083), (4122, 0.5483281336414481), (7454, 0.4770869494126201), (7174, 0.42323412735960747), (6842, 0.40748601943062734), (7078, 0.39546919352501864)]
ArduPilot/ardupilot 8413 : [(8923, 0.9898241621076593), (8881, 0.9847469044151325), (8684, 0.9621902458162744), (8891, 0.9615222771140766), (8234, 0.894087107212026), (8598, 0.7236020920608567), (8162, 0.6913974384834072), (8433, 0.637850467992625), (8597, 0.421549270700493), (8744, 0.35413461901043447)]
ArduPilot/ardupilot 8409 : [(3580, 0.3660278217814885), (6541, 0.34002824576013235), (6424, 0.33483915741215975), (4748, 0.316721920402374), (5996, 0.29762484371676623), (6858, 0.2866762387761398), (2783, 0.2456800645453052), (5498, 0.24553136515481225), (1548, 0.21333599109841764), (4151, 0.19837907184845832)]
ArduPilot/ardupilot 8406 : [(7681, 0.9133617708775577), (4378, 0.5), (7047, 0.5), (1736, 0.4408521532572445), (2496, 0.43263200609045005), (6803, 0.4303362181408616), (2137, 0.42838467079805237), (6319, 0.4158670775220953), (6468, 0.41374551867994047), (4415, 0.41370811033037475)]
ArduPilot/ardupilot 8405 : [(8435, 0.7974656198205207), (2465, 0.5532246895972254), (8044, 0.5373885207581165), (6278, 0.5197214368173553), (6174, 0.5084841410743653), (1767, 0.43921757552476925), (6800, 0.4339380264861932), (8376, 0.3814975344511432), (3031, 0.35422046031468496), (8873, 0.3439541819576344)]
ArduPilot/ardupilot 8397 : [(8685, 0.6593834705720724), (5848, 0.549661323070833), (6266, 0.4306998816734124), (3222, 0.3983310647551469), (1626, 0.3364989620558186), (7219, 0.331633330953466), (2309, 0.32774617975919224), (5716, 0.32093473989763655), (6672, 0.3171362490736468), (2383, 0.3166015388923673)]
ArduPilot/ardupilot 8368 : [(4131, 0.5085176446616412), (4806, 0.31015573833267307), (5740, 0.29134252369999436), (8596, 0.2533020421402824), (7004, 0.24634351517551564), (4948, 0.2098524909206359), (5995, 0.20649663831163242), (8665, 0.1914040190579743), (7121, 0.1165620978805042), (8710, 0.11599825213772758)]
ArduPilot/ardupilot 8364 : [(1918, 0.3414684758624331), (4085, 0.2998815271266352), (3711, 0.19820486383100422), (8462, 0.14626704223814482), (4458, 0.1428398716335809), (7004, 0.13667227979711752), (777, 0.13423647175927317), (7861, 0.12417575347612389), (1810, 0.1223374218512374), (5509, 0.11922454169043975)]
ArduPilot/ardupilot 8363 : [(5541, 0.9963006231835929), (5562, 0.9959012948401258), (5576, 0.9120674474089809), (7077, 0.8085562629139978), (5458, 0.7888077461002777), (4061, 0.4059510117739123), (5630, 0.3991766570756627), (6835, 0.38622198623911597), (6027, 0.15027058127822945), (4838, 0.15015815997630608)]
ArduPilot/ardupilot 8359 : [(4860, 0.9739084376022759), (5084, 0.9651959634954709), (5085, 0.8414566191181685), (5574, 0.44793679127460045), (3501, 0.4224960867893285), (6629, 0.37380530372741827), (3610, 0.3546162219901732), (8430, 0.2957215777208186), (2689, 0.28418092581490967), (8265, 0.27792670040610207)]
ArduPilot/ardupilot 8354 : [(6215, 0.5951619509751165), (7488, 0.516756605979758), (3755, 0.46848101531697356), (6700, 0.34929081773579324), (7562, 0.2728403468925252), (3901, 0.2677521172162139), (7968, 0.26053615463409097), (7262, 0.23900578411371937), (5763, 0.20288584591735095), (3815, 0.16311946703555527)]
ArduPilot/ardupilot 8351 : [(5931, 0.9279356603898369), (8131, 0.8158881500515794), (4553, 0.5708210005165103), (3814, 0.5381988882263287), (5299, 0.5355854035523983), (8567, 0.517191105546363), (7764, 0.5085873692504703), (3876, 0.489248140051875), (3662, 0.4689165819920433), (8607, 0.4402452290777215)]
ArduPilot/ardupilot 8307 : [(2341, 0.4592023776424046), (2326, 0.4461006919247368), (1103, 0.30117063783094083), (5455, 0.2932518427306565), (8758, 0.17419417249940272), (8357, 0.12845155243303324), (4065, 0.11771187804781534), (5482, 0.09755694432062274), (5293, 0.09755694432062274), (5240, 0.09755694432062274)]
ArduPilot/ardupilot 8287 : [(6138, 0.8524412848643831), (4034, 0.6636115446900959), (5944, 0.636685649275418), (4552, 0.580904508194357), (8134, 0.5546955159214594), (8062, 0.5344575019498222), (6704, 0.4938399377826538), (6942, 0.4361309202388717), (8552, 0.427292911353286), (4864, 0.3336233004196436)]
ArduPilot/ardupilot 8284 : [(5297, 0.6709192569420889), (5091, 0.48320280917396513), (1193, 0.47556816644520344), (1359, 0.38255212104099495), (1136, 0.363303063428888), (2696, 0.35488398246801683), (1453, 0.34921852742013504), (1134, 0.3480860832265572), (7919, 0.3426834874801028), (1332, 0.34256036848042476)]
ArduPilot/ardupilot 8266 : [(7411, 0.9672512454945283), (6635, 0.9591397697209739), (6169, 0.957965371152496), (4364, 0.9340142203317124), (7422, 0.9290519079112127), (6173, 0.8819242057015126), (7412, 0.8458259519767812), (7377, 0.8409419648520717), (6176, 0.8282515060869802), (5361, 0.7289169934286761)]
ArduPilot/ardupilot 8253 : [(4945, 0.873870407902558), (3760, 0.8726182469710231), (6072, 0.8512913787916149), (5828, 0.6981636137324732), (5996, 0.5402083814717246), (6399, 0.44515773205512327), (6986, 0.4429702457083239), (4748, 0.41282238763759993), (4584, 0.3952975366175192), (7094, 0.3939518575200569)]
ArduPilot/ardupilot 8229 : [(7174, 0.4493355483248252), (7078, 0.3929100911443918), (7079, 0.3712576149448763), (8618, 0.23809888925434508), (5761, 0.17504856917753472), (7837, 0.16996977747024872), (6980, 0.14197945469354195), (4836, 0.12927526666443004), (7454, 0.12700187617219735), (8261, 0.12453895560449203)]
ArduPilot/ardupilot 8228 : [(5758, 0.8347392385783344), (7225, 0.7132723168147586), (6472, 0.7119998139883301), (7197, 0.5912280100825009), (4518, 0.5252820294359045), (6470, 0.3424751804003242), (6356, 0.32931208250166455), (7297, 0.3111271293026997), (6376, 0.28880161282042405), (5737, 0.18351471310830797)]
ArduPilot/ardupilot 8207 : [(8142, 0.9019652157246816), (8738, 0.8766470687998105), (8008, 0.6617173038228613), (8105, 0.6109385389574725), (6253, 0.3406291273219858), (6479, 0.17737570702646044), (1196, 0.17058153715592522), (7364, 0.16162499705157987), (2050, 0.1510247586116732), (6303, 0.1334667107542667)]
ArduPilot/ardupilot 8194 : [(2441, 0.725973791111531), (3808, 0.4199348805254845), (1341, 0.35413461901043447), (4505, 0.25712278441548), (4161, 0.20794895764157822), (5297, 0.1878963558356096), (621, 0.18301449285745686), (7805, 0.18025039972332135), (4182, 0.17318782533746702), (2696, 0.16323317439057952)]
ArduPilot/ardupilot 8175 : [(8613, 0.5829343012407586), (4642, 0.5532874636620516), (5708, 0.5506646734358736), (2271, 0.4212125069901977), (787, 0.4053882962314568), (6920, 0.34629025389211493), (782, 0.3418288060736242), (7158, 0.3402913270638991), (1225, 0.3381138558741862), (4995, 0.3090949199993793)]
ArduPilot/ardupilot 8170 : [(8518, 0.2198056528891966), (8077, 0.11749963075721395), (6722, 0.07836891016060273), (7964, 0.07434220833105135), (7597, 0.07294650058444388), (1177, 0.06680379884512312), (8346, 0.0647838698360069), (4035, 0.06329889484974481), (8194, 0.06327873518329588), (4036, 0.06271374061319412)]
ArduPilot/ardupilot 8160 : [(7171, 0.7453139544011056), (8202, 0.4728868947577833), (6856, 0.38170299834465676), (5790, 0.344814785283274), (5779, 0.276944513270832), (5849, 0.26982195323995717), (7247, 0.22259264688344832), (7335, 0.1930692399806521), (6104, 0.16922973821444529), (5737, 0.14231875228579183)]
ArduPilot/ardupilot 8155 : [(6148, 0.4735222910230276), (6551, 0.40864344154110266), (3980, 0.1964956881195641), (2362, 0.15599183217010967), (6494, 0.15594591170341165), (8149, 0.1200713816190525), (3814, 0.11587592959244948), (6458, 0.10678793343617692), (7545, 0.1012110387845638), (2381, 0.0998438992874335)]
ArduPilot/ardupilot 8092 : [(6197, 0.9575641464257507), (5848, 0.7846837219057607), (437, 0.5509498877842509), (2181, 0.5422460188753536), (8685, 0.534575665630963), (6290, 0.46569859687510023), (7172, 0.35198065021569086), (8251, 0.31030350526211525), (8656, 0.2575753625744182), (2083, 0.24559145192431098)]
ArduPilot/ardupilot 8088 : [(6718, 0.9385703374566032), (8125, 0.7809205386630392), (1046, 0.7692108284108542), (3351, 0.6163064367871619), (2982, 0.6026489965353026), (8128, 0.43881463620752365), (7725, 0.3082716563092888), (3142, 0.30342305433504063), (4862, 0.23876547818924146), (4943, 0.22909404876561268)]
ArduPilot/ardupilot 8086 : [(8125, 0.8688225642098037), (1046, 0.8602408527634405), (6718, 0.826677623451716), (3351, 0.7386763190813687), (2982, 0.6271727113461779), (8128, 0.5606356663252998), (8127, 0.40939995544367686), (7725, 0.3782447413871254), (4706, 0.22612548070159966), (2831, 0.21746502427307696)]
ArduPilot/ardupilot 8070 : [(8636, 0.7094392698901393), (7898, 0.6841691954402797), (8791, 0.5493794207237752), (2243, 0.520479240656003), (6085, 0.5093484022088309), (6402, 0.47519612273504047), (4552, 0.4401757863059838), (6149, 0.4189535066281383), (8183, 0.41506789828789004), (8283, 0.4124875072643901)]
ArduPilot/ardupilot 8056 : [(5144, 0.989959056159606), (1773, 0.9563700172550464), (4763, 0.9480731412742617), (4767, 0.9218352058733758), (4954, 0.9160316486595684), (5872, 0.9049458073905302), (5145, 0.9019049552327629), (4867, 0.8795344853872634), (5071, 0.8645778476602314), (4766, 0.862403623533721)]
ArduPilot/ardupilot 8053 : [(1352, 0.7408292366862704), (5727, 0.4270561380098656), (5572, 0.3989736131336001), (2813, 0.37513721058199734), (8462, 0.35805536941205), (8816, 0.34162428403026673), (5967, 0.329603710590606), (4528, 0.25569974120107014), (6941, 0.2556746926629663), (4548, 0.24664673496096007)]
ArduPilot/ardupilot 8033 : [(6683, 0.5705849406036064), (6752, 0.5681728448090472), (6453, 0.5610281366309523), (7395, 0.5361231620849329), (2239, 0.5161477766622223), (7030, 0.49001869544819054), (2866, 0.4757807752907879), (5613, 0.46130320975860656), (2911, 0.4558103581197895), (7407, 0.44722164213000937)]
ArduPilot/ardupilot 8025 : [(7943, 0.986978251799232), (6527, 0.9843179116245823), (5662, 0.9752362695210048), (2590, 0.9685802524296987), (3141, 0.9674690290515047), (5682, 0.9665208542355486), (1308, 0.9638095911626839), (8539, 0.9508701995713367), (3449, 0.9156353478481544), (5046, 0.9007570449596941)]
ArduPilot/ardupilot 8023 : [(7268, 0.7997102476898433), (4835, 0.5064361515916156), (3896, 0.48589381206034193), (3373, 0.4227095036036541), (7146, 0.39906655108112027), (7148, 0.39026381160073603), (5870, 0.38006487372713665), (6575, 0.3798390367173077), (8105, 0.3582597505211308), (6628, 0.30731711163924447)]
ArduPilot/ardupilot 8014 : [(421, 0.9437222627915072), (470, 0.8105428351405962), (4432, 0.6430280696806094), (427, 0.59099016416152), (3441, 0.4634019251017813), (4399, 0.45376632195197386), (1262, 0.4141428661621507), (6408, 0.38360482207650154), (5681, 0.38243775680677683), (739, 0.37717526652587685)]
ArduPilot/ardupilot 8008 : [(8105, 0.9999996407254367), (8054, 0.9299776447771146), (7364, 0.8731212125580013), (8142, 0.7141844990710563), (8141, 0.6822579280224313), (8738, 0.6770832320189583), (8207, 0.6617173038228613), (6253, 0.5794160123429358), (2017, 0.5263230930822873), (1196, 0.46192006536633695)]
ArduPilot/ardupilot 8000 : [(3904, 0.38576521529408436), (6746, 0.3078945525340938), (8077, 0.23092392536543824), (2914, 0.21332480501546455), (6604, 0.18047337127537835), (6364, 0.17227299604827181), (4529, 0.16811729878872606), (6569, 0.16327745804954122), (6461, 0.16137299209660716), (4073, 0.15234437953568078)]
ArduPilot/ardupilot 7995 : [(8536, 0.7178772883209981), (4817, 0.6271368866816285), (3177, 0.3618504943929531), (4640, 0.3570361170486839), (3826, 0.34471087326640376), (7596, 0.31397795205187273), (4585, 0.2913794435468063), (5668, 0.24348922649836244), (7432, 0.2336683151519308), (6308, 0.2226727193930244)]
ArduPilot/ardupilot 7981 : [(6676, 0.9463408305155218), (8719, 0.8913054260748015), (5929, 0.8174233174082809), (4942, 0.8137904105444), (5064, 0.7493778799949872), (7900, 0.7176322764290506), (7495, 0.644843729661197), (7218, 0.6446061491445183), (6678, 0.6272712035354022), (3546, 0.6107685612889242)]
ArduPilot/ardupilot 7971 : [(6176, 0.5), (4829, 0.4294271637302185), (5488, 0.397400262062209), (6635, 0.393475325199679), (6169, 0.3466322529743727), (4343, 0.3344073660957886), (7422, 0.3234808712891766), (5473, 0.3064717803088195), (7757, 0.2894394431669914), (7373, 0.26479425426921505)]
ArduPilot/ardupilot 7970 : [(8906, 0.9749183080282694), (6752, 0.3816918900851849), (4121, 0.36784538524229565), (7030, 0.31752684129700015), (8033, 0.29767339731654785), (8784, 0.29611456093301347), (4011, 0.29026111197462795), (6669, 0.26333657306942654), (8708, 0.2522591048075988), (6453, 0.24875701233256642)]
ArduPilot/ardupilot 7968 : [(427, 0.77777044520594), (421, 0.7133162421831926), (3944, 0.6147636852916355), (4119, 0.5714790626675709), (603, 0.541589956085638), (826, 0.4451861194440055), (470, 0.39187589397552636), (7102, 0.38461910887155326), (3462, 0.36940872897655896), (8014, 0.3500453796668203)]
ArduPilot/ardupilot 7943 : [(5662, 0.9970618251040847), (5682, 0.9940784101223136), (8025, 0.986978251799232), (6527, 0.9704363693622873), (5947, 0.9662780287955922), (5759, 0.947482252045934), (7128, 0.9370730729174037), (6091, 0.9329703028470566), (3141, 0.9288355088340964), (6020, 0.9248798583710339)]
ArduPilot/ardupilot 7942 : [(3391, 0.9656993907694272), (4065, 0.6692152216439077), (2175, 0.6071030716869452), (4399, 0.3972700749623293), (7537, 0.1758095135267567), (8795, 0.14873902569904296), (703, 0.14391888106364734), (982, 0.12978135874146482), (1656, 0.11803795099225907), (4740, 0.11506008619895974)]
ArduPilot/ardupilot 7933 : [(8546, 0.8755635595619627), (6970, 0.8082567412463665), (3761, 0.6908000506575501), (6927, 0.656690999455077), (6377, 0.6386441431960328), (4035, 0.6291553340477597), (4284, 0.6285346121111008), (4770, 0.5904084767601167), (5538, 0.5839867264526287), (6442, 0.5573427244162524)]
ArduPilot/ardupilot 7930 : [(8934, 0.9963890713873109), (559, 0.8428300052183735), (8350, 0.4152586091837072), (1116, 0.3961158748945819), (5646, 0.33218705534867293), (703, 0.3185597847126997), (8435, 0.3177501631073834), (3557, 0.1994711564943569), (5909, 0.19537894347721785), (7677, 0.1828329143015407)]
ArduPilot/ardupilot 7898 : [(8070, 0.6841691954402797), (8848, 0.4396070922678052), (7763, 0.4337159836187509), (1717, 0.3965205527361643), (4704, 0.39601918154564686), (3388, 0.39459100230271615), (5950, 0.3787891900059414), (3603, 0.35413461901043447), (6857, 0.30391230295988453), (1738, 0.2620457354339403)]
ArduPilot/ardupilot 7894 : [(5714, 0.6461695281603582), (3253, 0.24589495165310027), (3418, 0.1334771981377946), (7193, 0.12954912609415814), (7400, 0.11745396663209287), (8006, 0.10618384292311774), (3254, 0.09996559678903674), (7403, 0.09974303313004192), (8342, 0.09750675883921217), (5482, 0.08507333719620948)]
ArduPilot/ardupilot 7893 : [(1738, 0.9797264520678063), (6725, 0.9513763540378322), (6845, 0.8571793847114646), (3128, 0.8124159027825553), (6412, 0.7041189290545188), (7763, 0.5603974086575154), (6857, 0.3506695301759996), (5253, 0.3403046559433341), (5266, 0.31339294498387893), (3086, 0.2891604531469185)]
ArduPilot/ardupilot 7891 : [(4836, 0.839647215357677), (7079, 0.7628398550959783), (7174, 0.7313724608317117), (7454, 0.6315008530248267), (4122, 0.6127283981754973), (7078, 0.5993253185777709), (4229, 0.5501804377103712), (915, 0.4533853238062779), (3804, 0.38470829673577955), (4581, 0.3302230975801587)]
ArduPilot/ardupilot 7889 : [(7400, 0.9707211634714232), (8101, 0.6894353592375044), (7754, 0.5941723405375529), (6517, 0.5326169637697105), (7111, 0.46432472209498826), (7981, 0.3671392135737721), (4942, 0.30496102097793354), (2030, 0.2427217625154737), (5119, 0.20217012472736412), (8537, 0.18666877126540077)]
ArduPilot/ardupilot 7881 : [(8900, 0.9315534533981749), (7208, 0.8421877278808263), (7174, 0.7546386213311469), (7831, 0.7505178172983467), (7545, 0.6527007503318121), (4122, 0.5551717262393363), (8618, 0.5445853827621969), (7790, 0.4882164266862813), (7837, 0.42390871284104853), (7313, 0.4179375831321171)]
ArduPilot/ardupilot 7870 : [(7790, 0.8730999513044252), (7545, 0.8424551573744294), (8531, 0.815292830791082), (7886, 0.6095455048511953), (7556, 0.6073887143979979), (7831, 0.5730712489008016), (7768, 0.5654424175706688), (7678, 0.5326148401942342), (7680, 0.5259285936416568), (858, 0.42759071528970666)]
ArduPilot/ardupilot 7831 : [(7881, 0.7505178172983467), (7545, 0.665830526705619), (7870, 0.5730712489008016), (8878, 0.4603990616703078), (8396, 0.4589506181231881), (7556, 0.4524263063815307), (6527, 0.4439644436149334), (7768, 0.4284645074813158), (7208, 0.4214185393880785), (6081, 0.4011420258009457)]
ArduPilot/ardupilot 7810 : [(4840, 0.4818194600946278), (5598, 0.391701424732706), (6492, 0.3807721936695521), (2772, 0.3664685548806386), (5783, 0.3597816433086623), (3382, 0.34134325149794265), (6835, 0.3394028380974582), (7097, 0.24648141479189078), (3614, 0.23298690268541955), (7472, 0.22773756234662101)]
ArduPilot/ardupilot 7809 : [(7763, 0.5053398779573982), (8604, 0.3824047682121377), (5472, 0.3687926611513206), (5418, 0.3284825437263203), (5136, 0.2837349665385653), (8557, 0.2435479195700396), (5086, 0.22616482393368417), (8143, 0.12656165179376774), (6657, 0.086979698196214), (4780, 0.086377136142427)]
ArduPilot/ardupilot 7746 : [(6708, 0.941536159102322), (4746, 0.9395925431752857), (2512, 0.5908662689040183), (7161, 0.40185564825267783), (1910, 0.3198469590825559), (6398, 0.3154268959019446), (6084, 0.29740262763654596), (7599, 0.2559916206070507), (7791, 0.22885373255749378), (4574, 0.22282424053895616)]
ArduPilot/ardupilot 7742 : [(6686, 0.8535516950308568), (4891, 0.8309482710352534), (7451, 0.7808089423862902), (5723, 0.38455508951128237), (711, 0.38293723103589494), (8432, 0.3763881997802702), (6636, 0.34644597223312706), (5154, 0.3395776225166344), (8197, 0.30680249472448845), (4274, 0.29256653437399677)]
ArduPilot/ardupilot 7721 : [(7783, 0.9962831604343906), (7676, 0.8972269955052671), (8826, 0.6237466530942949), (8260, 0.5774231209848861), (8611, 0.5733436077982328), (7800, 0.5630946504253291), (8299, 0.562761240474679), (7077, 0.4433897536296867), (6885, 0.42376685538915126), (8843, 0.37758997429995406)]
ArduPilot/ardupilot 7713 : [(3759, 0.9829708296951768), (6374, 0.5848892124163543), (3643, 0.5692044814822358), (3876, 0.5361539045004051), (3097, 0.4644819061583904), (1652, 0.4444693216207423), (6551, 0.42791620123061325), (6125, 0.4199348805254845), (4565, 0.405243232345351), (5467, 0.38972174218575156)]
ArduPilot/ardupilot 7607 : [(8511, 0.9860568033095551), (8514, 0.8257291527500445), (6496, 0.4069284719574439), (2575, 0.3572150446578656), (4723, 0.34048103022808834), (7964, 0.2832856923622316), (5491, 0.26607062939925263), (2048, 0.26186999390274945), (8510, 0.23032879008126841), (7044, 0.2272422854481807)]
ArduPilot/ardupilot 7572 : [(839, 0.7403838310737512), (830, 0.7189517803286803), (821, 0.6935784028985099), (823, 0.6910771975315507), (858, 0.3026919722343511), (941, 0.28842255802040706), (5800, 0.2693567310707976), (2265, 0.26857894906981084), (7340, 0.2657178518010843), (7172, 0.25082665333000137)]
ArduPilot/ardupilot 7502 : [(7438, 0.3333205601212651), (7389, 0.27659227800510294), (2170, 0.2065668825790607), (7460, 0.20223734544227234), (7533, 0.1842409557493505), (7906, 0.1626781431474731), (3390, 0.15733388409619073), (7926, 0.1488670469777514), (7655, 0.14405434141787066), (4582, 0.14122013110486603)]
ArduPilot/ardupilot 7498 : [(6575, 0.8418457699859401), (7314, 0.7924931363690245), (8916, 0.7796640573517614), (8858, 0.7424458780732752), (8620, 0.7114539748381987), (7326, 0.6790330581112096), (8286, 0.6636763029254359), (6628, 0.6538043687329541), (8585, 0.4774644797270653), (1633, 0.43593575741582236)]
ArduPilot/ardupilot 7493 : [(7158, 0.7952065103387895), (6696, 0.7884859292975446), (8613, 0.7836337653368313), (8231, 0.7711478101316555), (5731, 0.7657421537653235), (7395, 0.6569145232306526), (7611, 0.6186358545796061), (4252, 0.5642024699192592), (6970, 0.535780502314448), (8883, 0.5108253733371444)]
ArduPilot/ardupilot 7483 : [(6291, 0.9914152485173918), (5682, 0.9790761823978822), (6091, 0.9784946230144982), (6089, 0.9464207115968376), (5947, 0.9271647046089203), (8025, 0.8108352984774116), (5662, 0.7912952297459723), (6106, 0.7906308343366346), (7128, 0.7885703897625513), (6020, 0.7057089723355668)]
ArduPilot/ardupilot 7451 : [(6686, 0.9999945370456026), (8197, 0.9892890673468484), (5154, 0.9839651555007927), (4719, 0.9809881321481524), (6693, 0.9772102802526619), (3007, 0.9771547284833786), (8723, 0.9611411037732374), (3604, 0.9159016983319798), (3358, 0.8855630799643482), (6678, 0.8734441832104632)]
ArduPilot/ardupilot 7432 : [(5107, 0.9840655557637732), (7573, 0.9423297020212642), (7428, 0.8835625565719218), (2369, 0.8714667780059999), (4817, 0.7765049877634151), (4714, 0.5887159344055117), (3551, 0.5778169269987886), (3479, 0.49100579413223033), (7657, 0.4285603449787358), (2145, 0.41725566532253494)]
ArduPilot/ardupilot 7423 : [(5967, 0.9927124999693401), (8462, 0.9902781019326758), (6507, 0.9839530852911683), (4823, 0.9223066090685681), (4818, 0.9223066090685681), (5231, 0.8899343352231097), (3948, 0.8791524709612003), (6205, 0.8567787847991558), (4377, 0.8433981563907567), (6558, 0.7803920605594246)]
ArduPilot/ardupilot 7402 : [(7588, 0.6480338039099505), (7389, 0.404958335515595), (7265, 0.24893719126201808), (6628, 0.21705184500382055), (1606, 0.19683051997990714), (6722, 0.19004975430927828), (4664, 0.1817918810526676), (4470, 0.16619850466492236), (6575, 0.1639614333539807), (7115, 0.16055637267435885)]
ArduPilot/ardupilot 7365 : [(4712, 0.5735091935128861), (5947, 0.39913855946750515), (5786, 0.3863507304531306), (7705, 0.38385146280493077), (2373, 0.38309137109329), (7704, 0.37877969981450643), (6174, 0.37161077225568273), (5455, 0.26228250346974336), (3482, 0.24725737502278625), (5802, 0.22383401142033918)]
ArduPilot/ardupilot 7345 : [(7377, 0.6841255649123837), (8088, 0.6593171715876308), (1046, 0.5611906875186327), (3351, 0.3802266326069593), (8087, 0.3389433185397928), (2982, 0.3175287044616297), (5651, 0.09223356231420189), (1191, 0.08446861913179225), (7340, 0.07782748046286665), (3231, 0.06925290694400277)]
ArduPilot/ardupilot 7329 : [(4638, 0.4510925904810583), (2083, 0.3941624017850843), (2660, 0.36775898898966614), (4479, 0.33099686558040314), (5740, 0.29241859779312246), (7937, 0.2785665329314558), (3622, 0.27730623139529603), (7458, 0.25209381581801293), (4131, 0.23118051758161737), (1063, 0.22517962982215073)]
ArduPilot/ardupilot 7315 : [(711, 0.19051557572545327), (8846, 0.18574487094671777), (8821, 0.18454930263007485), (7864, 0.18454930263007485), (6350, 0.18454930263007485), (5936, 0.18454930263007485), (5634, 0.18454930263007485), (3604, 0.18069603500566836), (4824, 0.1782114413107782), (7849, 0.17318171443011987)]
ArduPilot/ardupilot 7305 : [(5137, 0.9910173510667614), (5139, 0.990626047684325), (4944, 0.975287746724334), (5245, 0.9599719752304884), (4823, 0.9589972092212442), (4818, 0.9321005574490556), (4852, 0.8580903449094996), (4809, 0.7883209813607474), (4872, 0.5176543719534682), (4704, 0.4786798877858104)]
ArduPilot/ardupilot 7300 : [(4410, 0.7467372827531051), (4394, 0.7467372827531051), (8282, 0.6912878723257965), (4585, 0.5975975439824607), (8158, 0.5743490695386447), (5047, 0.5), (3700, 0.47599929451713324), (6028, 0.4393832010261092), (6360, 0.28858769454676464), (3616, 0.2458211574359818)]
ArduPilot/ardupilot 7294 : [(7328, 0.598483886976715), (3864, 0.5965520171652989), (7251, 0.5849569188125953), (5601, 0.5147682478290294), (5074, 0.4712460263306773), (2305, 0.39429147825566413), (8814, 0.30509431934109243), (5237, 0.2950846805413154), (4515, 0.27894470290824963), (7977, 0.27578298738106555)]
ArduPilot/ardupilot 7291 : [(3688, 0.7127695956146423), (2573, 0.5058218107389716), (4279, 0.4908600165270501), (2574, 0.46250363506852843), (3937, 0.42922026021972065), (8748, 0.3733020286505992), (8245, 0.3446161727072712), (6848, 0.33774716739462485), (2404, 0.3363725718191094), (5025, 0.33024725714326364)]
ArduPilot/ardupilot 7287 : [(6883, 0.7212964423909226), (7511, 0.33974896605532817), (2719, 0.3146692523169165), (1803, 0.2606529067691662), (4055, 0.2462746953551255), (4053, 0.22875499993406412), (3637, 0.18294118816079027), (3523, 0.178940673258399), (2732, 0.17835501453074457), (3624, 0.17318171443011987)]
ArduPilot/ardupilot 7265 : [(830, 0.885426367416775), (821, 0.8842573080543749), (823, 0.8715626343796883), (839, 0.8624500288893565), (1322, 0.8050839028834099), (6529, 0.8016934299278032), (5867, 0.7822456822769162), (590, 0.7480758128320101), (589, 0.637279730329839), (588, 0.637279730329839)]
ArduPilot/ardupilot 7263 : [(3385, 0.8943031920140716), (4244, 0.8642531539404619), (5489, 0.5247631352131389), (5475, 0.5247631352131389), (730, 0.250774587454079), (1008, 0.24038621507367866), (8507, 0.1863485600711202), (6775, 0.18209390724742827), (2995, 0.1307177550643105), (4161, 0.12959250667871175)]
ArduPilot/ardupilot 7252 : [(6588, 0.884027116186095), (6656, 0.7858250865266599), (5400, 0.5873915339708857), (3520, 0.5292727436114878), (5085, 0.46270730473074767), (7884, 0.4360233442843827), (8423, 0.39661319641504134), (6788, 0.38799038596883756), (8539, 0.38270752676209785), (6562, 0.3475772196105281)]
ArduPilot/ardupilot 7249 : [(8612, 0.9720771243378088), (7382, 0.8699661638292262), (8840, 0.5589377833343029), (8343, 0.475191519237907), (8214, 0.40014497305778335), (7482, 0.36772847293486316), (6759, 0.2982480165766817), (8045, 0.25269287462439255), (7189, 0.24939924902717664), (4216, 0.23403453035845886)]
ArduPilot/ardupilot 7244 : [(3235, 0.06176887328349339), (6496, 0.05601602574176921), (4833, 0.045863317310191984), (3911, 0.04534888199985073), (5867, 0.03720619923129865), (3210, 0.035315136518356646), (6927, 0.03530866952307233), (7466, 0.03358716791217796), (4470, 0.03332888893566534), (8701, 0.033323009972255374)]
ArduPilot/ardupilot 7234 : [(6149, 0.7443575304823021), (6015, 0.6754026838678802), (6975, 0.539452468088901), (5888, 0.42612631207609014), (6967, 0.3582406499926158), (6030, 0.3491604968409793), (4552, 0.32923351358732017), (4312, 0.32830514486668866), (4516, 0.3004317586672688), (6281, 0.2782125687622342)]
ArduPilot/ardupilot 7225 : [(7197, 0.955566853244281), (7297, 0.9432821434400046), (5758, 0.7455716407110551), (8228, 0.7132723168147586), (6604, 0.5778371404922655), (8312, 0.494335176919516), (7306, 0.45493289294517447), (7317, 0.44418658484996004), (8909, 0.4346388420250568), (7484, 0.40003559467549327)]
ArduPilot/ardupilot 7215 : [(4155, 0.8625813512358973), (5996, 0.7489294703266327), (2783, 0.7397489886931422), (5345, 0.6834335676728452), (5642, 0.6814938576681847), (4178, 0.6614067393403982), (7735, 0.6508184010259113), (6047, 0.6067966757568161), (8144, 0.5538256589608136), (4458, 0.5509911793412738)]
ArduPilot/ardupilot 7211 : [(2687, 0.7852648576919575), (4613, 0.640057795123836), (2959, 0.6117534973280345), (7269, 0.5251683745713689), (5685, 0.4914496163343975), (2194, 0.46994639489813006), (1962, 0.43905906996517136), (7302, 0.3840142974021448), (3349, 0.36048640317852587), (2108, 0.3508110436983434)]
ArduPilot/ardupilot 7208 : [(8879, 0.8626326523497838), (7881, 0.8421877278808263), (7545, 0.794009734443998), (6527, 0.6217564946579393), (7790, 0.5538675845647764), (7556, 0.5422517687898148), (8531, 0.5362941761583739), (6528, 0.4454294145827172), (7831, 0.4214185393880785), (7827, 0.3774197052168481)]
ArduPilot/ardupilot 7167 : [(4399, 0.40288376915981844), (7942, 0.36844962811901094), (7790, 0.28190770916224517), (7831, 0.1924062515396836), (212, 0.06547504611516099), (2696, 0.058629338031179146), (2632, 0.04835100253460932), (140, 0.04772403222017836), (7881, 0.047643879301393306), (2206, 0.04754987519151326)]
ArduPilot/ardupilot 7163 : [(4219, 0.42434223227890955), (4859, 0.36293012582986633), (7124, 0.2393722175421004), (3814, 0.1975398951424654), (4779, 0.1863151251093673), (8078, 0.13151352105594247), (7764, 0.09592888702775788), (4453, 0.09088815180033005), (6136, 0.08653354896704749), (4237, 0.08233966878402019)]
ArduPilot/ardupilot 7151 : [(8199, 0.15072930450492047), (4439, 0.08587625746955195), (4425, 0.06169363891556124), (1580, 0.061475456428476384), (6445, 0.056730512994023284), (7106, 0.05598440258563216), (6057, 0.051831433962390046), (6488, 0.048980876111190334), (5654, 0.04793949551749713), (7791, 0.04658519250831426)]
ArduPilot/ardupilot 7133 : [(8442, 0.640630551285613), (6059, 0.48483470561605707), (7508, 0.42496047837341316), (8197, 0.37382381365546136), (8739, 0.2307998066771365), (6615, 0.21922147296461353), (2794, 0.19435487874183355), (5927, 0.18846424837554612), (5992, 0.1818477870660098), (7755, 0.17318171443011987)]
ArduPilot/ardupilot 7125 : [(6008, 0.40207814611274634), (7721, 0.3088649173555373), (2914, 0.22900830728117202), (4574, 0.16095171974679506), (2544, 0.15857299342747833), (4, 0.14127879863816284), (8550, 0.1311662357908694), (7568, 0.10869574517377573), (6813, 0.09363817937003104), (3090, 0.08899018192033382)]
ArduPilot/ardupilot 7124 : [(4447, 0.6529780310130281), (3180, 0.4163821527996244), (7764, 0.37132784665144747), (3487, 0.30018916569656473), (7163, 0.2393722175421004), (2938, 0.2275441302526244), (4399, 0.20316326283859443), (4295, 0.18621025130976873), (3075, 0.18445171923489473), (3693, 0.17951353076326568)]
ArduPilot/ardupilot 7111 : [(2995, 0.9888713779977123), (4568, 0.9584437488553116), (5571, 0.9472524043578968), (4364, 0.6666058941624038), (7377, 0.5920676471209522), (6169, 0.5548615822484501), (5213, 0.5067339703939239), (7422, 0.4797604623064022), (7889, 0.46432472209498826), (8375, 0.46111966278276684)]
ArduPilot/ardupilot 7104 : [(7687, 0.416330206595858), (8722, 0.17242965754885753), (8941, 0.16786118239760164), (8849, 0.15774222656381937), (8726, 0.12367242587500157), (8850, 0.12235095009127875), (7844, 0.11502298003386412), (8762, 0.10863442402572078), (7903, 0.044924643833025725), (6706, 0.038518603726056914)]
ArduPilot/ardupilot 7047 : [(3573, 0.7921090527265177), (7441, 0.7846658217398745), (4712, 0.7138029213089627), (2468, 0.6401228015667039), (2496, 0.6080904537552624), (7428, 0.588009697372211), (4378, 0.4896503492808543), (6803, 0.45980004650718365), (1193, 0.45895817698447766), (463, 0.44118299866143545)]
ArduPilot/ardupilot 6989 : [(7635, 0.9894530787136014), (7085, 0.9889765612217561), (7086, 0.9888118389968086), (2627, 0.8862754734631167), (4513, 0.8623359231389839), (7725, 0.8334958812449061), (5216, 0.8208317026045124), (6885, 0.8127816685455126), (4713, 0.7021691231998467), (4781, 0.6452026408499443)]
ArduPilot/ardupilot 6912 : [(6752, 0.6142694005682148), (3180, 0.527793640330142), (7803, 0.4675016957529867), (8733, 0.4575300304591784), (2248, 0.4422867483710232), (6453, 0.31197369605430547), (7785, 0.3055964409354524), (4737, 0.29882477478127806), (4738, 0.2871712935557874), (5968, 0.28304212109672006)]
ArduPilot/ardupilot 6906 : [(3624, 0.9276877131765038), (3637, 0.9130386139824643), (7801, 0.7054929880311333), (4496, 0.6646547846894152), (8348, 0.5877711756250957), (3452, 0.5848900221424312), (5372, 0.5742307528336155), (3460, 0.5368875061802715), (3477, 0.5107417673373162), (3444, 0.4504676094793668)]
ArduPilot/ardupilot 6893 : [(8339, 0.8366822016006058), (7511, 0.6683246317786001), (6601, 0.6562477243748551), (4312, 0.606622710426936), (3909, 0.6054855232375754), (4718, 0.5793239917327963), (8657, 0.5533731554064192), (4778, 0.5491692803002279), (7669, 0.5447955592849986), (6749, 0.5436878769213048)]
ArduPilot/ardupilot 6886 : [(2699, 0.7705800596286443), (3219, 0.7661374385491958), (6442, 0.7543080807623643), (1514, 0.752896434040845), (6962, 0.5950670434900691), (4033, 0.5695603226392358), (6666, 0.4619152958694116), (6289, 0.4599232180858684), (3283, 0.39808051426821084), (6958, 0.3426153663538745)]
ArduPilot/ardupilot 6870 : [(6922, 0.37228201329343574), (528, 0.24685289541010608), (3995, 0.13323618192577208), (1213, 0.11617667978706192), (5945, 0.1063701598698014), (2625, 0.10229671942642699), (4058, 0.10165796208497739), (1248, 0.09912428374502286), (7822, 0.09519695477974803), (8298, 0.09314554873536131)]
ArduPilot/ardupilot 6867 : [(1183, 0.8766158007713989), (6085, 0.6499261014420205), (7270, 0.6202762890928034), (5933, 0.560542599400839), (5400, 0.5131764429381478), (4413, 0.5113537548318757), (6086, 0.5092200326036194), (2351, 0.5064460067858579), (3707, 0.4634465906341778), (5581, 0.4498345691719502)]
ArduPilot/ardupilot 6845 : [(6725, 0.9914873664733945), (6412, 0.9909375982133581), (3128, 0.9735163019577188), (1738, 0.9604484489119591), (7893, 0.8571793847114646), (2696, 0.41728007354090807), (2468, 0.3761317504666848), (7597, 0.37309635813892955), (3584, 0.3035765385121722), (603, 0.20464429860180658)]
ArduPilot/ardupilot 6813 : [(4275, 0.8118672240164869), (3846, 0.6885542950425833), (2569, 0.5659444089164831), (4960, 0.47372898528184604), (4959, 0.4199348805254845), (6517, 0.3948377103883388), (7147, 0.32086049705962366), (2935, 0.19042984951372133), (8653, 0.15643560118110836), (8586, 0.1280407960882368)]
ArduPilot/ardupilot 6810 : [(6550, 0.741735964684834), (8358, 0.4831892259313847), (379, 0.4275758409728264), (6578, 0.38156789288155507), (6599, 0.33370239087108533), (2758, 0.2765661210638238), (6695, 0.20847949631501855), (3568, 0.15269995372892722), (5930, 0.11608651375734086), (6608, 0.10194632580564172)]
ArduPilot/ardupilot 6780 : [(3170, 0.8185386737657377), (3498, 0.586710148445876), (3156, 0.3375377816956038), (7220, 0.2856955075619743), (6828, 0.2299038199943909), (4229, 0.19184320183148879), (7685, 0.1567155187668553), (5455, 0.15128476355578546), (8085, 0.14766302805769108), (7466, 0.1448299421250307)]
ArduPilot/ardupilot 6755 : [(3282, 0.6765290079778079), (4138, 0.3941225106455176), (6871, 0.38223886620803865), (2805, 0.17664577592654016), (6075, 0.16932912015235532), (3015, 0.15428689184106195), (2018, 0.1380525078621693), (4419, 0.13149534409108957), (6734, 0.1248171125353022), (5522, 0.12057214279181236)]
ArduPilot/ardupilot 6741 : [(8706, 0.9520019277145916), (5967, 0.5820727981017138), (6710, 0.5613827412963925), (7000, 0.5082897573858925), (6558, 0.5067250361056038), (2774, 0.5), (5343, 0.45826957947112723), (8303, 0.40919003931911013), (5124, 0.4037094339048724), (4515, 0.332700090259618)]
ArduPilot/ardupilot 6704 : [(6138, 0.87998835535299), (4552, 0.7818369754376168), (5944, 0.649559214879796), (8552, 0.6329274306862747), (8425, 0.6057262354490733), (4034, 0.5560257349802664), (8134, 0.5540865148325739), (8062, 0.5527811133158869), (8287, 0.4938399377826538), (2690, 0.22985892676968764)]
ArduPilot/ardupilot 6701 : [(1363, 0.9630101367541585), (1366, 0.9593092630188762), (5283, 0.7790954033102123), (7129, 0.6013692863005085), (6570, 0.362001795185141), (8366, 0.35080006005354547), (2556, 0.3001948773961934), (8822, 0.2741960181439287), (6630, 0.24794780235946373), (8815, 0.2377317656474328)]
ArduPilot/ardupilot 6592 : [(5701, 0.4007863411629354), (2170, 0.26511649564137046), (4582, 0.24652781606624133), (6743, 0.24098886365798136), (5380, 0.22667190090883485), (6202, 0.2194492861220361), (4623, 0.19742021615222716), (3700, 0.19506749040856056), (5885, 0.1785682495163197), (7533, 0.17603733245035813)]
ArduPilot/ardupilot 6567 : [(5070, 0.48732371261396157), (7680, 0.4707525207752039), (4506, 0.40354136841025484), (5214, 0.3106496446229691), (6012, 0.27935706638710317), (6910, 0.27836977342146507), (3206, 0.253223609840855), (1620, 0.2492751705339979), (5632, 0.1771269168404743), (6683, 0.1770081707244396)]
ArduPilot/ardupilot 6514 : [(4800, 0.4686303703695917), (6645, 0.44076872650040055), (5559, 0.4199348805254845), (4604, 0.17171339682677078), (2256, 0.10312573240699587), (3386, 0.10109988262312504), (6709, 0.10053275083048331), (3402, 0.08545517206385884), (3510, 0.08437099447283095), (7476, 0.08123915531096285)]
ArduPilot/ardupilot 6494 : [(6299, 0.9202214391942588), (4883, 0.8973886048804091), (4452, 0.43226383419192566), (3756, 0.4156996181395403), (1287, 0.38691025485292113), (4330, 0.36201552642854495), (2579, 0.27415539624669827), (3980, 0.19526308938357523), (3063, 0.18668505117603787), (7714, 0.17972755667135765)]
ArduPilot/ardupilot 6475 : [(7395, 0.8718366884300661), (6696, 0.7718914405389421), (4937, 0.46527370557391523), (8613, 0.46455614082684316), (7611, 0.4415744465243933), (7493, 0.42865884272470084), (6970, 0.42790785223598465), (8231, 0.42374999810694364), (6971, 0.42134589798717237), (7158, 0.4199348805254845)]
ArduPilot/ardupilot 6466 : [(6468, 0.5462562420758049), (7407, 0.4299514781243754), (6771, 0.4273285930975899), (8046, 0.4026994322816934), (6319, 0.39478064684017605), (6803, 0.3926394206480762), (6231, 0.39251236935791106), (5297, 0.3907086142461446), (1736, 0.38988922040697027), (2935, 0.38848689075519155)]
ArduPilot/ardupilot 6440 : [(7106, 0.7244114134741014), (6062, 0.5388682965528444), (7455, 0.5), (8202, 0.40077885414634906), (5701, 0.3750536728297676), (7537, 0.37135241479477216), (4194, 0.3324164769695128), (2661, 0.3294648084802643), (8148, 0.25066942934553355), (6216, 0.24983893263312865)]
ArduPilot/ardupilot 6438 : [(6825, 0.3753390278902134), (3760, 0.09960461234140516), (2060, 0.09733130254681706), (212, 0.0945777212608003), (7881, 0.08956134955273748), (6529, 0.08230603657587855), (6072, 0.07500508110065912), (6668, 0.07464862461962542), (7285, 0.06674899913428356), (6022, 0.06436505364941088)]
ArduPilot/ardupilot 6402 : [(5204, 0.9896253807648786), (5068, 0.9265560315671738), (8070, 0.47519612273504047), (8636, 0.30278090201819424), (7806, 0.294106912597433), (8606, 0.09180544534077836), (6136, 0.07833290673418473), (6878, 0.07024439935761825), (3949, 0.06965003005294411), (6492, 0.06903990939153366)]
ArduPilot/ardupilot 6392 : [(4095, 0.6576546070218464), (3432, 0.6290569733612428), (8191, 0.39365538415821016), (8780, 0.22746215194798433), (5581, 0.22279818163540535), (6186, 0.19123665298935227), (5880, 0.1816646345415541), (4041, 0.1571538913906401), (5135, 0.12492299951452977), (7878, 0.12384786084790234)]
ArduPilot/ardupilot 6388 : [(6267, 0.38285999374408836), (5681, 0.38104409697341257), (6406, 0.37901408111143225), (6469, 0.377957203823238), (6476, 0.3735871247322152), (5987, 0.3704106032396477), (7973, 0.36792519760431686), (7117, 0.3581350528002775), (7107, 0.3578057506604092), (212, 0.16931790275006936)]
ArduPilot/ardupilot 6376 : [(5758, 0.4451899576285563), (1752, 0.38747356012936823), (8848, 0.3660109559832243), (6406, 0.3546091082447927), (6844, 0.3416826391597788), (8228, 0.28880161282042405), (7197, 0.28683835902454874), (7225, 0.27471228448243323), (6472, 0.26312712188409376), (7428, 0.23598059843821093)]
ArduPilot/ardupilot 6364 : [(6196, 0.896183632531208), (5971, 0.8837558019514674), (6022, 0.8629567304214785), (5776, 0.7337780947618937), (5708, 0.6345535088405444), (5985, 0.6333083324623071), (8173, 0.5255856594432982), (4765, 0.4512764375146794), (5737, 0.32203444428956646), (7158, 0.2644136812291804)]
ArduPilot/ardupilot 6359 : [(3616, 0.8794684357791009), (8712, 0.8691498679342385), (4151, 0.8660607293607153), (2681, 0.8510909719798986), (3617, 0.8062509354172757), (5243, 0.761854271834951), (2603, 0.6937044458237283), (2695, 0.5802567659918242), (2144, 0.4717742911394256), (7038, 0.4647369860385268)]
ArduPilot/ardupilot 6286 : [(5699, 0.7936047192390986), (6005, 0.7717076779960735), (6250, 0.5681160627521946), (2935, 0.531113306387379), (6857, 0.4735454413042509), (3668, 0.4598313935214864), (2565, 0.35925088285898493), (5400, 0.3301142832149404), (4283, 0.3060956952626065), (7175, 0.30375352249331655)]
ArduPilot/ardupilot 6266 : [(3222, 0.958571830893457), (6672, 0.9371563697875452), (6197, 0.8114308524102121), (3446, 0.7716984244506113), (6674, 0.7447168946196444), (1340, 0.7353517435539813), (7219, 0.7139420304217434), (2383, 0.7050561510208717), (8685, 0.5871218640752215), (2309, 0.5418440918076493)]
ArduPilot/ardupilot 6260 : [(6558, 0.8679877804366185), (5727, 0.5805447467373613), (8544, 0.556120993443153), (4074, 0.5), (5241, 0.42618222262472266), (7798, 0.4098121735728483), (8816, 0.4072255949237773), (4668, 0.38597141937629614), (1752, 0.34528406457068256), (5967, 0.31988829848449496)]
ArduPilot/ardupilot 6205 : [(2230, 0.9646776473088022), (1686, 0.9556434686385525), (6507, 0.9544781418035022), (4823, 0.8947073853252816), (4818, 0.8947073853252816), (5967, 0.8912748181316423), (8462, 0.8841398334588546), (7423, 0.8567787847991558), (2660, 0.8501191846328182), (4377, 0.8254901087251286)]
ArduPilot/ardupilot 6202 : [(5507, 0.807450604857308), (4663, 0.5080114617834355), (6574, 0.47274982974203283), (7302, 0.38664036982809613), (4600, 0.38152325475738924), (4623, 0.342662342715336), (6496, 0.3294349730577122), (5885, 0.2791981615013936), (6515, 0.22876659105284533), (3516, 0.22825780079963157)]
ArduPilot/ardupilot 6197 : [(8685, 0.9728124278465887), (8092, 0.9575641464257507), (6672, 0.9248336544520055), (5848, 0.9166485688919709), (3222, 0.8959224118310619), (2181, 0.8916295080768744), (3446, 0.8843973163098023), (1340, 0.8711857145107653), (6266, 0.8114308524102121), (1626, 0.7948941723628247)]
ArduPilot/ardupilot 6094 : [(5547, 0.28250041365960965), (4482, 0.28250041365960965), (3277, 0.28250041365960965), (3361, 0.26539315330853874), (4569, 0.2579443243408145), (3362, 0.2565466968218126), (5803, 0.2194949889556719), (3985, 0.2164938578289482), (1340, 0.1884200766247867), (3360, 0.18434966908955502)]
ArduPilot/ardupilot 6007 : [(4074, 0.854802887661202), (5241, 0.6588998686260722), (4668, 0.5), (6455, 0.3755974620054007), (4665, 0.2597332274688363), (5727, 0.2364889892232869), (8084, 0.22976505839089612), (7407, 0.22778656807288802), (3010, 0.21725441055927047), (7111, 0.18590771454941077)]
ArduPilot/ardupilot 5971 : [(6364, 0.8837558019514674), (7338, 0.26357729482576353), (212, 0.22689454289073657), (6440, 0.21172892448336694), (7605, 0.17987830169277097), (8173, 0.154625518764884), (7881, 0.1348193127032137), (3371, 0.11483360386973779), (716, 0.1135810826177661), (6224, 0.11328275847074147)]
ArduPilot/ardupilot 5791 : [(4921, 0.7216305174318008), (5786, 0.663965440694092), (7028, 0.6550066004397108), (7122, 0.6435944311127266), (3111, 0.4717487659871237), (8490, 0.4274434127420456), (8148, 0.31648443850973307), (5203, 0.3053745058551573), (6166, 0.2557650336419119), (4121, 0.18883344801021526)]
ArduPilot/ardupilot 5518 : [(8571, 0.5878601510436244), (8491, 0.4690554816725574), (3590, 0.3922276423104167), (895, 0.18365640317272056), (755, 0.14164698644970042), (7268, 0.12837395062275886), (36, 0.11933498949931752), (6083, 0.10529515279182398), (3557, 0.1019893420035087), (5284, 0.10185523130517395)]
ArduPilot/ardupilot 5507 : [(6202, 0.807450604857308), (554, 0.693006402503456), (6515, 0.6902191769113504), (1144, 0.6768241026707789), (8537, 0.3816798362636717), (5579, 0.3812387624779176), (1550, 0.29478148404873117), (7446, 0.21674299685756673), (7215, 0.20523778578352825), (6877, 0.19338131165670958)]
ArduPilot/ardupilot 5459 : [(4458, 0.8300586496531922), (4748, 0.767941476323679), (2943, 0.7171325432329052), (4178, 0.682837270301383), (4177, 0.6664179734946626), (4155, 0.6272192974068665), (1580, 0.5728733775473316), (3386, 0.5257544788470553), (6787, 0.5184514614489918), (3758, 0.47197948015717855)]
ArduPilot/ardupilot 5394 : [(2703, 0.4382002434497724), (4169, 0.3318489009322388), (2708, 0.2955311992757323), (3231, 0.25451265237592513), (2544, 0.23826723139918976), (3857, 0.1968834851749128), (6130, 0.18685899399118), (3541, 0.1485781063232539), (6730, 0.14522190754523492), (5591, 0.13300003102065086)]
ArduPilot/ardupilot 5393 : [(4444, 0.6404197115315875), (4350, 0.5331360989620677), (4393, 0.17799845930611408), (2855, 0.1571509392966428), (4507, 0.13182126282738196), (4169, 0.11993289099065911), (3609, 0.08327295028994199), (7734, 0.08172231803807466), (2825, 0.07929482248299508), (6517, 0.07696761237327422)]
ArduPilot/ardupilot 5297 : [(1193, 0.9768461735659657), (2441, 0.8757794361262601), (1453, 0.8446315139203484), (2696, 0.7730849835173472), (8284, 0.6709192569420889), (1359, 0.5908124110451545), (4420, 0.5439898882174998), (2690, 0.49300682080995506), (7347, 0.4754420870293241), (1136, 0.469571930901923)]
ArduPilot/ardupilot 5216 : [(5212, 0.9660343293351789), (2627, 0.9634355440300222), (7085, 0.9618172493405728), (7086, 0.9454317914360493), (2103, 0.921872418866341), (2487, 0.9118412580556584), (4596, 0.902204852578162), (6170, 0.8979610639511578), (5542, 0.8789028328068169), (1614, 0.8788335721320317)]
ArduPilot/ardupilot 5107 : [(7432, 0.9840655557637732), (6406, 0.952129265335971), (7573, 0.87418988593827), (3551, 0.8291838901638244), (7639, 0.7772362561475088), (7428, 0.7356870023445488), (1726, 0.6761993648496638), (4410, 0.6457623092717127), (454, 0.4018886861389613), (4714, 0.33787140645237573)]
ArduPilot/ardupilot 5060 : [(6556, 0.5520945952820289), (4748, 0.3396442665736047), (2225, 0.3225696042180247), (5642, 0.32035207133679866), (7720, 0.23558797336648532), (3003, 0.20876661293157497), (5841, 0.20466717850346114), (3580, 0.1949781012906285), (3054, 0.18610271347589866), (2783, 0.1731301462862419)]
ArduPilot/ardupilot 5021 : [(7877, 0.9583556522200366), (7489, 0.3325899692175581), (5601, 0.30682088905781546), (2964, 0.2740117283450704), (8927, 0.26231287130100206), (6752, 0.24795038158353253), (6458, 0.2460165132857671), (1632, 0.23302238453719173), (7459, 0.2044404014633347), (6905, 0.18279507049745236)]
ArduPilot/ardupilot 4829 : [(6169, 0.9546130145120323), (4364, 0.9200578866109317), (4343, 0.9030014227003168), (6176, 0.8941672668906903), (6173, 0.8275530234954718), (7570, 0.813022234040738), (7373, 0.8040444620127111), (6408, 0.7152368578142783), (6635, 0.6956018860943196), (8266, 0.6506969151779805)]
ArduPilot/ardupilot 4813 : [(4364, 0.9706198222065254), (8790, 0.8940678734696824), (5213, 0.7668988132231523), (4920, 0.7567436934619958), (4343, 0.7540400853114028), (6169, 0.6706747792291387), (7373, 0.6555024248970578), (8201, 0.6048943210554539), (6176, 0.5826671614182015), (7570, 0.5667992831197756)]
ArduPilot/ardupilot 4723 : [(3177, 0.9124145492732431), (3438, 0.8553797636773323), (7573, 0.7111818335974953), (7925, 0.6935204732401002), (6914, 0.669051935878899), (4327, 0.6361306817946218), (2491, 0.6074921431628744), (3235, 0.5874581396867886), (7428, 0.5430257182876772), (8048, 0.5193708361526015)]
ArduPilot/ardupilot 4719 : [(7451, 0.9809881321481524), (3007, 0.9593200290786796), (8197, 0.8801404666465119), (8846, 0.816111799689337), (6693, 0.7808084210519707), (3358, 0.7331363527782552), (3546, 0.6876390348517013), (711, 0.6760957683055431), (3604, 0.6424155198608893), (6678, 0.621149798626347)]
ArduPilot/ardupilot 4615 : [(5455, 0.576340186668473), (8723, 0.3555750827993949), (6659, 0.34958010261050415), (6544, 0.31314616045467875), (7900, 0.2987666008294662), (4677, 0.29099904429406936), (5406, 0.28395611408183336), (6678, 0.26491098929567447), (5683, 0.2522260071950842), (3103, 0.2464472780843586)]
ArduPilot/ardupilot 4568 : [(7111, 0.9584437488553116), (4364, 0.8167027997227846), (6169, 0.8119790902019912), (8266, 0.6878736984086062), (6173, 0.6742747471888533), (7422, 0.6194405997092861), (7377, 0.6125140729889791), (6635, 0.6035914105075647), (4829, 0.6030032706848011), (6176, 0.6022207032193373)]
ArduPilot/ardupilot 4553 : [(4933, 0.8485905538315742), (5440, 0.8210834566906269), (3043, 0.7579344273750724), (3068, 0.6572834226829899), (3876, 0.6270585072235657), (3978, 0.6219959206564857), (8351, 0.5708210005165103), (3129, 0.5544816808065173), (5930, 0.5495300507432218), (3180, 0.523122303981853)]
ArduPilot/ardupilot 4466 : [(2985, 0.45006494193691565), (2058, 0.4495705681779709), (6787, 0.4368062955929341), (5930, 0.43294372173387585), (3109, 0.4232317191009014), (8421, 0.41768139579897545), (4295, 0.4074247162017259), (4082, 0.398654635240597), (2083, 0.3980798785397227), (3386, 0.39279573663989065)]
ArduPilot/ardupilot 4065 : [(5455, 0.8555510628098061), (4677, 0.8244333102686475), (3391, 0.716078226224099), (7942, 0.6692152216439077), (2983, 0.3868023449709013), (703, 0.28528088645022376), (6888, 0.2650867057580588), (7044, 0.2610957278269767), (2044, 0.24657514651355952), (2690, 0.24309703502048977)]
ArduPilot/ardupilot 3703 : [(3086, 0.9132120653107791), (6626, 0.5418248354212647), (5490, 0.5405575665364211), (1872, 0.21278971159678536), (5000, 0.18676077342507577), (4127, 0.18389019321651662), (3593, 0.1612947417832712), (1873, 0.14070949389667806), (4117, 0.13894520013905268), (5710, 0.1377987798107623)]
ArduPilot/ardupilot 3672 : [(5238, 0.649774773971264), (3945, 0.47345479906925636), (7106, 0.35943392376151445), (6373, 0.3078103468737426), (5714, 0.290352915083184), (8202, 0.28577788293589357), (2048, 0.2838648482449642), (7152, 0.27103979498264), (4860, 0.24975565461830435), (5295, 0.21597308887825828)]
ArduPilot/ardupilot 3386 : [(2259, 0.6432194966168231), (2634, 0.5503221711282313), (5459, 0.5257544788470553), (2783, 0.4710566869389165), (2637, 0.4468884379293048), (2462, 0.43963875506392497), (5703, 0.42735654594721717), (4757, 0.42200340369990635), (492, 0.420039472205313), (5930, 0.4193061984864202)]
ArduPilot/ardupilot 3385 : [(7263, 0.8943031920140716), (4244, 0.7945130349501056), (1656, 0.3456541094716058), (6775, 0.32017222028790376), (3013, 0.3088732005587301), (3219, 0.2982274662237834), (4251, 0.2913875144820916), (2404, 0.2828433777289395), (1525, 0.26117773318605336), (6659, 0.25778577179275464)]
ArduPilot/ardupilot 2866 : [(7508, 0.9199524158697484), (4049, 0.7954204880119135), (4048, 0.7830941106287892), (2725, 0.7303312988035204), (4676, 0.6486674810615884), (5820, 0.6287362316057992), (8917, 0.6124392235188076), (3292, 0.6094470196306343), (6216, 0.5630810965519819), (6232, 0.5161672394034645)]
ArduPilot/ardupilot 2367 : [(3590, 0.7941137143169794), (5735, 0.7862196916610222), (3342, 0.4623680701295477), (755, 0.36320583377234544), (1505, 0.3182227352862679), (895, 0.30907258666222254), (2696, 0.30639446196228476), (563, 0.29069466930725135), (4036, 0.2477995348539004), (7449, 0.2455889697250966)]
