cocos2d/cocos2d-x 18936 : [(11583, 0.9615064767476028), (11441, 0.9457525122964426), (10033, 0.9175107619542772), (16039, 0.9075108529115271), (14321, 0.9062492751724455), (16451, 0.8900894329754444), (14079, 0.8274749414398148), (12740, 0.6996837300246873), (17459, 0.5599385942957742), (6476, 0.5098751837687682)]
cocos2d/cocos2d-x 18935 : [(18871, 0.7271681701463413), (13832, 0.41504088400435574), (14197, 0.15561064558706322), (5275, 0.15532687223355576), (16955, 0.14965531890182518), (3069, 0.13412602561663356), (14929, 0.12021340353706925), (17761, 0.11635821807577026), (5042, 0.1110604225042777), (14530, 0.11077446092506808)]
cocos2d/cocos2d-x 18933 : [(15515, 0.9056751597031386), (17716, 0.4106568786725994), (15032, 0.3869227777743664), (8894, 0.36153865433166893), (15925, 0.33351589565190976), (8055, 0.33351589565190976), (14139, 0.23866918008630159), (17689, 0.20472942442889092), (90, 0.10635365153969707), (18209, 0.09423855580862607)]
cocos2d/cocos2d-x 18931 : [(5003, 0.9018278366120738), (18564, 0.9009688400085927), (5008, 0.900075192273245), (4014, 0.8989636793693627), (3981, 0.8427483675757145), (15290, 0.7872501931708223), (14867, 0.6604619265415266), (18643, 0.6493701045640938), (5496, 0.6349761098906326), (15135, 0.6254634432749877)]
cocos2d/cocos2d-x 18912 : [(14704, 0.9917610111858779), (14090, 0.8573759721835665), (7558, 0.7204283813142491), (11995, 0.5812619789780257), (15986, 0.5182656905188283), (17594, 0.4913263461700233), (13422, 0.4506743799483509), (9746, 0.286190452593407), (6454, 0.221926915501946), (7497, 0.20647815642608142)]
cocos2d/cocos2d-x 18904 : [(12827, 0.9321765185662491), (18239, 0.8948100380089268), (18885, 0.893411013353737), (18768, 0.893411013353737), (13048, 0.4840984176230779), (9073, 0.4362440596322246), (18252, 0.4002431415517075), (13786, 0.35397647717237685), (9692, 0.3040507231147582), (14929, 0.2644472613761769)]
cocos2d/cocos2d-x 18898 : [(18025, 0.686272973103562), (16369, 0.6518790424028988), (17952, 0.42609722261034016), (6756, 0.3939191110125131), (9667, 0.38286007649525394), (7879, 0.34639940999560986), (18352, 0.3395033999703839), (15885, 0.3375799987121295), (10695, 0.33696453169892354), (7030, 0.3347224249184611)]
cocos2d/cocos2d-x 18895 : [(9089, 0.9967310500906889), (9202, 0.9926352816612157), (9203, 0.5567253273304308), (8158, 0.19610994701557338), (6582, 0.0828565653537598), (11472, 0.07498899357753742), (6584, 0.07378173517654561), (11288, 0.06873022745839179), (1191, 0.0640320281750688), (16706, 0.061636425113059605)]
cocos2d/cocos2d-x 18871 : [(18935, 0.7271681701463413), (14197, 0.5708421198221229), (13832, 0.4480970091605174), (14265, 0.16758327904863204), (14530, 0.13713810696000503), (12308, 0.12307424587346678), (18806, 0.12138906795214845), (15689, 0.11498777341163237), (8946, 0.11435917100879515), (7522, 0.11026475182585521)]
cocos2d/cocos2d-x 18858 : [(8080, 0.264136573465281), (10069, 0.2327449659414755), (10539, 0.12761643607606732), (14419, 0.11836404586926778), (8923, 0.11323096696459464), (10546, 0.11042162328219433), (8941, 0.08829238932306682), (7068, 0.08510081905942624), (4085, 0.08506124708058897), (4821, 0.08333949081217411)]
cocos2d/cocos2d-x 18849 : [(18806, 0.7452696153056323), (14542, 0.732360739495945), (14843, 0.6885344885254435), (14683, 0.667633959007695), (14530, 0.6235433983532167), (17010, 0.4830682948019583), (13832, 0.442997498305158), (17735, 0.3993757887362606), (16178, 0.37381309547716945), (2908, 0.29588865860172303)]
cocos2d/cocos2d-x 18829 : [(17451, 0.9476439011969522), (13587, 0.9470670258941137), (15507, 0.9408660484057553), (16513, 0.9111361788066774), (16011, 0.9089713488264104), (16010, 0.9089713488264104), (16284, 0.9088282313328104), (16240, 0.9088282313328104), (16239, 0.9088282313328104), (16230, 0.9088282313328104)]
cocos2d/cocos2d-x 18806 : [(14530, 0.9006543017243819), (14683, 0.8634882507405008), (14843, 0.8486252642167984), (17735, 0.817243011528924), (17010, 0.7509441068290541), (18849, 0.7452696153056323), (14542, 0.45520776121648615), (14702, 0.2913608274732113), (17761, 0.21334028362873275), (18848, 0.21155154050975455)]
cocos2d/cocos2d-x 18792 : [(16944, 0.579179297247964), (11529, 0.5223133598483205), (5856, 0.5207523114938878), (7956, 0.44986532722415823), (16013, 0.38486019903758695), (6406, 0.3221853884649156), (4964, 0.2937910146622506), (2970, 0.28348632602372315), (6408, 0.27910879502227565), (5058, 0.27651084807584136)]
cocos2d/cocos2d-x 18789 : [(11659, 0.9887679666937955), (11683, 0.952739220768614), (12867, 0.9521357455335129), (14701, 0.9412773238960737), (12914, 0.9353523081047216), (9265, 0.9285274383062807), (17903, 0.9190691637231098), (16486, 0.9160097797314707), (15882, 0.911461285815615), (16489, 0.8763881425015044)]
cocos2d/cocos2d-x 18787 : [(18541, 0.6473590928790253), (6950, 0.6456940090817231), (16494, 0.596100909218873), (16496, 0.5596954501818079), (2863, 0.5566176616631973), (17261, 0.507756433112203), (13010, 0.5), (2553, 0.5), (5344, 0.48661701488871606), (2986, 0.4716672641653603)]
cocos2d/cocos2d-x 18752 : [(6043, 0.6741512164568971), (17278, 0.27149086377725473), (1775, 0.2407310052380101), (15777, 0.2313466732966991), (2694, 0.2302927601539503), (15769, 0.20417458029346464), (7920, 0.18354894755947862), (5364, 0.15963171764777584), (13230, 0.13610642320155725), (1659, 0.1345133766147129)]
cocos2d/cocos2d-x 18748 : [(10195, 0.7119797672850723), (10196, 0.7110761223749938), (6740, 0.5810527933231298), (6408, 0.27678466867601476), (6431, 0.256801867691504), (6406, 0.22812220031019206), (6478, 0.20041559311397739), (6454, 0.19984839141339547), (6471, 0.19967397728846478), (6410, 0.19942674729085003)]
cocos2d/cocos2d-x 18745 : [(14609, 0.8739968553481762), (14543, 0.8026186869867544), (11640, 0.7544432757429932), (17786, 0.698713834933081), (16717, 0.6959376562670081), (6614, 0.6588783665357832), (9265, 0.6461834989977009), (10936, 0.6313536774968601), (4752, 0.6034432643666038), (17, 0.5693444010248708)]
cocos2d/cocos2d-x 18738 : [(16915, 0.8599779677956063), (14459, 0.4672428156297003), (101, 0.4309373448143724), (98, 0.4309373448143724), (16306, 0.42078313044312876), (15058, 0.41965183165530323), (17127, 0.3873449358891721), (17775, 0.30181238372814356), (15942, 0.2655122627000931), (12848, 0.21152204818616088)]
cocos2d/cocos2d-x 18733 : [(6614, 0.9551276125735746), (10936, 0.9104488309757616), (6091, 0.8709353299758062), (14656, 0.8463533679494616), (14543, 0.8066115245545196), (18587, 0.7970079519026376), (5558, 0.785279059594306), (17756, 0.6995655685249299), (17670, 0.6899980788984716), (11406, 0.6829952066523132)]
cocos2d/cocos2d-x 18707 : [(9885, 0.8214169156624399), (15711, 0.7012515762424656), (6082, 0.584100537066337), (17094, 0.5452524221603104), (5593, 0.5056576262306864), (7719, 0.3935527725026326), (4012, 0.3756851813184983), (15578, 0.36877561499614275), (9991, 0.3173123546610058), (15121, 0.271956384531447)]
cocos2d/cocos2d-x 18693 : [(7159, 0.9603478214673036), (9379, 0.9458589378154378), (9130, 0.8491997567248323), (18605, 0.8270516422057845), (18606, 0.8097749363402564), (16530, 0.809572048855192), (7031, 0.769771302783231), (7533, 0.6679272157411303), (7115, 0.6679272157411303), (15204, 0.6179138715515898)]
cocos2d/cocos2d-x 18652 : [(17026, 0.7399410846411323), (4602, 0.6767766222893226), (9934, 0.27624404142558207), (17067, 0.24280473999841293), (14798, 0.23762161998682443), (14782, 0.23762161998682443), (14205, 0.21938183280379098), (16379, 0.20203705982032305), (17600, 0.17103540535945197), (17410, 0.15546046197921795)]
cocos2d/cocos2d-x 18651 : [(15434, 0.7295434209570286), (6386, 0.6490904629573567), (17822, 0.6107481999695142), (10534, 0.49085144844487144), (13089, 0.35387280285752204), (7448, 0.3093316496211557), (10553, 0.29485671120806844), (5841, 0.2404494559162405), (14470, 0.22233138750383633), (5060, 0.21202110261367763)]
cocos2d/cocos2d-x 18650 : [(7285, 0.8415550495150026), (13673, 0.8087445645412487), (13646, 0.7026669016364319), (18552, 0.6858663419065661), (13556, 0.5710867721717703), (14052, 0.5596404915392386), (14600, 0.5208494586986963), (15192, 0.5099216836799526), (11470, 0.48593599931840775), (11469, 0.48593599931840775)]
cocos2d/cocos2d-x 18639 : [(15596, 0.9971892304617793), (15045, 0.9169817013263145), (11221, 0.8585387861842433), (11520, 0.45312678644816795), (12805, 0.4361132156359959), (5439, 0.40284651207954714), (12766, 0.35967398342602147), (10236, 0.3586319988183732), (10211, 0.3337980255214991), (7878, 0.33351589565190976)]
cocos2d/cocos2d-x 18635 : [(17826, 0.9635849481164509), (9969, 0.9500827706556516), (7654, 0.9483418710698029), (11836, 0.9448351929609099), (11517, 0.9446022174008106), (10115, 0.9408146407884562), (16118, 0.9394914059343092), (16111, 0.9371325541649006), (16095, 0.9311929096449684), (17451, 0.9094622049017491)]
cocos2d/cocos2d-x 18634 : [(11344, 0.9544192788807775), (9553, 0.9540821332878556), (7635, 0.9519653784785813), (6536, 0.9518016868189862), (15821, 0.9516987327671489), (9276, 0.9514003529913201), (9330, 0.9502952690142811), (8093, 0.9494281996672845), (6430, 0.9486269104104914), (6431, 0.9482386447047352)]
cocos2d/cocos2d-x 18613 : [(17359, 0.9343612622321065), (16701, 0.929800742262703), (16771, 0.9252904399148282), (17361, 0.9139142238785808), (16772, 0.9128028357659207), (16700, 0.9127682677413742), (14459, 0.9109787835871328), (10693, 0.8612072838213289), (14115, 0.8195428954858972), (16838, 0.792287460434122)]
cocos2d/cocos2d-x 18611 : [(18647, 0.9596083038939768), (18582, 0.9571614986042996), (11788, 0.94989273692006), (11357, 0.9495944450843787), (12950, 0.9495430978317007), (8578, 0.9494279296195791), (7327, 0.9489722111046356), (9230, 0.9488979229499348), (14047, 0.9487963552763661), (7336, 0.9487875282824136)]
cocos2d/cocos2d-x 18598 : [(17179, 0.9480925047819481), (14074, 0.9401262995656713), (13084, 0.937290837022537), (5843, 0.923401463443528), (5562, 0.9220809751040527), (17451, 0.9210299494764466), (14451, 0.9087745945125597), (16688, 0.9083221730418177), (13101, 0.9008057158173081), (9265, 0.8976640537664561)]
cocos2d/cocos2d-x 18564 : [(3981, 0.9869634851422332), (4014, 0.9868758297649114), (17672, 0.9864293793288486), (17653, 0.9864293793288486), (5003, 0.985930594022495), (5008, 0.9819679638135912), (5232, 0.9542399752403661), (17440, 0.9266934549161567), (18923, 0.9009688400085927), (18931, 0.9009688400085927)]
cocos2d/cocos2d-x 18557 : [(15684, 0.9159197235689239), (15683, 0.866518015881903), (18400, 0.8452009521933389), (18153, 0.7049235804536176), (11820, 0.6354258391723017), (14154, 0.6260289009409044), (14734, 0.543084406528498), (9105, 0.28842575349378224), (10909, 0.2123551214119169), (7947, 0.14282272222036344)]
cocos2d/cocos2d-x 18526 : [(13785, 0.9999957800233376), (11068, 0.99629507864714), (6535, 0.9631214555501687), (4927, 0.9514021721703844), (10781, 0.8918382467066228), (6692, 0.8710765064455482), (7214, 0.8387124925474407), (15395, 0.7342246339831224), (8961, 0.5608012799947087), (15821, 0.5055335684845977)]
cocos2d/cocos2d-x 18502 : [(5823, 0.5955492817054865), (14671, 0.5223707798751207), (7194, 0.47668740241697805), (13587, 0.4222562900718164), (15918, 0.36864612422866405), (18913, 0.366273725903623), (7071, 0.3118363373701217), (13726, 0.31140391942319695), (13595, 0.31140391942319695), (16383, 0.30910955898708403)]
cocos2d/cocos2d-x 18418 : [(4209, 0.586197948059955), (4168, 0.42839612361395124), (4005, 0.33351589565190976), (11458, 0.17741333724690533), (4488, 0.1771756215907131), (6477, 0.1719423306347903), (6476, 0.16527020075316023), (13194, 0.14873958736051587), (4400, 0.14390820098804566), (13197, 0.13809303862146974)]
cocos2d/cocos2d-x 18383 : [(17593, 0.9650751297394728), (18865, 0.9610854012980654), (12988, 0.9248520717792468), (8206, 0.7998361157170166), (12991, 0.7935616345943132), (16524, 0.7788524392553098), (13662, 0.7655093792487391), (17620, 0.7647339389454334), (16491, 0.7497116210498518), (13240, 0.737064605571465)]
cocos2d/cocos2d-x 18262 : [(14277, 0.9733985954868564), (6521, 0.9000227802924979), (5919, 0.893882994341674), (15920, 0.8686716146424802), (7585, 0.7906776612471927), (8102, 0.7241523649898461), (12310, 0.5), (5513, 0.4150736315679203), (1873, 0.35123655867919057), (14138, 0.350087308672804)]
cocos2d/cocos2d-x 18260 : [(17938, 0.810736836774163), (17931, 0.810736836774163), (17577, 0.6367927141261555), (13229, 0.41454643714897615), (12647, 0.4012992138825845), (16691, 0.4010065185704296), (17824, 0.3737478974319965), (14793, 0.36670953641914555), (14673, 0.36670953641914555), (13163, 0.35772520170224686)]
cocos2d/cocos2d-x 18115 : [(15933, 0.7629454475237223), (10238, 0.5733322813452884), (14310, 0.5475383409752427), (7234, 0.4719599587580239), (7707, 0.4047112022483144), (6969, 0.40412896981773433), (7037, 0.34057827228592413), (5852, 0.30160304352332695), (5854, 0.2974616027471733), (11379, 0.28837779723678136)]
cocos2d/cocos2d-x 17968 : [(17805, 0.7657905647163085), (18633, 0.32257461510106106), (17451, 0.11030397594449107), (14867, 0.07067213540585919), (18923, 0.06524094664857677), (18931, 0.06524094664857677), (5943, 0.05088925945152583), (8922, 0.04530598692307624), (18643, 0.04038496049929414), (17672, 0.04038496049929414)]
cocos2d/cocos2d-x 17892 : [(6578, 0.6444640175142483), (10649, 0.6163978523617049), (13716, 0.6112997379428312), (5328, 0.4685268570168759), (5979, 0.37610836081599913), (15836, 0.3116900460872066), (17661, 0.30634481140763636), (14105, 0.3003384991426601), (3689, 0.2746658294619625), (13178, 0.26291117337975023)]
cocos2d/cocos2d-x 17771 : [(6538, 0.979092526459685), (11540, 0.8258774702026445), (5382, 0.7386735287636327), (16353, 0.708227751328868), (1930, 0.47940893462148215), (4891, 0.46652949371468133), (15099, 0.4160828696788468), (12971, 0.38954962280527655), (6149, 0.36004786076045375), (16758, 0.3459848997876075)]
cocos2d/cocos2d-x 17747 : [(14514, 0.6345994742731568), (13032, 0.4689338565889952), (14505, 0.4110248623557952), (18327, 0.406014750516268), (14385, 0.37731655211260573), (5991, 0.37683538756668483), (18082, 0.34889984833753024), (14672, 0.3475130718256219), (14891, 0.3469061173182378), (8149, 0.3462362182287148)]
cocos2d/cocos2d-x 17684 : [(18352, 0.8874198790389303), (17451, 0.7924078177680479), (6551, 0.7561293367695981), (14185, 0.5403283355609945), (10720, 0.5066175842009529), (6471, 0.45004510787056556), (15946, 0.4164121514618079), (15945, 0.4164121514618079), (6260, 0.4126929383406583), (10833, 0.39700894743044096)]
cocos2d/cocos2d-x 17535 : [(10354, 0.793133882483292), (17451, 0.7924078177680479), (10350, 0.791458101710337), (10530, 0.6765245463379316), (12550, 0.6743917913771983), (11344, 0.6562830416786414), (6914, 0.48363940992684895), (7448, 0.4421120371217572), (506, 0.41704553498366176), (8655, 0.41544229049949577)]
cocos2d/cocos2d-x 17527 : [(17483, 0.9999885861977559), (9963, 0.9533680221901926), (12617, 0.8834681535376177), (9901, 0.7400941258244607), (6160, 0.719301341442116), (6011, 0.5910918522601899), (9473, 0.24009219670060075), (15545, 0.22497546040262967), (9448, 0.2008257996600263), (11275, 0.19860669286548754)]
cocos2d/cocos2d-x 17436 : [(18598, 0.9962777164104818), (14074, 0.8378263901297488), (16688, 0.8135754677668146), (18117, 0.7259053289235065), (17075, 0.6457517253688994), (5562, 0.6328978939780565), (13101, 0.5908076957642919), (14108, 0.5856894887683937), (6430, 0.5805540798556676), (4025, 0.49098794937127194)]
cocos2d/cocos2d-x 17309 : [(14659, 0.8688924711245336), (13234, 0.8100534689529317), (10833, 0.7894625204150488), (15768, 0.7880143872876699), (18063, 0.6554139084373548), (1477, 0.6388569635010471), (1366, 0.5904893332136363), (1350, 0.5904893332136363), (10720, 0.5805049317042087), (3590, 0.5339630159194182)]
cocos2d/cocos2d-x 17207 : [(7956, 0.987821911493522), (4964, 0.9815164751199629), (18126, 0.969060489887349), (11529, 0.9686926388868217), (5058, 0.9293929506260029), (1986, 0.9255532945342881), (12736, 0.9159245233992109), (2279, 0.9030376169424512), (5856, 0.9021920638637853), (5569, 0.8628608607782381)]
cocos2d/cocos2d-x 16956 : [(17451, 0.9213624331076514), (6551, 0.9209714569940319), (6515, 0.9201699244765462), (6536, 0.8918662579197038), (6411, 0.878087286169343), (6443, 0.8743055922841282), (6450, 0.7978298540925743), (6406, 0.7973215769459726), (6405, 0.7951606119039657), (6410, 0.794559874624839)]
cocos2d/cocos2d-x 16953 : [(17511, 0.962631234655546), (9649, 0.9487063816260592), (12690, 0.8651491884977931), (7600, 0.8285543605684141), (7283, 0.8259605455137827), (9638, 0.8201160076193602), (16911, 0.7853282517725624), (9195, 0.7139741135014884), (17634, 0.6974367613298219), (7188, 0.697289939901397)]
cocos2d/cocos2d-x 16692 : [(13646, 0.9765291646506622), (7285, 0.9689557979815285), (13872, 0.8616846078098974), (14637, 0.7993068483236516), (12812, 0.7824176317603969), (15192, 0.7523843935211006), (14155, 0.6441161977788674), (14052, 0.6129700727643821), (11470, 0.5907278217763822), (11469, 0.5907278217763822)]
cocos2d/cocos2d-x 16339 : [(18447, 0.997147496671036), (12972, 0.962848804510053), (18027, 0.9522092709911398), (7563, 0.9517606001045569), (11119, 0.951259054455237), (14752, 0.9512326797356783), (14720, 0.9509173801344111), (15827, 0.9498090171314012), (10530, 0.9494905005017398), (14899, 0.9493507718719791)]
cocos2d/cocos2d-x 16162 : [(11281, 0.9781928748701463), (11285, 0.9725433439544068), (7563, 0.9544199613521811), (18875, 0.9522195634219017), (7501, 0.9490301319750173), (7499, 0.9449959517981131), (12972, 0.8766217465476782), (18876, 0.8270155703193324), (11280, 0.7990927756531253), (18447, 0.794096597614971)]
cocos2d/cocos2d-x 16002 : [(15472, 0.9937604529965374), (17354, 0.9875998206159168), (14219, 0.9774551668037255), (15760, 0.9704730154153962), (12885, 0.9526026379953337), (7320, 0.922605232294111), (7818, 0.9140717098634119), (12864, 0.9138142728092434), (16318, 0.8997258411218058), (16310, 0.8863431842193203)]
cocos2d/cocos2d-x 15869 : [(14388, 0.5108537373162569), (14524, 0.5), (17174, 0.30445879698374706), (13253, 0.25922996708452506), (7797, 0.2454501639936289), (7795, 0.20283619333053676), (108, 0.20167756858786773), (13587, 0.1867636170521274), (16562, 0.17916116586143158), (11079, 0.16324532439894524)]
cocos2d/cocos2d-x 15819 : [(14108, 0.9962270715928435), (17176, 0.9881650155562128), (16688, 0.9673300791532088), (14467, 0.82872455427977), (14472, 0.82872455427977), (14074, 0.781951681981613), (18598, 0.7321799262410498), (6857, 0.7096718931684175), (16684, 0.6855308701079892), (13987, 0.5941681334791065)]
cocos2d/cocos2d-x 15810 : [(2363, 0.9894605165277947), (1544, 0.9848927869736184), (2056, 0.9840729158927403), (2299, 0.9631613029601147), (1724, 0.95786681838033), (1557, 0.9424949702398171), (2307, 0.9321011608312415), (1886, 0.9235895160239961), (1851, 0.9068155975846668), (1800, 0.9038919326455173)]
cocos2d/cocos2d-x 15315 : [(13504, 0.9427870514332478), (9953, 0.5456655288349683), (10354, 0.5114914399709051), (10350, 0.5114914399709051), (9558, 0.4934924800874955), (10362, 0.43266386568435844), (10248, 0.4059547321940368), (6888, 0.2846855954443794), (10608, 0.28423488705543826), (12083, 0.25334928047140687)]
cocos2d/cocos2d-x 15282 : [(14869, 0.9999956753592472), (13210, 0.962427752517183), (15885, 0.8410812914677731), (14927, 0.8287611378463053), (11493, 0.6473780321773022), (13084, 0.6124578829280818), (16489, 0.5378254057929317), (16486, 0.5296891048472402), (16516, 0.5097720688551541), (15882, 0.5081074061413963)]
cocos2d/cocos2d-x 15244 : [(10070, 0.6379794888612257), (15241, 0.4673754322756571), (16191, 0.3326969606953063), (10736, 0.17961092226827857), (14566, 0.1208794054312288), (18149, 0.11892937543972429), (10215, 0.11858968257414482), (13572, 0.11602298729772284), (9230, 0.0961209163155707), (17161, 0.09297939327176667)]
cocos2d/cocos2d-x 15203 : [(15818, 0.9410243900488328), (15817, 0.9410243900488328), (15902, 0.6798423112034443), (13982, 0.6680481384697485), (4065, 0.3777374275666816), (16466, 0.3457957157405163), (17090, 0.33351589565190976), (13622, 0.25311885491431485), (13557, 0.25053010452336794), (13267, 0.24816760387908215)]
cocos2d/cocos2d-x 15201 : [(11539, 0.6623832376425229), (7832, 0.1681180098605963), (12307, 0.15635581562052522), (10004, 0.15246653589220888), (8767, 0.14213742987850414), (11802, 0.12360651678355992), (17434, 0.12234683566792501), (13683, 0.12226681280909668), (3870, 0.12143963568262607), (18067, 0.11912082554450847)]
cocos2d/cocos2d-x 15196 : [(13587, 0.9212828485117539), (17451, 0.7924078177680479), (16123, 0.7536045111046314), (17278, 0.7141136354838866), (14709, 0.6339469127756652), (14393, 0.6182251190536632), (16095, 0.5933998758634366), (7087, 0.5523584816789433), (14899, 0.5377927196652046), (16111, 0.5208906907190123)]
cocos2d/cocos2d-x 15191 : [(10022, 0.08420359259602384), (5151, 0.07727376149940302), (6780, 0.07496572317787402), (10607, 0.07347267057848728), (16326, 0.07225948269448929), (6959, 0.0663501680468063), (810, 0.06075486178367033), (1124, 0.05721391695198811), (8551, 0.05614502578044647), (5095, 0.055962271652621846)]
cocos2d/cocos2d-x 15128 : [(14640, 0.9435925584928992), (14634, 0.9435925584928992), (16711, 0.8176363619490447), (8920, 0.6799861845038653), (15012, 0.5), (11636, 0.4294413633174494), (12618, 0.3853371562717756), (14574, 0.3693636114899467), (8085, 0.3611304551241245), (11416, 0.3310175136814049)]
cocos2d/cocos2d-x 15126 : [(11814, 0.7930869547583117), (14139, 0.7618424139812522), (16418, 0.7450545843501112), (9168, 0.6732616763164997), (10236, 0.6587357007505468), (16396, 0.6459292233421388), (9699, 0.6279090639691065), (6908, 0.587312410779085), (18257, 0.577129441220417), (9970, 0.5748333814189801)]
cocos2d/cocos2d-x 15123 : [(17094, 0.9682759700985534), (6082, 0.926429956901527), (9991, 0.8950073122651954), (4287, 0.8739947711866087), (7719, 0.853663911471197), (9780, 0.8157959780368935), (5774, 0.620803220437911), (5854, 0.5185917994729795), (18064, 0.5), (10196, 0.48828445036151635)]
cocos2d/cocos2d-x 15120 : [(7028, 0.9955264515319697), (5462, 0.9915914163264654), (5324, 0.9778093941755671), (18686, 0.9740280134971078), (6181, 0.9710861924192042), (6176, 0.9710861924192042), (5386, 0.9710539744402331), (5477, 0.9661428632671515), (5543, 0.9497238918171722), (9618, 0.9496577578549361)]
cocos2d/cocos2d-x 15063 : [(14470, 0.9505904259711581), (13387, 0.949229892537369), (10553, 0.9487363965223584), (8869, 0.9480160673296059), (17451, 0.9457350579838607), (10354, 0.9444658265653786), (10350, 0.9444627953899946), (6515, 0.9374637923747462), (13587, 0.9373528193796449), (9554, 0.9326651915145886)]
cocos2d/cocos2d-x 15050 : [(6339, 0.40627687265345264), (16612, 0.4026510862078497), (3956, 0.4026510862078497), (7577, 0.37313805855497667), (3973, 0.3658273689786439), (4007, 0.35795363726403717), (14094, 0.3506969144310762), (14974, 0.3493508415450641), (7559, 0.3472101611515679), (11467, 0.33351589565190976)]
cocos2d/cocos2d-x 15045 : [(12899, 0.9406767220615722), (18639, 0.9169817013263145), (13587, 0.7981342156460777), (11520, 0.682924999203313), (12805, 0.627369615823052), (11590, 0.6075878084382788), (13153, 0.5938209893182023), (11777, 0.5), (13154, 0.48933089170735583), (13171, 0.4686777458247351)]
cocos2d/cocos2d-x 15012 : [(8920, 0.6387632552618411), (10359, 0.515515226085079), (15128, 0.5), (14634, 0.4841455936979034), (14640, 0.4824253186079563), (16711, 0.43903447450190697), (17157, 0.413891345197703), (13721, 0.33776107641377273), (12490, 0.30914243887542026), (11416, 0.3034857777916572)]
cocos2d/cocos2d-x 15009 : [(11651, 0.9183062010155976), (9906, 0.9098092266296066), (11314, 0.7773193080225194), (7597, 0.7763279046054851), (7595, 0.7330637426146117), (7050, 0.721383059706651), (16734, 0.4168407786536098), (5320, 0.3652654771051976), (9105, 0.28657142673079966), (210, 0.2048482737784058)]
cocos2d/cocos2d-x 14993 : [(12002, 0.9928771717048852), (12735, 0.9672618303980857), (6890, 0.9417047846751491), (14690, 0.8258527523761109), (11283, 0.6644627676728312), (16637, 0.6640982310525316), (11676, 0.5098694645366846), (12713, 0.38798184830884486), (4259, 0.2534221918657017), (16613, 0.24723206621496313)]
cocos2d/cocos2d-x 14967 : [(16509, 0.5), (12056, 0.49434095740410794), (18860, 0.4349921927624767), (12954, 0.40940739699684175), (13378, 0.36657027716640517), (15352, 0.33351589565190976), (13726, 0.2419892204859825), (13595, 0.2419892204859825), (12974, 0.2281617100751156), (12767, 0.220125196397369)]
cocos2d/cocos2d-x 14966 : [(18240, 0.15687169516680838), (8697, 0.11421189864882145), (11905, 0.09991640424245829), (385, 0.08469055815770529), (7770, 0.08307492003851663), (16649, 0.0794273314060901), (16572, 0.0794273314060901), (11924, 0.07681490433099121), (9682, 0.07643819657836212), (5047, 0.07444432420874969)]
cocos2d/cocos2d-x 14953 : [(13138, 0.9918298801009983), (12728, 0.9836144305200688), (18085, 0.9756843699797256), (12841, 0.9450848697816895), (13229, 0.8991019316646822), (12863, 0.8806508065810926), (17135, 0.7995788891944162), (16691, 0.7595577107915197), (13069, 0.6734632856400357), (14673, 0.6592421793714702)]
cocos2d/cocos2d-x 14929 : [(9149, 0.8032669089722843), (13786, 0.7693457029597017), (13048, 0.7225735833505551), (12827, 0.6700164718169865), (12103, 0.6687386982621831), (2561, 0.4043466461531092), (9073, 0.32946726423702194), (18904, 0.2644472613761769), (8868, 0.19669736650236586), (4382, 0.19089485518347368)]
cocos2d/cocos2d-x 14899 : [(10127, 0.9506781947300995), (16339, 0.9493507718719791), (15827, 0.9390262720156773), (17451, 0.9374697258996634), (16111, 0.9337340374410444), (16118, 0.9330594356157209), (16095, 0.9318258280586658), (10350, 0.8954683706633076), (10354, 0.895468184217334), (10090, 0.8582903060664754)]
cocos2d/cocos2d-x 14883 : [(13687, 0.999987983989113), (12778, 0.9845111769686744), (15452, 0.9796483122616338), (15599, 0.6349014305029869), (14735, 0.5369918332899265), (15816, 0.5), (14725, 0.5), (14750, 0.4283774013367863), (4137, 0.30471867191265384), (14978, 0.26227739474007883)]
cocos2d/cocos2d-x 14860 : [(11414, 0.9999856027394086), (17670, 0.993154289877616), (10774, 0.9851890983498555), (10730, 0.9754500826062741), (8139, 0.8310650852026867), (13296, 0.8141100391248101), (12609, 0.8016506091726886), (13040, 0.7811190601269417), (4342, 0.7205394183894374), (7823, 0.6987132975287255)]
cocos2d/cocos2d-x 14845 : [(10489, 0.9518835699193181), (14144, 0.9076911021081928), (17451, 0.8938919398803775), (14479, 0.8830111650142302), (14534, 0.8654419284989703), (14498, 0.8654419284989703), (14177, 0.8504878073188328), (14186, 0.29665332025720437), (15130, 0.28887767072242454), (1327, 0.2612707290394771)]
cocos2d/cocos2d-x 14806 : [(14509, 0.9035522248637035), (5573, 0.8420376949177141), (5996, 0.5452531374184272), (13725, 0.4074518184347667), (6443, 0.3294156651605076), (6411, 0.3226971926619586), (6471, 0.3160191479437894), (6424, 0.2570345115661672), (6431, 0.202791361109287), (6478, 0.19383159158488425)]
cocos2d/cocos2d-x 14794 : [(7565, 0.9999934262926417), (15113, 0.9232001067620696), (18829, 0.6845295268968726), (7749, 0.5572067439888722), (7743, 0.5355476603381992), (12079, 0.5134541723764812), (16470, 0.45642352129785296), (7343, 0.4204458304404857), (7055, 0.3927547205515449), (15066, 0.3598623148794718)]
cocos2d/cocos2d-x 14752 : [(11119, 0.9567829905536428), (16339, 0.9512326797356783), (10350, 0.9483123417746935), (10354, 0.9463550239940637), (12550, 0.9390419482651468), (10530, 0.9390285134590289), (10127, 0.5633271588736447), (14899, 0.48212698776866364), (12245, 0.19620467866701932), (13393, 0.1553711855965607)]
cocos2d/cocos2d-x 14750 : [(12717, 0.9546514263987333), (11313, 0.9411904961244143), (15479, 0.9387459251345762), (17451, 0.9213621242091452), (12778, 0.9195486811701036), (17813, 0.8871227204143299), (12825, 0.8806733459958103), (12819, 0.8806659883691145), (14412, 0.8801937177114287), (15304, 0.8730378972789188)]
cocos2d/cocos2d-x 14734 : [(18400, 0.9947541966545813), (15683, 0.9937915071606936), (15684, 0.9790121056331207), (11820, 0.9160739427033994), (18153, 0.6172217105726787), (18557, 0.543084406528498), (14154, 0.494327229184735), (9105, 0.2974379794160145), (14003, 0.15753368132165643), (1806, 0.13664707399724302)]
cocos2d/cocos2d-x 14704 : [(18912, 0.9917610111858779), (14090, 0.9832765702241232), (7558, 0.682229531722795), (11995, 0.5325466069486166), (15986, 0.46140606362663694), (17594, 0.45954169245941306), (13422, 0.3686563389727781), (15567, 0.2479350359572599), (6447, 0.24773931497058269), (6454, 0.2289532768298798)]
cocos2d/cocos2d-x 14695 : [(9394, 0.7951518959043717), (8113, 0.7474274087028393), (9195, 0.7328775290912839), (8046, 0.7050623069989107), (9915, 0.6453458223986975), (8608, 0.610680145481767), (15895, 0.5725834167390701), (11237, 0.5457737717884235), (11593, 0.4609163831122234), (17921, 0.41862237555706505)]
cocos2d/cocos2d-x 14690 : [(11283, 0.9835217986936445), (12735, 0.9777693171761659), (16613, 0.9759082583421391), (15254, 0.9555246021898491), (12002, 0.9018166693850093), (17385, 0.860868175526751), (11078, 0.8423050956899476), (14993, 0.8258527523761109), (14899, 0.790331827859331), (6890, 0.7880732477221124)]
cocos2d/cocos2d-x 14686 : [(4580, 0.9675129882004676), (12248, 0.9567872863265549), (5622, 0.9547351649526467), (17192, 0.9489263719020875), (10605, 0.9139184482563438), (11345, 0.8968330861991748), (10892, 0.8942801548520107), (10279, 0.8942801548520107), (9823, 0.7235480400876689), (803, 0.28819963994636005)]
cocos2d/cocos2d-x 14598 : [(16190, 0.8065754642363803), (10720, 0.7791332853688652), (18489, 0.7168843982445688), (9530, 0.6665369330418098), (9491, 0.6204476641745454), (7951, 0.5310281240067137), (17309, 0.47059868919907305), (16160, 0.4605174821737665), (16833, 0.448365525178818), (13587, 0.4267822797851785)]
cocos2d/cocos2d-x 14595 : [(18122, 0.9811087407258143), (17761, 0.9723604263243728), (14530, 0.9698850926994614), (17528, 0.9623947026274922), (15878, 0.6228589518112535), (15689, 0.526881765915815), (16326, 0.49428195967476574), (13832, 0.3769005421504527), (15465, 0.34633389357388183), (9198, 0.17673031767784145)]
cocos2d/cocos2d-x 14583 : [(17084, 0.9776713438903195), (17085, 0.9768908330067496), (14873, 0.28327821612499077), (14514, 0.19200196198899924), (9491, 0.15692534596622368), (14505, 0.15289348547184053), (16394, 0.12384605137522908), (2908, 0.11099954758647189), (15051, 0.09226109934505693), (15261, 0.08144832843271274)]
cocos2d/cocos2d-x 14488 : [(10895, 0.727354666968293), (10817, 0.727354666968293), (5151, 0.6242196189317062), (5203, 0.5773510717694664), (12234, 0.5242888580585), (18064, 0.5194812019005065), (6780, 0.5139846348645851), (12460, 0.5), (15116, 0.4829244666080312), (15123, 0.480407898975463)]
cocos2d/cocos2d-x 14472 : [(13987, 0.9583312178241777), (16684, 0.9551682445577335), (18503, 0.9505363191195733), (17666, 0.9144963049412196), (6844, 0.8702165972529853), (15819, 0.82872455427977), (5631, 0.6051454489914961), (17283, 0.5832460510858881), (16424, 0.5826307381371957), (12386, 0.5369918332899265)]
cocos2d/cocos2d-x 14458 : [(9213, 0.5669533190401791), (16017, 0.33351589565190976), (8754, 0.33351589565190976), (17340, 0.2782506681148135), (8080, 0.26329910524384464), (3871, 0.15930561402863633), (15097, 0.15889945602514574), (6154, 0.14343884500919854), (5180, 0.14311420589154905), (9693, 0.127864701596423)]
cocos2d/cocos2d-x 14451 : [(5876, 0.9494874656433309), (17451, 0.9464599077934407), (17179, 0.9464239618352002), (5086, 0.9425220537664555), (12993, 0.9408833418283482), (5562, 0.9367815872832279), (4025, 0.935866526554616), (10968, 0.9348220032858507), (11102, 0.9288269199599919), (16339, 0.9248047340136435)]
cocos2d/cocos2d-x 14446 : [(11864, 0.9999887210965802), (7747, 0.9826256385900828), (5611, 0.9730584688970811), (13893, 0.9477717587913262), (4513, 0.8287440227048135), (15916, 0.8215788003566927), (11747, 0.7888797461295101), (2990, 0.7103107881860548), (3548, 0.6809160510544334), (3398, 0.6791422184265657)]
cocos2d/cocos2d-x 14438 : [(16724, 0.9291432375338543), (5955, 0.3731000592961372), (16525, 0.37104619303728503), (15146, 0.3587026663841841), (6443, 0.35476327899077903), (14137, 0.336867491697547), (6450, 0.17565307921533793), (6454, 0.17195684599132785), (6675, 0.16532969027199956), (6921, 0.16403069492719083)]
cocos2d/cocos2d-x 14377 : [(7206, 0.18544565913439076), (3631, 0.14096403737933724), (8013, 0.13488942841947185), (16016, 0.12340466446744225), (4277, 0.1143396094799981), (4264, 0.1143396094799981), (16294, 0.1106801945102278), (2624, 0.09724637466215387), (16401, 0.09185656305531888), (16708, 0.07510962030511088)]
cocos2d/cocos2d-x 14089 : [(9530, 0.9544159129074432), (9491, 0.5314944913344571), (18632, 0.43640601884388797), (17451, 0.4185275535182971), (8141, 0.3849776571150182), (14167, 0.3402536591945118), (14172, 0.25112235232823), (10720, 0.2501778802750405), (14170, 0.24647147722126905), (12702, 0.24647147722126905)]
cocos2d/cocos2d-x 14066 : [(2279, 0.8737316407930533), (9013, 0.8014627830805817), (2776, 0.8009975747912352), (8967, 0.7956375242991711), (8666, 0.7956375242991711), (18274, 0.7923627665379669), (15960, 0.7923627665379669), (13421, 0.7923627665379669), (10531, 0.7923627665379669), (8178, 0.7923627665379669)]
cocos2d/cocos2d-x 13986 : [(15242, 0.9894553712461712), (12016, 0.9749935149868969), (18518, 0.963756905860429), (18371, 0.9548058470715933), (7424, 0.9235807008243534), (7015, 0.9106746632368751), (6983, 0.9083299263216315), (15358, 0.8998171859099819), (7236, 0.8827663424192309), (18587, 0.860105537616551)]
cocos2d/cocos2d-x 13935 : [(6411, 0.9492057794583277), (6410, 0.9492057794583277), (6408, 0.9492057794583277), (6406, 0.9492057794583277), (10354, 0.9463546052634234), (10350, 0.9463546052634234), (17118, 0.9462852673528177), (16875, 0.9462852673528177), (11346, 0.9462852673528177), (9460, 0.9462852673528177)]
cocos2d/cocos2d-x 13861 : [(10531, 0.1653303005925701), (8967, 0.1653303005925701), (8666, 0.1653303005925701), (8178, 0.1653303005925701), (6682, 0.1653303005925701), (5469, 0.061909850853498954), (5464, 0.061909850853498954), (5997, 0.06164164975514132), (6979, 0.061092478918933865), (18442, 0.05895900746575593)]
cocos2d/cocos2d-x 13836 : [(8859, 0.6418474144793062), (16717, 0.2281617100751156), (12247, 0.2281617100751156), (7779, 0.220125196397369), (11983, 0.21675746491837808), (9692, 0.212265397063358), (7736, 0.20891698408120862), (17024, 0.2048588971450221), (6770, 0.2014860981098119), (16803, 0.18863726983362702)]
cocos2d/cocos2d-x 13687 : [(14883, 0.999987983989113), (15452, 0.9101672578224137), (12778, 0.5724826760188333), (14735, 0.38239849945918575), (15599, 0.291062830427354), (15816, 0.2903716087188071), (14725, 0.26158412320022617), (14750, 0.24550029817601515), (15479, 0.19409917778875696), (14978, 0.1858118361275209)]
cocos2d/cocos2d-x 13662 : [(17593, 0.9603853745392829), (9766, 0.9486237960285369), (10354, 0.9476279398912836), (10350, 0.9469805207084202), (16410, 0.9467907186278562), (12780, 0.946181364321786), (16728, 0.9461469769535226), (16946, 0.9451644761352105), (8206, 0.9423117944271955), (17675, 0.935198028196119)]
cocos2d/cocos2d-x 13652 : [(4284, 0.9933376635271066), (7560, 0.8994334370194442), (17295, 0.8459256465331362), (1460, 0.7732682943771674), (4352, 0.7207858084667612), (6476, 0.6042001694885082), (15810, 0.5), (3980, 0.4645607446399607), (3883, 0.4645607446399607), (4984, 0.4430641728524235)]
cocos2d/cocos2d-x 13626 : [(8029, 0.9856149033061707), (5975, 0.9794911025601442), (4787, 0.9577625989859593), (5682, 0.9567549687115944), (5525, 0.9281165351872325), (8905, 0.8461297141024523), (6851, 0.8447983154681935), (4466, 0.7918450101901734), (5482, 0.6445523527432235), (6263, 0.599378594595145)]
cocos2d/cocos2d-x 12793 : [(5856, 0.9645713828637016), (10884, 0.9578558320661689), (17208, 0.9383550916291329), (5059, 0.9133902980739391), (11529, 0.8965918149793863), (3442, 0.8862805119548288), (15047, 0.8827007090329846), (2455, 0.8739950262170572), (1428, 0.8670914278195099), (1421, 0.8052965070478417)]
cocos2d/cocos2d-x 11860 : [(10037, 0.9593582553887006), (7037, 0.8109514588580815), (17875, 0.7713213167862828), (5683, 0.6813522371229178), (7962, 0.6524603196075212), (10643, 0.6416478875975986), (6288, 0.5381297219495023), (9258, 0.3826082645667376), (4486, 0.3185958763156634), (6861, 0.29071135186285973)]
