django/django 9972 : [(6384, 0.8789210198985534), (1401, 0.8520483234775797), (2104, 0.7726951206654344), (8810, 0.7337869089170047), (3201, 0.6951051187789579), (1585, 0.6798094003567894), (4701, 0.6646652932755601), (3542, 0.6361193413145675), (9647, 0.63424747307851), (4289, 0.6202483439592806)]
django/django 9968 : [(3153, 0.8849441829051391), (5112, 0.834057786017715), (3091, 0.80504103366848), (3090, 0.7857183904742021), (3967, 0.7839494550369955), (1637, 0.7008679644917157), (3116, 0.6705562371861997), (5277, 0.597996003494024), (1422, 0.5610080315512583), (2691, 0.5400773653945555)]
django/django 9964 : [(7101, 0.9814874468521758), (6831, 0.9721847576440884), (7338, 0.9008625869967729), (1248, 0.8976192055941619), (6907, 0.8960776529653139), (6650, 0.8814471948652594), (7255, 0.8671463661670976), (4779, 0.8164854148507746), (8518, 0.8003904301150447), (3793, 0.7607633519634813)]
django/django 9948 : [(6420, 0.9551653018657791), (6779, 0.9492048778441826), (4438, 0.9437268889961961), (7188, 0.8084227608464374), (6621, 0.6092926688911428), (6620, 0.598590549047876), (6868, 0.560297067952749), (7265, 0.46212248574261805), (8080, 0.4591272932595064), (6819, 0.4541415535108988)]
django/django 9936 : [(623, 0.7814873111867984), (7597, 0.6480394485843534), (6597, 0.5619930891219137), (2319, 0.46940507283331995), (3600, 0.29037176577524093), (1092, 0.22062000589317887), (3633, 0.21408685830169136), (8740, 0.2032310522681342), (6280, 0.185289379373282), (7018, 0.18437752510858832)]
django/django 9922 : [(9251, 0.7899934031059176), (9439, 0.723755974145704), (6783, 0.409475096529999), (7559, 0.32288889772048324), (8352, 0.1856007236031966), (8119, 0.1420007692690949), (1513, 0.07990573689168103), (3549, 0.07319159179620499), (4804, 0.07264508522022348), (9244, 0.06887172099117563)]
django/django 9921 : [(7164, 0.977854434220027), (10126, 0.9516642858783594), (2618, 0.9457276272907016), (6293, 0.750326385775578), (4174, 0.6043960439846572), (3157, 0.5889905073556619), (5432, 0.5701672591997603), (6315, 0.546030618099708), (3640, 0.5149316059233583), (2392, 0.5)]
django/django 9913 : [(7782, 0.9162118291687606), (6078, 0.8571944709649467), (4265, 0.6900908074140951), (7840, 0.5), (6734, 0.4896406539617644), (4559, 0.4464058537023015), (8671, 0.4201779870559562), (6555, 0.41852782368933866), (5297, 0.39259196763628684), (3882, 0.2967508540441121)]
django/django 9900 : [(5579, 0.9717842725615369), (4764, 0.9552010843779638), (9793, 0.9523589584982727), (4307, 0.9513720134385013), (4470, 0.9419492639579067), (6734, 0.9146626874455338), (6384, 0.8915892878766896), (3201, 0.8846360631862592), (6451, 0.8790666026505127), (9538, 0.8657019700149089)]
django/django 9884 : [(6720, 0.7031725392936814), (3537, 0.37424586441076263), (4529, 0.2797472640235095), (2483, 0.24205749841298654), (8920, 0.18031775353354076), (2343, 0.1541134813648648), (10128, 0.15001374607370957), (9658, 0.1370565134379584), (3715, 0.1336661677220995), (8299, 0.1307746160976789)]
django/django 9879 : [(5717, 0.5), (2584, 0.43696110025121815), (63, 0.43235381020461844), (409, 0.3922867507127413), (965, 0.364921609560952), (421, 0.3436395013663996), (4625, 0.33351589565190976), (3201, 0.22320191621679308), (869, 0.18428144918387518), (3294, 0.16606923813969157)]
django/django 9868 : [(5816, 0.9923672223718982), (3227, 0.9798076659184847), (3728, 0.9663956408998297), (8810, 0.8901775760951002), (3201, 0.8719814622862008), (6384, 0.8619015216237049), (2209, 0.8293316358288753), (2182, 0.8271863951778022), (3876, 0.8129659833413982), (3444, 0.8129427697846081)]
django/django 9844 : [(9874, 0.9874930913950111), (8133, 0.9681493672435936), (7620, 0.927965509962415), (6980, 0.921615122100394), (9453, 0.900568633811578), (10050, 0.8302785740702049), (10024, 0.6771717264991536), (3728, 0.6270883324992672), (7177, 0.5), (7780, 0.48134485601136057)]
django/django 9843 : [(5509, 0.8062303481198401), (3598, 0.6512382957638043), (5777, 0.5955498144947473), (5292, 0.5772431000722297), (6126, 0.555513821055445), (3312, 0.5414737582046439), (10078, 0.5), (4615, 0.4671556807607007), (5494, 0.4659526405950025), (2350, 0.4573740241616885)]
django/django 9818 : [(10117, 0.8945879012975748), (4648, 0.8880918089698636), (2465, 0.7716984920651538), (6843, 0.6851103134111292), (6921, 0.5911679291305547), (8532, 0.5365869254410384), (6919, 0.511465334476425), (3487, 0.4690940429872878), (3405, 0.45753827926948176), (5367, 0.44813631087329847)]
django/django 9812 : [(7475, 0.9309495232661703), (914, 0.9223782596953921), (8113, 0.8557072825913095), (8326, 0.8349142318853165), (3201, 0.34818368474144584), (6384, 0.14921747499239407), (928, 0.1486994929747663), (920, 0.11987265604507773), (9614, 0.10868110614833612), (461, 0.08967138715360237)]
django/django 9811 : [(7200, 0.8972104075856775), (2817, 0.8622493180013902), (7156, 0.7679130684082018), (3481, 0.7513087975922766), (4866, 0.7050297920687199), (6233, 0.6902823916198396), (10136, 0.6806855950849915), (7168, 0.6645136930999513), (7520, 0.6170804287870907), (7160, 0.5660080819043817)]
django/django 9804 : [(4173, 0.9949198562214161), (4196, 0.9912606326733806), (4728, 0.967661302533461), (6254, 0.9414123643422957), (3101, 0.9272411150720576), (3100, 0.9155122514767647), (3280, 0.8415228758178157), (3750, 0.8043204807289576), (3107, 0.7769677431952674), (3169, 0.7282622742289193)]
django/django 9793 : [(5579, 0.9618870280656356), (9900, 0.9523589584982727), (8810, 0.9370432677049438), (6451, 0.9318667094611467), (3201, 0.8993614407373537), (6384, 0.876731409634394), (5213, 0.8744618857798626), (6107, 0.8570260615713734), (8467, 0.8525222452655539), (8026, 0.8522771925202272)]
django/django 9741 : [(8488, 0.9780255086211437), (2477, 0.9658395438481338), (3193, 0.9623170932322446), (1636, 0.8794356344846779), (7053, 0.8680619895406227), (8926, 0.866068565665969), (3093, 0.8420842639968857), (5588, 0.839039517434898), (6899, 0.8352501922751622), (4404, 0.8323557253837339)]
django/django 9735 : [(9149, 0.8884343124586566), (7901, 0.5469228505093867), (9909, 0.265876805125104), (5579, 0.23757265148763457), (1500, 0.21535678033791744), (8067, 0.15333302098305063), (6301, 0.1316593498916064), (8914, 0.12781324908538788), (573, 0.12516089680418405), (633, 0.11932043799650015)]
django/django 9715 : [(7210, 0.9253372842732007), (8039, 0.915085617202273), (4427, 0.9143870663395417), (7279, 0.9036149233128411), (8239, 0.8915001561682757), (8528, 0.8449404774214301), (8930, 0.8082909385167862), (6342, 0.77833565158017), (9370, 0.7514284904715517), (9801, 0.7089204097184729)]
django/django 9713 : [(6532, 0.9152900854921419), (6442, 0.7586600088404332), (6430, 0.5), (3660, 0.37372789508100634), (4055, 0.23428399780011241), (7962, 0.19113587759869693), (7901, 0.16631742968008265), (1853, 0.16171782858006287), (4396, 0.15230697727582004), (6602, 0.15110854544876046)]
django/django 9674 : [(7514, 0.9903577055933408), (8535, 0.9710310291151026), (8521, 0.9511059914564485), (7206, 0.9452848869851412), (8562, 0.9438783505414406), (7587, 0.9302630805874609), (6384, 0.8759973356297824), (7298, 0.8332433171892424), (4970, 0.7906178527877012), (8183, 0.7899859208524015)]
django/django 9673 : [(6384, 0.9353103296446494), (6147, 0.8456678528998836), (8709, 0.8349336620874198), (10098, 0.811422607873708), (8119, 0.7853190284132566), (9227, 0.7630528277853316), (4900, 0.7295718891933444), (9202, 0.5651139817187623), (2184, 0.5546820756701778), (9174, 0.5141089260442248)]
django/django 9670 : [(6395, 0.9179625965951284), (8119, 0.9018817371068375), (6478, 0.873844020770326), (4349, 0.8579241519326705), (9322, 0.8484087920180291), (8528, 0.8439292413561008), (3868, 0.8348896770307761), (4336, 0.8315447920188058), (3850, 0.8002006198761682), (5324, 0.7850058815038271)]
django/django 9666 : [(4139, 0.860025235454684), (6840, 0.7788400383817908), (8810, 0.720434832693492), (8063, 0.5382837464850712), (6285, 0.5314063645106359), (7765, 0.4885636361017246), (5053, 0.4386696010663874), (8477, 0.4246098995692519), (3201, 0.42264910483456675), (6384, 0.41295804956036464)]
django/django 9659 : [(921, 0.9508452620184688), (2498, 0.8231387616505864), (3170, 0.6038410220449842), (5606, 0.5878701486250709), (3826, 0.4730194712048691), (2773, 0.46365915356069753), (782, 0.411232461742036), (8043, 0.40422029588618785), (7908, 0.30451597648297185), (3121, 0.3029051223509994)]
django/django 9609 : [(8222, 0.9999991499335477), (8981, 0.9580471383989817), (5413, 0.9396140378142783), (3273, 0.8934359476870376), (4377, 0.8389739997419992), (3565, 0.7450950264383474), (6384, 0.6959957835748266), (2327, 0.6672236903924645), (9476, 0.6135045716150427), (8570, 0.5733944083317866)]
django/django 9608 : [(5845, 0.6430812245453454), (6332, 0.4324528535738327), (5567, 0.36110114621829137), (7308, 0.16541903258859084), (195, 0.156351087093775), (7405, 0.07884781047060406), (7543, 0.060834519704897574), (8858, 0.0537109158294123), (1254, 0.0515128500639877), (3636, 0.04902019849317573)]
django/django 9606 : [(1411, 0.7199419093213046), (4886, 0.6932077367471413), (1328, 0.6894439039302525), (7727, 0.6876607819038643), (4495, 0.6794568841851332), (9163, 0.6471741207724298), (735, 0.6215925094830516), (8261, 0.6029781863247204), (8238, 0.5998780281416082), (5145, 0.5729511821345006)]
django/django 9581 : [(5322, 0.9798988180410378), (9242, 0.9334420539038338), (6384, 0.9187657838474318), (2127, 0.8731019632350686), (6090, 0.7906415740060814), (915, 0.7724773514191221), (3201, 0.7648824377374837), (9510, 0.735194198554877), (7153, 0.7233812011871118), (6309, 0.7200330732636147)]
django/django 9546 : [(6451, 0.9901110494427594), (5579, 0.96555705407026), (5479, 0.9651498266756384), (3136, 0.8894789544547125), (8467, 0.8516935083762556), (3705, 0.8303582807567622), (5980, 0.8301730599193764), (8596, 0.828269232921624), (1896, 0.8231745994479421), (9900, 0.8103052638160353)]
django/django 9543 : [(9227, 0.960274885248941), (9808, 0.9373900344742796), (9577, 0.9357678887087538), (9234, 0.9158735482783157), (9798, 0.8785092631472023), (9583, 0.8646242757558338), (9220, 0.8449446233557737), (3754, 0.6865410909168618), (9162, 0.6643804637179392), (9163, 0.6177029808979666)]
django/django 9510 : [(7153, 0.8768925546237867), (6384, 0.8724178142338572), (6778, 0.8007933691540492), (6376, 0.7680527738950806), (6837, 0.7360174284200781), (9581, 0.735194198554877), (9242, 0.6885682829656221), (7673, 0.6880931287650266), (6090, 0.6754144654940399), (2951, 0.6639328975615186)]
django/django 9440 : [(9419, 0.9673895294375799), (10124, 0.9620458126792371), (9918, 0.933611996986151), (1998, 0.9283156185416914), (2497, 0.9179297695923255), (9434, 0.904284065784359), (7283, 0.9026610863296943), (8357, 0.8993739697635222), (2583, 0.8132820115607118), (9413, 0.736924275302543)]
django/django 9438 : [(6851, 0.8696903164533814), (6726, 0.8424143695269), (5603, 0.7607184920589022), (8140, 0.7172121529535873), (9992, 0.6968591849700262), (6995, 0.6917626541769066), (6866, 0.6574865701540425), (8864, 0.631615836650292), (6643, 0.6283042182623458), (7046, 0.5986958152265475)]
django/django 9424 : [(7381, 0.98494408465066), (8694, 0.9626913197710477), (8303, 0.951443178129551), (8643, 0.9463897072387815), (8171, 0.9411434334369485), (7046, 0.9388735290138702), (6995, 0.9173849113073801), (8976, 0.8685450534881124), (8352, 0.8057472654084109), (7860, 0.7902780660325759)]
django/django 9391 : [(8776, 0.9999999027303496), (6558, 0.9897490946169725), (9530, 0.9829287039332201), (4764, 0.9411641759170913), (4513, 0.9176779173638981), (4884, 0.8614469337623543), (4769, 0.5198728947033909), (6497, 0.46762059027213265), (4111, 0.39374688911908073), (6384, 0.3430531796554245)]
django/django 9353 : [(6940, 0.7633366814529148), (9865, 0.6430564338347613), (4825, 0.6068168561383769), (4427, 0.6041868629115804), (4726, 0.5914629433149367), (3639, 0.5684518176348526), (3219, 0.5530021258907823), (9046, 0.5509744144166773), (9049, 0.5452368981791456), (8507, 0.5450310324058169)]
django/django 9339 : [(5977, 0.9155354460009001), (5922, 0.8811847548528561), (7077, 0.879814003106717), (9131, 0.8295617135211215), (7194, 0.8076811892708162), (10051, 0.7720082856337985), (7172, 0.7548805046626589), (8577, 0.7100277539513261), (7142, 0.7065487680741304), (5178, 0.6731876662196321)]
django/django 9337 : [(9780, 0.960942361961433), (7623, 0.9513646795393867), (8964, 0.9368931929601008), (6986, 0.9280059889290762), (8134, 0.9155261467046629), (5094, 0.879737283408334), (5190, 0.8682233037683966), (7591, 0.8586995784917196), (8630, 0.8559150568879796), (6979, 0.8368528486472558)]
django/django 9336 : [(2622, 0.9515809307445486), (7473, 0.7214841792715331), (1267, 0.6959589948936319), (6486, 0.5581394060462156), (2872, 0.5), (6384, 0.48873705082332114), (8620, 0.43176677617281045), (1204, 0.3842854786875694), (2242, 0.290415195752035), (7244, 0.24369253958759596)]
django/django 9322 : [(6395, 0.8880115112021414), (9670, 0.8484087920180291), (5575, 0.844217656299262), (7850, 0.8370428373506281), (6131, 0.8285779275738459), (5771, 0.815836132764359), (7490, 0.8148738089916415), (6279, 0.7934469936736187), (9300, 0.7841958458818844), (4172, 0.7733827592354875)]
django/django 9318 : [(2960, 0.8204597027441292), (8736, 0.7824159253620583), (4386, 0.7459850911817288), (5375, 0.7360848477435525), (1554, 0.7210659039250922), (452, 0.7027169050016989), (453, 0.6944024972860795), (1488, 0.6710231141685384), (9375, 0.6578699030451088), (1503, 0.6422941292084908)]
django/django 9309 : [(8191, 0.86991472558312), (3820, 0.8522712810430292), (3783, 0.8227191618271368), (1946, 0.7499378202512682), (6118, 0.7445875863558448), (9306, 0.7371266668875514), (8518, 0.5987857176334108), (2882, 0.5318732937883747), (1422, 0.5204684525346075), (1523, 0.47286386257825463)]
django/django 9296 : [(8305, 0.9750199476377768), (9935, 0.9749265390445382), (4826, 0.9367382700504652), (7578, 0.9245255393300512), (8618, 0.81805933954356), (2954, 0.7590922265138949), (638, 0.7451155263294245), (919, 0.6977758077674469), (6740, 0.6767861978508546), (8383, 0.6628250944222862)]
django/django 9295 : [(8333, 0.8622617736757531), (2311, 0.7369575757399529), (8099, 0.5768675779265339), (2621, 0.4836615674472387), (1706, 0.45190445510371885), (7328, 0.4504494951111524), (2922, 0.4332146527700775), (5453, 0.42320576824061656), (2472, 0.37078011376445613), (3755, 0.3678824079858267)]
django/django 9289 : [(8693, 0.4782046425431304), (8017, 0.462888171612264), (4670, 0.40881200397418777), (8155, 0.3625843594856869), (8715, 0.34226047889237915), (8952, 0.33466741168089925), (9566, 0.3171618430790864), (8955, 0.30665391889612187), (8703, 0.2755349464156956), (7317, 0.16542875154197956)]
django/django 9272 : [(8080, 0.4184476740851211), (2721, 0.4184476740851211), (915, 0.33395974341408735), (3555, 0.30301467988866737), (230, 0.30138645657222474), (10000, 0.27632841695128996), (7297, 0.27632841695128996), (1642, 0.23889629665170567), (5221, 0.21389066236567864), (733, 0.2123304887015456)]
django/django 9214 : [(9197, 0.8782465395097224), (4108, 0.8479847503852308), (6928, 0.8235522634026741), (9386, 0.8106302240674523), (6953, 0.803224477109324), (9565, 0.7922824404265363), (9499, 0.6087638307469542), (3099, 0.6070608031023728), (10082, 0.6028662073716835), (8442, 0.5974237101219516)]
django/django 9212 : [(4020, 0.9445583441506229), (8246, 0.9309265488478092), (4775, 0.88432983067712), (6424, 0.8399363928682371), (4650, 0.5865012009384479), (3549, 0.5368698823585472), (8814, 0.4849886595200565), (7121, 0.4036131808657639), (4756, 0.31540757901161154), (5745, 0.20538328787708704)]
django/django 9192 : [(5157, 0.9599542177085054), (5917, 0.9597738906932666), (5936, 0.9593251601373692), (5166, 0.9589342167912692), (7015, 0.9554402169641312), (8330, 0.9540799119147293), (5099, 0.9540510692162538), (5997, 0.9536695362261752), (5145, 0.9533834427451455), (7727, 0.9484302084572138)]
django/django 9188 : [(4452, 0.24859140631267118), (9360, 0.24592070026655438), (8461, 0.2432366931835508), (10175, 0.22933784161266607), (8035, 0.2218716437828169), (4152, 0.19325281254535043), (21, 0.1758839712393914), (6956, 0.15664457551373753), (8810, 0.14500504455593669), (8451, 0.13320173275795547)]
django/django 9174 : [(4388, 0.9548086301721361), (8709, 0.8922387732053405), (8080, 0.8882434915650476), (6384, 0.8665131620665159), (8352, 0.8472547073847487), (6216, 0.8446672381527232), (5324, 0.8313260824612395), (5099, 0.813371115963012), (4900, 0.810498921715036), (4171, 0.7643939777884805)]
django/django 9173 : [(8295, 0.994293135830294), (6608, 0.9930497872556724), (6621, 0.9853844814753575), (6620, 0.9844032505745287), (6868, 0.9803117923496522), (8560, 0.972454430649643), (7623, 0.9547100720236534), (9856, 0.9255106622005856), (4534, 0.8927007539662559), (9141, 0.5662339780681399)]
django/django 9162 : [(7600, 0.9793799636645208), (7447, 0.9634980798374387), (8382, 0.9524459563814324), (6744, 0.9336080908604929), (6384, 0.9301910047711869), (8758, 0.8966653900370937), (9808, 0.8942588470581601), (9798, 0.8886599919181081), (8707, 0.8799477546738153), (8004, 0.8423208105795992)]
django/django 9132 : [(6384, 0.7100958198211812), (3201, 0.7093298451513463), (4859, 0.6753401413384008), (7478, 0.6482470300403265), (8118, 0.6200026556937607), (4715, 0.5964258667757443), (4714, 0.5939411046525718), (6119, 0.5549411144339329), (6113, 0.5365383839166691), (5095, 0.4574098749137818)]
django/django 9131 : [(3091, 0.9835282320268692), (3090, 0.9817946111394454), (4261, 0.9781106817148992), (10056, 0.9673360767121579), (2698, 0.9234559844171722), (10057, 0.880994175546813), (5582, 0.8746822924508555), (2833, 0.857945267572424), (6994, 0.857152680089051), (7377, 0.8477366929070062)]
django/django 9126 : [(2882, 0.7486092172844695), (6118, 0.6345588192404019), (3820, 0.4384698927727455), (3783, 0.42888618154566666), (7653, 0.42282576449980974), (6163, 0.4001158582718224), (6491, 0.35333630519370446), (1478, 0.3443588375204045), (8994, 0.34315582644117176), (2661, 0.30605971007436655)]
django/django 9093 : [(1870, 0.992394742672696), (1830, 0.970304007796043), (9200, 0.962095093375057), (8819, 0.9335849395252249), (7791, 0.9009503125514845), (2837, 0.8974250951091718), (1836, 0.8907053025456262), (1575, 0.8856639984699973), (7748, 0.85694786876602), (1838, 0.7959703977235578)]
django/django 9088 : [(3260, 0.8980543987523125), (8305, 0.8062916992256025), (5866, 0.66331320877181), (4826, 0.5461571228502204), (919, 0.4709362705634047), (10105, 0.4674219453423859), (7553, 0.4604228530685051), (8445, 0.4548111190286984), (9662, 0.44557664735947977), (9479, 0.4427357751964791)]
django/django 9071 : [(5232, 0.8118549857761843), (331, 0.7782002591155825), (6384, 0.7177849333245947), (3201, 0.7113159689772062), (8810, 0.6970054331099697), (5218, 0.6717642586661966), (6974, 0.6304289947582679), (6425, 0.5858702135393256), (8380, 0.546024453157092), (2807, 0.5260603404326007)]
django/django 9070 : [(7227, 0.8927202839898667), (2802, 0.8570698708889959), (9104, 0.8361781210493687), (1108, 0.7372607647354085), (65, 0.7329161845714726), (7580, 0.7019875040316668), (97, 0.6744314547044652), (7598, 0.657070597013265), (6477, 0.6554608191389659), (8622, 0.6540026897698517)]
django/django 9064 : [(5397, 0.9683165988314131), (6384, 0.9445882563206395), (8810, 0.9351302481844852), (8905, 0.9219649769495974), (8143, 0.9117276854061145), (8563, 0.8912298631082711), (5138, 0.8841691748013083), (3201, 0.8763615452472039), (7759, 0.8741045033444805), (2149, 0.8679808146676585)]
django/django 9052 : [(3011, 0.8060660580267627), (6069, 0.7425739165805885), (5990, 0.6379370167126026), (4826, 0.575213113740252), (8030, 0.5132197389272022), (8305, 0.48293959286983035), (9283, 0.24865761748181156), (9821, 0.214192319327637), (9479, 0.21293496066068704), (6296, 0.20628026568855315)]
django/django 9023 : [(1885, 0.9444624240681414), (6384, 0.9346575440395617), (8080, 0.876665118817732), (5137, 0.875583682489225), (1841, 0.8062931699449156), (915, 0.7670789434986628), (1189, 0.7666592308343173), (9221, 0.7467965285776398), (8740, 0.7360441702517835), (2590, 0.7259785073883951)]
django/django 9011 : [(8019, 0.9403652767684886), (8810, 0.9341842287218987), (8784, 0.9279822418536214), (7217, 0.9251995860825386), (6876, 0.9109389170544117), (9163, 0.9089576885522205), (6603, 0.9088724316037321), (770, 0.8962092092558603), (4869, 0.8880664001751929), (6384, 0.8748758411402315)]
django/django 8981 : [(9609, 0.9580471383989817), (5413, 0.934079088710173), (9163, 0.8889032028668205), (8953, 0.8744128109380187), (3273, 0.8722751515290693), (4377, 0.8389739997419992), (5398, 0.8144286258598462), (3565, 0.7820427679994628), (9850, 0.7786134625536798), (9476, 0.7652882786008937)]
django/django 8978 : [(4497, 0.9851637824823427), (2022, 0.5293020693469744), (8670, 0.5188952907312098), (3769, 0.506810547556216), (2048, 0.5), (3781, 0.4738753138278711), (8503, 0.46028027947604633), (8768, 0.4128850388422437), (8377, 0.4045275215378916), (8415, 0.3980911829521643)]
django/django 8974 : [(8332, 0.9999999916348197), (8282, 0.9697433145568081), (7686, 0.9640764173737782), (9226, 0.9245697992760884), (2869, 0.8300181517516824), (7747, 0.7773341497481273), (7177, 0.7678289999328397), (5268, 0.759955512257998), (8834, 0.7365865275033908), (4284, 0.7085814087957213)]
django/django 8973 : [(8710, 0.9544207077851543), (5571, 0.9499823103577656), (6734, 0.9493945669957817), (3824, 0.9449826493372493), (5567, 0.943974407502463), (2721, 0.9374638394540755), (600, 0.935491946918114), (1281, 0.9157030636104523), (3201, 0.9047737216083472), (8740, 0.8872159873813587)]
django/django 8957 : [(2314, 0.728702973541774), (5913, 0.6457063513513032), (8838, 0.6071023678147454), (5737, 0.6045430674819324), (1342, 0.586852693824536), (6146, 0.5515622109650491), (6237, 0.5420125059531631), (8198, 0.5284432946246657), (2292, 0.47785333534514923), (2795, 0.43386577799299086)]
django/django 8931 : [(2549, 0.959102364001956), (3537, 0.9560330703017339), (6701, 0.9533486098661609), (1850, 0.9519610442648916), (9061, 0.9485555687290562), (1740, 0.934230208083828), (4630, 0.9221453908751134), (6696, 0.9123778131878548), (6713, 0.8935315257890327), (6365, 0.8285599756937915)]
django/django 8928 : [(4706, 0.8972748561198912), (7741, 0.5647076321867309), (8640, 0.43174427971247753), (9528, 0.3725254260709181), (8617, 0.34412844256500513), (7303, 0.3099236072895059), (5834, 0.29108242455859534), (8708, 0.28091800227726066), (9247, 0.277654674982654), (2153, 0.2720925758696492)]
django/django 8924 : [(3253, 0.9484195337865725), (7615, 0.9481213559963408), (1466, 0.9480542938009), (8080, 0.9462841660200303), (8810, 0.9457509536528381), (6384, 0.945734850296237), (3201, 0.9457348502962177), (6300, 0.9445060613292098), (6162, 0.9374581981410112), (9016, 0.9363939774462828)]
django/django 8886 : [(8810, 0.947214654964628), (7978, 0.9379317384584466), (3201, 0.8766871419922657), (7862, 0.8597462278318669), (8151, 0.8596575665004527), (8345, 0.8400880011679168), (3004, 0.8352342352054516), (8471, 0.8267301359082437), (7478, 0.8235069632208448), (4715, 0.7959587964533915)]
django/django 8858 : [(3260, 0.8580005751004641), (9538, 0.7428784685156141), (6107, 0.7425900679609836), (9615, 0.7242004344160042), (1281, 0.6949461991851504), (820, 0.5691081100575257), (5576, 0.5464103797403058), (1430, 0.5341302439232036), (7248, 0.4193390206689051), (2721, 0.4184479011067228)]
django/django 8848 : [(8118, 0.8962442428515965), (8471, 0.8720749687774739), (4538, 0.7779860953187396), (7478, 0.7719348724711755), (5798, 0.7712512597704481), (7826, 0.7635493052579909), (6119, 0.6728344063140829), (6113, 0.6728344063140829), (8798, 0.6340232119089948), (4859, 0.6211630789984782)]
django/django 8819 : [(1575, 0.9763368204809675), (7791, 0.9474621586625881), (9092, 0.9335849395252249), (9093, 0.9335849395252249), (9091, 0.9293063215515904), (5106, 0.8905951872408493), (1830, 0.8861746167276291), (9200, 0.8796128290453891), (2913, 0.8773814246134316), (448, 0.8432031075420245)]
django/django 8806 : [(6030, 0.9940074385764935), (829, 0.9872781474827992), (4264, 0.9810724151070059), (3541, 0.9770891457280233), (5276, 0.9501437428967887), (2221, 0.869846074325768), (7636, 0.7460890650320349), (416, 0.6219639474735336), (6710, 0.5076781179528417), (1479, 0.4797548603365567)]
django/django 8803 : [(220, 0.9859294820489324), (9241, 0.8626549092946906), (2177, 0.7833458257909253), (4305, 0.6816314342986526), (8942, 0.6648727916358965), (4907, 0.6423271626177102), (1354, 0.632206035179146), (4304, 0.5783678883356443), (6507, 0.5774963340213437), (3051, 0.5767455113700996)]
django/django 8801 : [(7745, 0.9779972265519156), (9695, 0.9581552912830597), (7231, 0.9561043339655293), (8370, 0.944038491142689), (6221, 0.6376163344028539), (894, 0.5816326976864424), (9800, 0.5248910917613414), (588, 0.49496694653506484), (461, 0.4859507638416035), (6410, 0.4601206925381528)]
django/django 8773 : [(8080, 0.9464733120596284), (6384, 0.9345363621917375), (2721, 0.9213496444270572), (915, 0.9194214568548549), (8124, 0.8234275612853786), (9221, 0.7547965674172479), (8740, 0.7467564871142345), (3120, 0.7238202466861604), (7612, 0.720163907414659), (600, 0.712331809911299)]
django/django 8760 : [(5689, 0.8072104082861846), (5752, 0.7339451846982189), (6826, 0.6986448923750997), (2482, 0.6541085039931213), (7605, 0.6504330081053741), (4178, 0.5250052013128148), (2478, 0.5133352375772545), (4638, 0.4929250783300288), (3620, 0.49005336633369234), (7280, 0.4894804606700763)]
django/django 8745 : [(6572, 0.9903580460845296), (8232, 0.9867645980722933), (8178, 0.9742799059401422), (6992, 0.9610204722063032), (7651, 0.9514242455759737), (5397, 0.9484697892393527), (7181, 0.9185182777156522), (1840, 0.9177715790903225), (8649, 0.9061438597092581), (8687, 0.9043507572933744)]
django/django 8736 : [(4754, 0.9627197056817486), (9221, 0.9489090027798721), (8740, 0.9479216364215564), (2667, 0.9451639434441822), (915, 0.9379408960167274), (452, 0.935114216967916), (8080, 0.9346603582182508), (5950, 0.9343156142762389), (8457, 0.9240209855479001), (2721, 0.9203127034607994)]
django/django 8733 : [(8339, 0.8859412766214204), (10179, 0.8139174432672063), (10181, 0.8139174432672063), (2100, 0.6242135632150747), (2297, 0.6089794021775097), (4010, 0.576443640582781), (4202, 0.5304149863004628), (2142, 0.52787071332941), (5581, 0.5122038960224643), (5010, 0.4688221311623081)]
django/django 8710 : [(7920, 0.9564747168296435), (2080, 0.9552950649641464), (8973, 0.9544207077851543), (1804, 0.9485917886984991), (701, 0.9480360745106687), (915, 0.9469277751261126), (137, 0.9467838188713871), (9221, 0.945057286897855), (8904, 0.9450398609695884), (8740, 0.9448603742401519)]
django/django 8681 : [(9811, 0.9965293699513272), (7200, 0.9513493227647978), (6249, 0.9426017491099181), (2817, 0.8820055986022183), (8996, 0.8438904177321668), (7246, 0.8180532765699553), (6233, 0.7447761880854545), (3863, 0.7075122152073362), (822, 0.6603978435286331), (3481, 0.6398760535432223)]
django/django 8661 : [(7364, 0.9661829128155737), (8080, 0.9493823817587358), (6162, 0.9410639235328871), (6384, 0.9362232149748656), (8810, 0.9344204361284829), (9124, 0.9246118934008326), (2721, 0.9199797558837668), (2940, 0.9163147870484201), (3201, 0.9058796106515017), (2423, 0.8754839648718823)]
django/django 8630 : [(6195, 0.9783365933717294), (5604, 0.9756393026453487), (6979, 0.9748690304785911), (8134, 0.9742484489300307), (8536, 0.9714866178973659), (502, 0.9681032797778872), (5193, 0.9479768722417663), (6986, 0.9367512650358979), (5094, 0.9309747829751173), (8964, 0.9260951818080934)]
django/django 8612 : [(5668, 0.9999882027737538), (3651, 0.9945417649637983), (4285, 0.9673301380576228), (3921, 0.9272177988521929), (4081, 0.8693197956273722), (348, 0.8261914123484643), (358, 0.6910431710571046), (6693, 0.664993804947567), (2015, 0.281533331563622), (9054, 0.12221704154274098)]
django/django 8577 : [(3967, 0.9408965280173243), (3201, 0.9345559718112523), (3891, 0.9286637535231632), (5977, 0.9175038630023997), (4738, 0.8942635057173091), (7133, 0.8755016715099195), (6384, 0.8728754436299908), (7194, 0.8137780074359212), (7013, 0.7959833033777918), (5178, 0.7689572943513643)]
django/django 8570 : [(5413, 0.9165444126000398), (7734, 0.8132153908764663), (6725, 0.7762686056415411), (6384, 0.7125801610923278), (2500, 0.6841269744891335), (8981, 0.5803867712358237), (9609, 0.5733944083317866), (6115, 0.5), (10089, 0.4506532167767409), (8239, 0.4330993955309996)]
django/django 8562 : [(8080, 0.9465337114560732), (9674, 0.9438783505414406), (8535, 0.936475268090114), (6384, 0.9344065719592967), (8121, 0.9340300823123824), (8521, 0.9333257090649107), (7206, 0.9273334945664369), (2721, 0.9229067430648409), (3294, 0.9193950592654236), (7587, 0.9118721986429797)]
django/django 8521 : [(9674, 0.9511059914564485), (8535, 0.9435841965394586), (8562, 0.9333257090649107), (7587, 0.9288131988271211), (8121, 0.9272567314725572), (7206, 0.9254991134749929), (6384, 0.8724251853890932), (7514, 0.8426789747155833), (4970, 0.791545722832225), (8183, 0.7914690137427703)]
django/django 8491 : [(10102, 0.9838300071307244), (4726, 0.9734892543246104), (7678, 0.9224641188410366), (9209, 0.8750539334546411), (7176, 0.8702350742617578), (6891, 0.8699011278285322), (7381, 0.7788529352870691), (6384, 0.7480420580736771), (9424, 0.7349386151031762), (8265, 0.6730453011568464)]
django/django 8477 : [(6321, 0.9758758668417297), (7424, 0.9657716964930535), (6384, 0.9453757456966397), (3879, 0.9364485993131345), (3201, 0.9351860353736458), (6538, 0.9052560714662522), (7442, 0.9027664214990505), (4605, 0.8979487461891772), (1310, 0.8799807724221187), (8810, 0.8764176445134084)]
django/django 8470 : [(6384, 0.9346978871759536), (3201, 0.9326790244146115), (8810, 0.8766886744623619), (2323, 0.851445505550964), (1485, 0.8223730632135775), (8296, 0.8116583085931227), (1590, 0.7998358111650903), (5198, 0.792367954412454), (5962, 0.7851925086746918), (1576, 0.7813658970091103)]
django/django 8435 : [(6076, 0.9598300705891581), (6941, 0.9090945454994774), (7041, 0.8379746168633567), (7277, 0.8151829809677982), (1432, 0.7822181393148305), (8591, 0.7571006824026517), (6219, 0.6667759081130709), (519, 0.6564663160502989), (2256, 0.6460023252577219), (7726, 0.6459778746501764)]
django/django 8434 : [(8458, 0.9138760368805217), (9122, 0.8565662046819207), (5126, 0.8145994268352966), (5060, 0.8030662419725831), (6384, 0.7424697751115827), (5400, 0.6770000604652449), (8426, 0.6703995931531868), (1228, 0.6509913395109274), (6721, 0.6330703179331714), (8465, 0.5143960830613424)]
django/django 8340 : [(6906, 0.6944010961946613), (4657, 0.3742388866565908), (6662, 0.3035251547529247), (8253, 0.3035133002170906), (7854, 0.2996744236391385), (7780, 0.29403430501436684), (2766, 0.2899870778817845), (4466, 0.2725676259851874), (5337, 0.2581550172415034), (6904, 0.25435059418808625)]
django/django 8327 : [(4072, 0.8795983851559638), (1247, 0.8553661433404125), (1019, 0.8062394680098137), (2457, 0.7850321391750162), (4585, 0.7824471455074867), (9834, 0.7809004223635257), (1251, 0.775554453849942), (9993, 0.7707929695934705), (5111, 0.7608153018100263), (6384, 0.7590351977009844)]
django/django 8313 : [(4726, 0.9873045904007102), (8491, 0.9714464820770423), (7176, 0.9481282775906238), (7678, 0.7674431633942805), (10102, 0.25326954938435925), (4815, 0.22316410819939), (6384, 0.18301553850504595), (9221, 0.16533025345698033), (4399, 0.16074348693129037), (6913, 0.14966382025814)]
django/django 8309 : [(6002, 0.9859678663806504), (9151, 0.981234480822923), (4723, 0.9607499898730497), (8143, 0.9537898261928187), (6167, 0.9518427026207564), (6545, 0.9474775564673648), (2175, 0.946564597259382), (2681, 0.9445651230922535), (6672, 0.9397691963112201), (3046, 0.9391523400041429)]
django/django 8307 : [(8508, 0.8702168223465002), (8509, 0.8523765805282448), (8927, 0.8254859471317754), (2097, 0.7880837887168379), (4039, 0.6913913615220603), (8704, 0.637619286516149), (1631, 0.620508124212162), (2077, 0.5520991991677562), (8810, 0.45216795985978625), (9377, 0.44190952529678035)]
django/django 8280 : [(6384, 0.9364017820498246), (1200, 0.9091478755737754), (3201, 0.858748057548954), (1932, 0.8021335012232842), (6586, 0.7447730604206885), (5835, 0.7432176707407441), (4405, 0.7367866768159279), (614, 0.702471179659153), (1983, 0.6686534936124818), (7601, 0.6470305916969702)]
django/django 8227 : [(4156, 0.974339738720544), (8794, 0.9548956723327272), (10076, 0.9478911817799216), (9120, 0.9280059985918431), (2388, 0.8618487284275158), (6427, 0.6853843876727349), (3008, 0.6189608037117063), (8934, 0.6170072832455018), (8647, 0.6059578804077757), (7583, 0.5286653593943497)]
django/django 8191 : [(3201, 0.9467265289285136), (8080, 0.936890553674646), (8810, 0.9359301026446896), (6384, 0.9343366125536341), (2721, 0.9213496796524069), (3827, 0.9057530091284247), (9309, 0.86991472558312), (6409, 0.8155748392731764), (8563, 0.7971518857134325), (5904, 0.7812749718168385)]
django/django 8160 : [(7364, 0.9825263466296393), (1699, 0.956692226036316), (5698, 0.9243081521305143), (5545, 0.8280150498019205), (8661, 0.732866895940112), (4074, 0.7321226624095345), (7218, 0.6910354388267972), (5709, 0.6831576566192873), (7557, 0.6596760399642468), (2940, 0.5486504527570978)]
django/django 8156 : [(2290, 0.8898962072910875), (8973, 0.55254964267534), (1275, 0.4839381956200005), (5573, 0.4770666818195972), (1281, 0.4713218592318782), (1417, 0.44317199749866354), (1585, 0.42563580925760275), (328, 0.416230564644207), (1623, 0.3563756294240752), (6895, 0.3503740811810441)]
django/django 8119 : [(4801, 0.980086407822313), (8352, 0.9565863185544808), (8709, 0.9513730496634808), (5443, 0.9430428289944134), (8080, 0.9379151192465426), (6384, 0.9343523261882337), (2184, 0.9128229762935456), (9627, 0.9076271250957431), (4171, 0.9038986320685456), (9670, 0.9018817371068375)]
django/django 8081 : [(8456, 0.9375695120196518), (7498, 0.9355075315020497), (8670, 0.9171668858531039), (6388, 0.9107272764492178), (3477, 0.8924297703864953), (7039, 0.8854619256308958), (7300, 0.8626920081644074), (2958, 0.8591576109023215), (8187, 0.8474315304618295), (8608, 0.8408527139576962)]
django/django 8056 : [(7517, 0.9693121321145847), (10140, 0.961097202554596), (6982, 0.9605301452333178), (7504, 0.9544337012143592), (7615, 0.9518773919781074), (6726, 0.9488872043421203), (8810, 0.9465855130576157), (8080, 0.9465177167876404), (7046, 0.9339417169709185), (6995, 0.9105957860341679)]
django/django 7996 : [(6331, 0.9999992245295602), (7215, 0.9281562397411669), (4259, 0.9110623281649061), (6122, 0.899653027450197), (1948, 0.8845490754408359), (7420, 0.8709728754491886), (4721, 0.8580866169366422), (1827, 0.8530667008017441), (1624, 0.8418724978824391), (5381, 0.8232650503799396)]
django/django 7850 : [(7838, 0.9355932070493287), (3931, 0.9172931322061968), (7490, 0.9133170706288096), (3878, 0.9058588688270452), (8633, 0.8934794975278219), (9300, 0.881660470702027), (5753, 0.870009548124498), (5104, 0.8523780425303557), (6381, 0.8509700395676899), (4172, 0.8471484314454227)]
django/django 7745 : [(6221, 0.978453467357602), (8801, 0.9779972265519156), (9800, 0.9142982532963178), (894, 0.9000729479341547), (3586, 0.8904872794994996), (6384, 0.8762638229404689), (7231, 0.8754878531498383), (4477, 0.8701842310391078), (2771, 0.8589627155328016), (1176, 0.8529343560908623)]
django/django 7673 : [(6612, 0.9683655871296415), (465, 0.9084689393998328), (6837, 0.9016013808038285), (3894, 0.8894857282547863), (6384, 0.8598962018979494), (10001, 0.799009113011487), (6778, 0.7807019307667936), (4681, 0.7563165346650772), (6421, 0.7461453765571833), (9050, 0.7088058434655686)]
django/django 7663 : [(4383, 0.989978789540893), (7471, 0.9782405853587003), (4574, 0.9620518092349954), (6384, 0.9474491157747956), (6511, 0.9006016064053063), (1700, 0.8851295919461459), (6312, 0.8782461441135495), (5903, 0.877686085603157), (6169, 0.8086179375221285), (3599, 0.7869478999287656)]
django/django 7551 : [(10180, 0.8205183693014679), (3894, 0.7561858488948632), (9048, 0.7312671982438005), (8116, 0.5311772953247947), (4761, 0.5208403510175428), (8345, 0.4633632878338871), (3049, 0.4570713628607733), (5977, 0.4304014787012443), (1156, 0.41522277015610703), (5395, 0.4128403119520941)]
django/django 7528 : [(1261, 0.8843018493132015), (8123, 0.8792807908533024), (6384, 0.8764871355511006), (8810, 0.8757313309372632), (2643, 0.846995874490861), (2519, 0.7980568088834786), (5168, 0.7771152258947382), (1240, 0.7691744656913283), (3543, 0.6827657301665007), (3464, 0.6536582276753894)]
django/django 7508 : [(2579, 0.9597939263403453), (2610, 0.9526992653078535), (6046, 0.9519398506802852), (5595, 0.9519185329573034), (5072, 0.9409781655331869), (5065, 0.9114299205598304), (5051, 0.8470245196357965), (4669, 0.8012746243561714), (4522, 0.7809397574913702), (6384, 0.7366700734839126)]
django/django 7499 : [(5601, 0.9999964630626813), (6323, 0.9903021637913126), (6326, 0.9572693802841071), (5255, 0.9349612953665811), (6029, 0.9303284418520539), (4986, 0.91383987043761), (6384, 0.8743959153273474), (7171, 0.8489009891667659), (6042, 0.7849976802977484), (8080, 0.7101975068596772)]
django/django 7489 : [(7044, 0.7777204011316876), (7328, 0.7346693744282269), (4097, 0.49200968570046894), (3201, 0.3808944544256518), (2345, 0.33509463110321025), (8819, 0.31144379658026927), (1773, 0.3093024141647101), (3755, 0.30697172213527935), (7254, 0.25940534085258576), (3425, 0.24253733850713233)]
django/django 7436 : [(932, 0.8190495223322265), (4522, 0.7407456408089766), (6943, 0.7150677870149915), (3709, 0.6651964400312206), (7662, 0.6368477018421473), (5072, 0.6137495542191175), (4637, 0.5943986422030101), (3684, 0.4304858952012893), (9904, 0.4238184438677782), (1732, 0.3969364192955743)]
django/django 7434 : [(10004, 0.7715199373868983), (3555, 0.704322540385535), (4046, 0.6372313031631357), (1400, 0.5914269631482769), (9861, 0.5509980295435124), (3605, 0.5063435657422499), (6660, 0.5051620291150709), (7954, 0.485898917271514), (8414, 0.3346569069453757), (3475, 0.29003815098324026)]
django/django 7364 : [(8160, 0.9825263466296393), (8661, 0.9661829128155737), (2940, 0.9438749522585699), (8050, 0.9400482772150149), (8125, 0.9305717888174772), (9950, 0.9291187748897317), (4074, 0.8613585159000707), (5698, 0.8538051898002231), (7615, 0.8342087844751416), (2916, 0.8255336060884799)]
django/django 7300 : [(7498, 0.9662368782027231), (6388, 0.960966623614276), (7039, 0.9571190178970177), (2958, 0.9104365935540072), (2243, 0.9018916311030412), (8608, 0.8937145652869006), (9321, 0.892596344534229), (2427, 0.8782471332051367), (2099, 0.8770120093616065), (1759, 0.8752085773931507)]
django/django 7246 : [(9667, 0.9945604198135959), (8996, 0.8874151518337909), (1760, 0.8316688571051861), (8681, 0.8180532765699553), (5597, 0.7423197293286296), (1972, 0.7200528574373015), (1114, 0.6853211518900274), (9548, 0.6188282985038123), (6384, 0.6138882758734927), (6249, 0.5974244431587089)]
django/django 7229 : [(6384, 0.8672001709124686), (9667, 0.8409273316211021), (600, 0.739316133129845), (8080, 0.7097840085715551), (3201, 0.709353066476364), (6371, 0.5601263041427276), (9839, 0.4879505849421433), (885, 0.48526933746805195), (8855, 0.4823137673939133), (915, 0.4218998313260176)]
django/django 7205 : [(6052, 0.7490485661432015), (5014, 0.6583540634785764), (4318, 0.6274455533019363), (6954, 0.5), (3896, 0.4404612008384106), (6944, 0.4291532848632835), (7770, 0.4272064049110395), (8492, 0.42503221756155407), (8080, 0.39750195566182), (7042, 0.3773224386695839)]
django/django 7181 : [(2964, 0.9933479543876191), (6992, 0.9907890103532525), (7360, 0.9688659519364515), (6572, 0.9565309044381698), (7651, 0.9513419707796739), (2040, 0.9509787077183534), (8178, 0.9504975412348698), (6890, 0.9482575283610198), (398, 0.9419886951119628), (8232, 0.933852100263527)]
django/django 7161 : [(6624, 0.9523007705493731), (1987, 0.9498985090168077), (1979, 0.9491859594409844), (8810, 0.9362023177067861), (6384, 0.9347089179592436), (3201, 0.9344438116426506), (4518, 0.926925629843427), (3729, 0.9249574143289534), (5010, 0.9151887104991944), (1019, 0.8936904961564243)]
django/django 7153 : [(2551, 0.9999987643201066), (2951, 0.9919636136619912), (6384, 0.9454253097736736), (6090, 0.9393021587940286), (6309, 0.929142501359423), (6376, 0.9150919914007262), (6788, 0.9143572106548666), (7265, 0.8812604783338536), (9510, 0.8768925546237867), (6903, 0.8376764549067083)]
django/django 7000 : [(8080, 0.9346148353133346), (2721, 0.8101895784339022), (9074, 0.7662953651104595), (6384, 0.7017448433559279), (6173, 0.6762659679369097), (6512, 0.5697667751774264), (600, 0.5158176284192124), (5217, 0.46436915484215846), (5144, 0.46279092168935837), (8476, 0.45439962483037205)]
django/django 6942 : [(6384, 0.9478052222837092), (9135, 0.9458264388602438), (8192, 0.9265847955299834), (8810, 0.8690121136604604), (3931, 0.8353597905187438), (8619, 0.8140583483340857), (7099, 0.8126452511284142), (6381, 0.7975949974649594), (3878, 0.7875524082008886), (8453, 0.7835330041402878)]
django/django 6870 : [(9383, 0.9014534187600062), (6384, 0.8723076975538001), (2575, 0.8452465256810661), (9361, 0.8060370679842453), (6300, 0.7774093873501602), (2378, 0.7375995859601355), (6857, 0.712205627290187), (8080, 0.7095444560352718), (3201, 0.709154534151023), (7615, 0.7014102395589145)]
django/django 6395 : [(6384, 0.9353726661720632), (8810, 0.9347427244374923), (9670, 0.9179625965951284), (4349, 0.9062701058327126), (5278, 0.9003027960172122), (6478, 0.8939286520349041), (9322, 0.8880115112021414), (4336, 0.8771878839682412), (8709, 0.8309189790212894), (6216, 0.7568645464021087)]
django/django 5866 : [(8305, 0.9555616340610794), (6384, 0.9507565897869253), (8810, 0.9351401711110541), (3201, 0.9344740324196699), (5213, 0.9171919893245404), (867, 0.8882211464730424), (4826, 0.8867408557338833), (7248, 0.860728920951554), (4470, 0.8606622959922489), (9538, 0.8521763771944129)]
