elastic/elasticsearch 32138 : [(5641, 0.9175090895329614), (9341, 0.8685352667834296), (30240, 0.49053651329811265), (28783, 0.4704955922579681), (9485, 0.4558920730446658), (30251, 0.4532380803679281), (10185, 0.4520277732486269), (10325, 0.45127331366491946), (25294, 0.4497906320020021), (20346, 0.44784537940481434)]
elastic/elasticsearch 32137 : [(30520, 0.38869051942633487), (9518, 0.14804655071112666), (18204, 0.11337485682377543), (32008, 0.10495993703241897), (31998, 0.10197391586515707), (31082, 0.08997015358080417), (30518, 0.08949330734761189), (25552, 0.072675379303636), (14899, 0.06645741578950472), (30263, 0.06438521331931496)]
elastic/elasticsearch 32135 : [(31501, 0.9932195240172744), (31334, 0.9484131420366134), (31376, 0.9264267939706116), (31373, 0.9076983454646455), (5641, 0.9007336094371061), (31829, 0.8775081541010473), (9341, 0.8482940753387065), (30240, 0.4776134522669328), (28783, 0.47131366717429823), (20346, 0.46006314977094975)]
elastic/elasticsearch 32134 : [(28077, 0.12722076610037977), (11718, 0.07926720313822196), (25838, 0.07260654287325388), (26825, 0.06905052839503369), (1040, 0.06086841958073159), (13024, 0.060054535615507276), (18180, 0.05948087281031379), (18352, 0.057636550055754125), (15967, 0.057080186245032916), (27825, 0.053683466771850326)]
elastic/elasticsearch 32132 : [(31644, 0.9197206136049311), (25205, 0.1311556771984256), (24885, 0.12665614096156397), (30533, 0.12025506206844014), (24643, 0.11752087420857978), (24690, 0.0990261219113236), (30302, 0.085845251808481), (27996, 0.08330599968662288), (26029, 0.07674114638179835), (28256, 0.07273640271731714)]
elastic/elasticsearch 32131 : [(12209, 0.3647859465206436), (30479, 0.3221642530867769), (20709, 0.2398699959740573), (12886, 0.23105394411474436), (9885, 0.23011053530149225), (20894, 0.22774046631352526), (20659, 0.22570237045450256), (8889, 0.22525919235185166), (13570, 0.22492209189286086), (9269, 0.22211120381287197)]
elastic/elasticsearch 32128 : [(21867, 0.671969557454489), (21890, 0.6422603616416986), (29684, 0.47704781598451845), (30289, 0.45773254944101677), (23342, 0.44595108556342905), (17277, 0.4250428727900033), (24748, 0.4241221247878993), (18176, 0.4220037605361602), (21751, 0.4155448568393558), (14371, 0.40781418169922745)]
elastic/elasticsearch 32121 : [(31442, 0.14606144927056125), (4641, 0.11723760542369656), (18560, 0.11199717290623801), (18930, 0.10713200506552775), (21856, 0.10402077875560431), (13158, 0.10135507034307165), (30436, 0.09793724196819593), (30980, 0.09562649421649562), (13645, 0.09343745902710876), (24698, 0.0931009439444245)]
elastic/elasticsearch 32116 : [(31201, 0.2510125950134271), (25938, 0.21890623222081756), (25937, 0.1868466081095556), (5880, 0.1433080334315887), (23297, 0.14069713752498306), (28773, 0.1332108985795225), (28751, 0.1332108985795225), (19923, 0.11936719766063533), (22572, 0.1179967203368805), (22603, 0.11068580701724647)]
elastic/elasticsearch 32115 : [(31434, 0.7046238234328547), (31123, 0.7013437764553659), (31510, 0.23760183128153303), (30824, 0.2367066459961495), (30916, 0.15824159813716626), (16800, 0.15447032276881434), (30794, 0.12506628997636424), (30221, 0.12205001790444463), (19715, 0.11145435427694357), (30499, 0.11085353116460292)]
elastic/elasticsearch 32114 : [(31315, 0.9703859289966907), (27281, 0.8006481282379444), (12660, 0.44493855841698904), (27628, 0.431252962824727), (22076, 0.4252190338815867), (28073, 0.4199795875092711), (21497, 0.36830860734267057), (24389, 0.35923927740977485), (24661, 0.35674139136109007), (30349, 0.34727253086112014)]
elastic/elasticsearch 32112 : [(25299, 0.7097143834345719), (20078, 0.6235427644249515), (21876, 0.39562214301473797), (17973, 0.3403339117756665), (21604, 0.26876239411294156), (18018, 0.24688332825373593), (17999, 0.24097812288697373), (24750, 0.22859366149093557), (31170, 0.22500178552180042), (20136, 0.21123804243323158)]
elastic/elasticsearch 32111 : [(30973, 0.34105200264919017), (31450, 0.23910999844765404), (31855, 0.19145274053893835), (32075, 0.17317051985489107), (31890, 0.13342492126414748), (31533, 0.12575704214571087), (31036, 0.08393971583019041), (30963, 0.07816229399152906), (2830, 0.06717010743660186), (15561, 0.06542938491871081)]
elastic/elasticsearch 32109 : [(19033, 0.909906626575189), (23513, 0.7373591632447198), (21178, 0.660126056621129), (19030, 0.5276879984815827), (19436, 0.5), (8930, 0.4740626773553665), (21391, 0.37940536487274024), (14718, 0.376218478362382), (12217, 0.3741986120844919), (14531, 0.36164961261120254)]
elastic/elasticsearch 32108 : [(31328, 0.2635483571729092), (22334, 0.199065440407735), (16265, 0.1985721209259858), (24147, 0.16647969009930172), (31769, 0.1601376671683247), (1716, 0.14416707618763072), (20000, 0.1383264424408146), (20233, 0.12308617910537933), (12061, 0.1214080704817657), (796, 0.12090652055719607)]
elastic/elasticsearch 32107 : [(31623, 0.6168708821579295), (5309, 0.3024624319721267), (2559, 0.2782612604408906), (14140, 0.26027994603462), (3841, 0.24303426741675102), (9690, 0.21064295258566387), (26169, 0.18830634529444687), (11964, 0.18149748818852762), (3811, 0.14394590501360252), (14587, 0.12596561740420506)]
elastic/elasticsearch 32103 : [(32026, 0.9561426499201023), (31975, 0.6821287439925932), (31905, 0.32741370932646896), (25224, 0.20933695087388576), (31619, 0.1306538360893775), (31403, 0.09573289395758754), (30277, 0.09168869360414265), (24423, 0.08621870735907704), (31642, 0.08496068378191536), (26965, 0.08301717967632631)]
elastic/elasticsearch 32101 : [(22577, 0.9520517769253197), (23489, 0.8695966379661069), (20116, 0.7200466869744205), (23517, 0.7049609501418248), (29347, 0.7033642883692055), (26624, 0.627350450338359), (28073, 0.60902056397184), (23478, 0.6036570797930639), (26099, 0.5963906019542746), (28751, 0.5845869808346517)]
elastic/elasticsearch 32098 : [(29405, 0.965885945563014), (18872, 0.9623219526560387), (20786, 0.9092840205197402), (18875, 0.8982502275444694), (26792, 0.8938871079907585), (12244, 0.8354090475162987), (23794, 0.8276641583892396), (18441, 0.6106254653081381), (12951, 0.3184554836765978), (11464, 0.3136527137108723)]
elastic/elasticsearch 32097 : [(10040, 0.8858902143973068), (23900, 0.7603671053035752), (27808, 0.7369339249264257), (27466, 0.7323135570317789), (22187, 0.7248741159981761), (21727, 0.7147428098994156), (31237, 0.7087861762375938), (29064, 0.6926466188654661), (28646, 0.6893388942199644), (27001, 0.6832266430800404)]
elastic/elasticsearch 32096 : [(30721, 0.962521899271955), (26003, 0.8771033507114193), (30111, 0.8292469662973504), (30816, 0.7586441845457776), (24815, 0.736144245485332), (24868, 0.7190459807926455), (12296, 0.651299549983505), (24854, 0.6398921938051124), (24818, 0.6246691256337991), (24851, 0.6211782712024906)]
elastic/elasticsearch 32095 : [(31256, 0.6534470000010312), (30590, 0.6393992904995464), (31281, 0.33951738137633747), (31214, 0.2679685191343939), (3113, 0.25479167721928186), (28802, 0.2401474439877738), (18424, 0.2260382100443873), (16235, 0.20715342474699), (4052, 0.18905759208857767), (2387, 0.18543613973008843)]
elastic/elasticsearch 32092 : [(27640, 0.11411961294534345), (29645, 0.11181212930071303), (11881, 0.10222692216242446), (31620, 0.0868324800640899), (17136, 0.06745351654686954), (31087, 0.06605857152896343), (23994, 0.06486979127353515), (27848, 0.06201759419090489), (28255, 0.06058196150024364), (31261, 0.054892268156417776)]
elastic/elasticsearch 32085 : [(30518, 0.46208847234506406), (16313, 0.27403370444981456), (32097, 0.19593537521501178), (31369, 0.17918296140995937), (10040, 0.17182167993934294), (16907, 0.17116642270190077), (30144, 0.16966838689992875), (20491, 0.16711431255013112), (31119, 0.14138642245100813), (30520, 0.13299233248867914)]
elastic/elasticsearch 32076 : [(14858, 0.9603197151606043), (17720, 0.9326121051984322), (18512, 0.9289088160567299), (28383, 0.9274251604968838), (20481, 0.8275542393923189), (17393, 0.6628441904859431), (18960, 0.638276429462836), (29285, 0.583054233330783), (28073, 0.5640770697621688), (16257, 0.5365860421809014)]
elastic/elasticsearch 32070 : [(24493, 0.94134221817538), (24147, 0.3437066520288181), (1716, 0.2779299435866718), (12128, 0.2656926785083267), (12061, 0.22906400870810545), (12252, 0.1848009428747172), (7737, 0.17658544117621472), (13276, 0.1655796711545177), (15154, 0.16130276057273168), (12095, 0.13658977125653524)]
elastic/elasticsearch 32068 : [(30721, 0.9336759028920633), (30816, 0.9328410096217251), (30920, 0.8979255965869337), (30111, 0.8571796308662208), (26003, 0.8344320368775565), (28077, 0.8118420345513009), (18918, 0.7654316976416313), (24873, 0.7498079462804671), (25120, 0.669602066804545), (25032, 0.5979335440468101)]
elastic/elasticsearch 32059 : [(22272, 0.6606337380848064), (24876, 0.4475361665219712), (21936, 0.19347642648533178), (21190, 0.17940676101811054), (16216, 0.13583896744175508), (15565, 0.11898937321341625), (4580, 0.11308542394817772), (19111, 0.10945145413642945), (5475, 0.10757360075327044), (27573, 0.10291846410334321)]
elastic/elasticsearch 32056 : [(31659, 0.975030175111238), (31767, 0.8205060780399445), (17916, 0.6174645439713393), (6581, 0.570123847439944), (10104, 0.5440098275970447), (4682, 0.5215642019741922), (8865, 0.5166294588460575), (5095, 0.5), (4472, 0.4868570468577033), (27395, 0.4851802790614599)]
elastic/elasticsearch 32052 : [(30973, 0.2641243165299341), (32075, 0.1665906199772652), (31890, 0.16186724978510234), (30963, 0.15693643631958204), (31450, 0.130160330330634), (31533, 0.130010049143849), (23475, 0.1262059699994126), (26163, 0.113299102732613), (31638, 0.11218490261917356), (31631, 0.11088820987172389)]
elastic/elasticsearch 32043 : [(21858, 0.9753358688784497), (20136, 0.9489521429083848), (20981, 0.9037846847250631), (18214, 0.7582459305570418), (15647, 0.702651688856128), (25318, 0.686541247726924), (19981, 0.6298196338567352), (18193, 0.6195407527676234), (26009, 0.5314480525419828), (27354, 0.47763768983675575)]
elastic/elasticsearch 32042 : [(30522, 0.937886844241734), (29542, 0.9363092971451609), (31409, 0.8598160074580218), (28181, 0.7951299698816023), (30226, 0.5533699168613304), (28004, 0.5480969918117324), (31945, 0.5383952366614019), (31969, 0.49340155263898466), (22012, 0.47335443810863975), (28073, 0.4476272286302321)]
elastic/elasticsearch 32028 : [(23544, 0.5), (18955, 0.42102972076637424), (27382, 0.39509810078796254), (27669, 0.2702817274442203), (14952, 0.23127315209082297), (24354, 0.22506889539362707), (22950, 0.21678252308412757), (14378, 0.2154467364033361), (11120, 0.19213385953859288), (17943, 0.18341787871823909)]
elastic/elasticsearch 32026 : [(32103, 0.9561426499201023), (31161, 0.9466000389153827), (31323, 0.9336712110115852), (30793, 0.9017004258074601), (30400, 0.8930365489267632), (30501, 0.8887284722389639), (31905, 0.8604106513943719), (30889, 0.8512914603299268), (31423, 0.844544345394443), (31703, 0.7991509553458331)]
elastic/elasticsearch 32022 : [(22911, 0.9772160137051146), (14779, 0.934434343264076), (17629, 0.9203369801950285), (26330, 0.908009416397961), (23547, 0.9032732809355584), (14035, 0.8867714241190467), (23553, 0.8567451746883638), (17645, 0.8503064589482363), (29548, 0.8450155260153593), (28300, 0.8026424962609909)]
elastic/elasticsearch 32020 : [(29412, 0.8158438948276959), (29402, 0.6965874108877872), (28205, 0.3613245398680788), (29401, 0.3319243582697173), (30176, 0.2218651789840904), (4993, 0.22020505112954114), (17480, 0.20945101297354754), (21078, 0.1864048828963371), (20530, 0.11945369551922017), (7480, 0.11631483428642415)]
elastic/elasticsearch 32016 : [(29038, 0.8793971980878837), (29670, 0.6661928718294047), (29100, 0.4807231698175018), (21669, 0.26270008348875035), (31120, 0.18149282014082987), (29671, 0.1785667992998699), (31145, 0.1683907112273576), (11852, 0.1615628867173929), (5203, 0.1445334605022441), (23794, 0.12475562032354699)]
elastic/elasticsearch 32015 : [(29312, 0.7658626473321049), (30975, 0.29621311519723037), (31903, 0.29621311519723037), (31223, 0.2953441503866073), (30389, 0.2623622530067618), (30440, 0.2550749185029124), (14588, 0.22926278309917295), (14754, 0.2078899250130734), (17629, 0.20160599530586368), (13797, 0.19012769038018854)]
elastic/elasticsearch 32014 : [(26965, 0.9472977889884601), (26297, 0.9465244364113345), (25928, 0.9465244364113345), (19207, 0.9193931102547072), (31654, 0.876579110249447), (20403, 0.8683382268626288), (21194, 0.7776849467614244), (23400, 0.7746352783369801), (25039, 0.7697054739869893), (14755, 0.6972968934807865)]
elastic/elasticsearch 32013 : [(31109, 0.5487156594977696), (31339, 0.26001760477813785), (30704, 0.21677595525201987), (31189, 0.18008059962241033), (31142, 0.12321357777070784), (31404, 0.11317970390656816), (4230, 0.1116731636724691), (30615, 0.10762871640547855), (30751, 0.10270694444536228), (24495, 0.10059348455676874)]
elastic/elasticsearch 32004 : [(29045, 0.9418606757571101), (7704, 0.5429835824101916), (31424, 0.5155803892811195), (27255, 0.4588515970865934), (17254, 0.382575616722212), (5564, 0.3402097848985503), (24678, 0.28538400913784756), (25106, 0.2371482078494194), (27026, 0.22901758391765886), (27467, 0.2260727900920047)]
elastic/elasticsearch 31993 : [(17367, 0.8513429737438548), (18855, 0.7377496097149518), (15958, 0.6616923148694823), (25377, 0.5384857428929737), (10666, 0.49289137684382744), (32064, 0.466931954487229), (26446, 0.38940480403320993), (24347, 0.34951251580768045), (24346, 0.29631160479248386), (29402, 0.29182278272462275)]
elastic/elasticsearch 31989 : [(16330, 0.8156230662796067), (18023, 0.7897642624776136), (18027, 0.7890411240105211), (18024, 0.7717412581782968), (18733, 0.7489272520022962), (31654, 0.7413134442191011), (23091, 0.4607346954984403), (23089, 0.45877602591057653), (14668, 0.4572206481669545), (16279, 0.44990120152160273)]
elastic/elasticsearch 31969 : [(28049, 0.8688196396734864), (30522, 0.8123629624636778), (30244, 0.7795786575172939), (28534, 0.7365549872638402), (24858, 0.6013758380504567), (30226, 0.5913405325443973), (29264, 0.5770437888856588), (31409, 0.5411835126562751), (32042, 0.49340155263898466), (29246, 0.4842491265387147)]
elastic/elasticsearch 31958 : [(25784, 0.7684542805062098), (26042, 0.7481728781072825), (25715, 0.7116583989186599), (24716, 0.6472114254050176), (24223, 0.5864663089155098), (17919, 0.5863794633533741), (6693, 0.5475907894887986), (25580, 0.5438038779870351), (25214, 0.5118979525360134), (25384, 0.4821385681337473)]
elastic/elasticsearch 31952 : [(28231, 0.9537240137568566), (29538, 0.9459114859953768), (30703, 0.9124734835343676), (30942, 0.9084161127135463), (31412, 0.9027222694036298), (30787, 0.8259802826558775), (28294, 0.7347365139647446), (31520, 0.720369712844787), (30180, 0.6443240259572743), (30195, 0.5697266585274633)]
elastic/elasticsearch 31950 : [(25213, 0.9429792031553841), (27369, 0.9355418682485713), (25414, 0.921250492653035), (25483, 0.8755444206784174), (25544, 0.6721301762323817), (31844, 0.6546966471508908), (26593, 0.554480703149593), (26616, 0.44330628233285596), (28126, 0.3513712667151669), (6291, 0.25553757747326583)]
elastic/elasticsearch 31945 : [(28676, 0.9523159208930315), (31213, 0.9517234898469795), (30120, 0.9448534740461311), (30176, 0.93832806002458), (29264, 0.9376870894274655), (28049, 0.9278308099917418), (30244, 0.9050363103983162), (28245, 0.8229567485499552), (31220, 0.7547296071008212), (4993, 0.6422582362053796)]
elastic/elasticsearch 31943 : [(29209, 0.6729767707594643), (30126, 0.43678331938648224), (21178, 0.39106749569609917), (19640, 0.36194578641765074), (19033, 0.25819681133306377), (25494, 0.25711093913804434), (15254, 0.24305586539311244), (14718, 0.23718472928981132), (3549, 0.22599614021980013), (14904, 0.21556227864504982)]
elastic/elasticsearch 31931 : [(31878, 0.9744727771640584), (30822, 0.20158164033553325), (30669, 0.18324938655505776), (31146, 0.1760061336382963), (23612, 0.17373655861544537), (28256, 0.1511099299269166), (29350, 0.14185335948028183), (30797, 0.14158388626814442), (28396, 0.13289946252008822), (15501, 0.11570681295321307)]
elastic/elasticsearch 31918 : [(29296, 0.9640210409121595), (24609, 0.9018956011199034), (18703, 0.5498859010048861), (31919, 0.5), (18009, 0.4616158825875045), (19561, 0.4610063712722104), (22842, 0.4104016809367135), (26965, 0.4010054032092702), (15336, 0.3995774682131442), (23907, 0.3744963082365734)]
elastic/elasticsearch 31917 : [(29252, 0.7736708451603297), (27906, 0.1864529759645457), (28440, 0.1856726701761674), (29533, 0.18238818294678788), (27618, 0.16673914784982458), (22456, 0.1539192903695874), (3248, 0.1440839317289769), (20790, 0.13415858453902701), (16193, 0.11140289031580301), (28930, 0.10989992888080494)]
elastic/elasticsearch 31914 : [(13293, 0.10066318451044887), (16811, 0.09916043603501669), (21923, 0.0965365515967631), (26807, 0.09104037631271639), (26171, 0.08959987198271052), (6454, 0.0872142620784107), (25217, 0.08636849262458515), (12610, 0.08489372050707528), (29219, 0.08484206673712616), (28058, 0.08484206673712616)]
elastic/elasticsearch 31912 : [(11957, 0.4307870248287234), (29534, 0.4250915227550868), (6070, 0.4206823405726728), (31178, 0.3596400552835115), (19206, 0.33867198702736856), (24870, 0.28605327575175366), (15336, 0.2463221176779325), (16300, 0.23980738873515708), (20151, 0.23908523777859758), (27939, 0.2098980121670459)]
elastic/elasticsearch 31910 : [(31213, 0.8780672950310028), (29264, 0.8636174365183312), (31220, 0.7140452274905889), (30244, 0.7025607354879808), (30120, 0.5797479303521762), (28245, 0.5), (27868, 0.2821307414341963), (29156, 0.27754687222059743), (31106, 0.24918433883736296), (28676, 0.2125046699163203)]
elastic/elasticsearch 31903 : [(31441, 0.94187794187773), (28485, 0.652054870131698), (29581, 0.3916424609916759), (32015, 0.29621311519723037), (30389, 0.29484245575078394), (24494, 0.2528833636860256), (30690, 0.2461389857654597), (30427, 0.21832313017341326), (30396, 0.20891698408120862), (29312, 0.1897363029493703)]
elastic/elasticsearch 31901 : [(16777, 0.9727888333377976), (31711, 0.7616832296213372), (20794, 0.7044708397395024), (28139, 0.5317530901966305), (17527, 0.40874256678011794), (18424, 0.404287062283093), (12262, 0.3717843916176105), (27766, 0.35356051285057616), (29597, 0.34534689341321606), (23754, 0.3445954438701395)]
elastic/elasticsearch 31890 : [(31533, 0.9025377198730511), (19043, 0.4453913086589488), (30491, 0.309730494307222), (31402, 0.2713430422450452), (11453, 0.2550692182727181), (21542, 0.24931849391309613), (26119, 0.23258094176335162), (31450, 0.17840098665904805), (32052, 0.16186724978510234), (18509, 0.1372729988949983)]
elastic/elasticsearch 31886 : [(25250, 0.9351371643874121), (31727, 0.893028776965729), (31788, 0.8899375273503), (25251, 0.885824174247431), (31424, 0.8857031936029736), (22828, 0.848178619705645), (24639, 0.8481221973275268), (21847, 0.83882025523957), (31519, 0.8196779526291404), (25320, 0.8100519219002582)]
elastic/elasticsearch 31876 : [(10013, 0.303475900085681), (10789, 0.14133893739169484), (18042, 0.13207709372899165), (21895, 0.12338572573646012), (27792, 0.1122970268067885), (19230, 0.11037905257455773), (16345, 0.10973244162069529), (12584, 0.10879590792311192), (1088, 0.10637101665596196), (27714, 0.10602783394586777)]
elastic/elasticsearch 31868 : [(28892, 0.9770594040090237), (31703, 0.9754270845612253), (30889, 0.9744950593959427), (27734, 0.9743233115140206), (31706, 0.9721125353504267), (31423, 0.9701431117930828), (31577, 0.9689340032726846), (27337, 0.9689340032726846), (29327, 0.9679698158907334), (27574, 0.9663302532736789)]
elastic/elasticsearch 31864 : [(21042, 0.921683362539363), (29296, 0.8671095417013958), (11197, 0.6486640991863261), (26033, 0.6458041874877856), (28073, 0.5089479258773885), (11622, 0.49471102393892097), (24609, 0.4520556476046908), (12911, 0.42579746506167715), (22079, 0.4255887877321351), (15110, 0.424958259191469)]
elastic/elasticsearch 31861 : [(29487, 0.7502553013844216), (28028, 0.5076788811537792), (23441, 0.4493112608095226), (27856, 0.38141400467381137), (9843, 0.33833319631846465), (2788, 0.23790958045004393), (21256, 0.2259940958268367), (16304, 0.2074991353643944), (21519, 0.1953292222348141), (21051, 0.17310191556351304)]
elastic/elasticsearch 31846 : [(30244, 0.18544351970590736), (31106, 0.1662735082010763), (30121, 0.130099090882076), (26574, 0.09914484593080584), (26598, 0.096072005767025), (29252, 0.08582665801704044), (31220, 0.08557266587953795), (17396, 0.08390282983456547), (17400, 0.0834108007328726), (11745, 0.0811734991180492)]
elastic/elasticsearch 31821 : [(23359, 0.5889662029784937), (24973, 0.5313094998362483), (23024, 0.3742269128081495), (10819, 0.3100945438928819), (14222, 0.1659058099007834), (22915, 0.11785623887758158), (16415, 0.11214755225298377), (31042, 0.11063153980996435), (16916, 0.10987978316460639), (16154, 0.10419701529252201)]
elastic/elasticsearch 31806 : [(29276, 0.5), (29260, 0.388527982867938), (29264, 0.2529930766747532), (30244, 0.2356280275415333), (28676, 0.22752705938340134), (30120, 0.21235540560526217), (31106, 0.14947361781953525), (30121, 0.14403125740526024), (16114, 0.13152150970484655), (31220, 0.12418050036895115)]
elastic/elasticsearch 31781 : [(26735, 0.8382048127023615), (25654, 0.6374592088062346), (24612, 0.5818965002093394), (27001, 0.573445920278673), (21995, 0.5516380055622659), (28664, 0.4588104101217742), (19703, 0.44538592263034416), (20583, 0.3854565216351072), (22345, 0.37758367358603645), (25732, 0.3649496130068299)]
elastic/elasticsearch 31776 : [(26395, 0.25598088951674136), (26377, 0.2056609089417987), (29507, 0.19809075001471602), (23827, 0.19526214754033958), (27498, 0.19159776164059028), (26401, 0.15174115736204832), (17248, 0.13402378454957592), (25138, 0.12199940588540734), (12983, 0.11772429186702088), (4024, 0.11599391828386786)]
elastic/elasticsearch 31756 : [(31565, 0.5337719166663442), (30913, 0.3084418870313172), (11436, 0.12523911013750127), (24363, 0.10540172962605686), (13901, 0.07378507212637721), (24293, 0.07072708158631485), (29468, 0.07067448429949864), (13900, 0.06843412523571903), (17983, 0.06834882927569899), (25375, 0.061124277674492)]
elastic/elasticsearch 31743 : [(28392, 0.9044911129100219), (16647, 0.8758551170662792), (21876, 0.7394945173821512), (22295, 0.6947059212910113), (19935, 0.6765303916092806), (26640, 0.6733650036853438), (29343, 0.647031082653946), (25299, 0.6439546449663062), (31239, 0.6408143570092297), (22270, 0.6365490650670089)]
elastic/elasticsearch 31713 : [(27567, 0.8226004892879304), (31469, 0.7006349482807487), (26033, 0.6395194089536023), (19934, 0.5429465983786983), (31746, 0.5328519229791081), (20415, 0.5278588259780754), (23891, 0.4804060666694175), (28242, 0.4804060666694175), (20221, 0.4745030464169048), (30414, 0.43626281764602376)]
elastic/elasticsearch 31700 : [(8888, 0.893411013353737), (27155, 0.7740348673177656), (30346, 0.7187106271811696), (5890, 0.6262454459280706), (26838, 0.5891486216598814), (27746, 0.5077469275808066), (26188, 0.4597054675379406), (25060, 0.4590825673675371), (28902, 0.447379872969175), (27172, 0.4470085804594309)]
elastic/elasticsearch 31685 : [(31152, 0.2376485162682899), (20575, 0.22348967353153676), (30596, 0.21885485083653206), (13933, 0.19815716795143995), (24220, 0.168142294004879), (31746, 0.15832823940701496), (16443, 0.12461947807138285), (14226, 0.10865693205915761), (16359, 0.10799148458484557), (15228, 0.1061502082134704)]
elastic/elasticsearch 31669 : [(27958, 0.9761353624208083), (28963, 0.9536606138806923), (20455, 0.9045902269939103), (31841, 0.8500995164383751), (27897, 0.8156184510600765), (16216, 0.8038640802742781), (31893, 0.7684324822165663), (31809, 0.7684324822165663), (18783, 0.7620768541159645), (15868, 0.752054692829156)]
elastic/elasticsearch 31655 : [(19760, 0.15769919278874558), (22619, 0.1409647286483117), (31671, 0.10500788574800944), (23316, 0.09577793293486639), (28721, 0.09515620892821987), (8199, 0.08381804083882134), (17715, 0.08216170119218338), (17671, 0.08193626193582405), (3915, 0.08184189179543425), (7061, 0.08170950766938612)]
elastic/elasticsearch 31638 : [(30177, 0.8738871443508206), (31972, 0.7977023018483338), (16148, 0.6671288889854338), (25602, 0.5454491800399183), (22879, 0.5252669174062481), (21575, 0.45725791811106126), (13886, 0.39522791966294935), (26924, 0.38568667271435214), (17240, 0.3402979694512553), (19159, 0.22991467151722036)]
elastic/elasticsearch 31618 : [(9923, 0.3331962015379748), (29672, 0.12022614003551164), (15700, 0.11715394712117917), (26229, 0.10614886409864947), (31974, 0.10567391742033673), (29055, 0.10089406771451054), (30436, 0.09865532778880383), (31185, 0.0955439700792469), (23619, 0.09411102253913582), (29537, 0.09294180437656821)]
elastic/elasticsearch 31597 : [(31468, 0.685916258488957), (31357, 0.39394863325883334), (31748, 0.37071411991778874), (7969, 0.17418123200073313), (29516, 0.1514346746973598), (31298, 0.15124305328419446), (15718, 0.14716537662357007), (16655, 0.13332713371891344), (7750, 0.130335663916016), (16776, 0.12686380005089448)]
elastic/elasticsearch 31588 : [(28705, 0.93649042647026), (21339, 0.936286889163846), (21194, 0.9196878453759497), (22625, 0.8554038000526871), (20235, 0.7809730885440345), (21477, 0.7642792173828262), (20429, 0.6564624605114979), (27298, 0.5945103978050035), (20475, 0.5724140366550189), (22624, 0.5294325662672239)]
elastic/elasticsearch 31565 : [(28936, 0.9457370972815569), (28871, 0.6238647123243923), (28171, 0.6096811276545111), (31756, 0.5337719166663442), (28586, 0.46592986148671306), (28636, 0.33657363583084837), (31060, 0.2829945454371646), (30365, 0.19142140766781865), (28129, 0.19064851522827264), (30913, 0.1826652077491246)]
elastic/elasticsearch 31564 : [(29658, 0.7392075555266788), (31671, 0.515126441818516), (29522, 0.23163699189682344), (29523, 0.07907844760787029), (31766, 0.0766616094564889), (31302, 0.07023627342080052), (14396, 0.06455629190928266), (20971, 0.06189754475618702), (28248, 0.06125582648556242), (7212, 0.06054712188396325)]
elastic/elasticsearch 31557 : [(22337, 0.9874741281633311), (24517, 0.977844083789432), (10536, 0.8374311469282878), (10307, 0.8231524911620612), (21848, 0.7932181555584759), (17260, 0.7915682222042563), (29115, 0.7826874793496931), (21993, 0.7824741694456583), (4472, 0.7814168323645619), (23497, 0.7809374506195504)]
elastic/elasticsearch 31522 : [(30980, 0.2684861721379641), (29142, 0.23655599846570116), (21749, 0.17522092980096013), (10367, 0.1654691845667415), (17041, 0.14957351015350911), (17009, 0.1444456851824143), (16442, 0.12425630854277882), (15139, 0.1099832499762308), (9245, 0.1075646199656982), (20487, 0.09943077253687858)]
elastic/elasticsearch 31520 : [(31952, 0.720369712844787), (28231, 0.3486835704929983), (31841, 0.18865366584549503), (30180, 0.18724532903182495), (31351, 0.16339162950055164), (9521, 0.15626748493066944), (14316, 0.12887364554142572), (9057, 0.12811969276433008), (21267, 0.12722344952381717), (23038, 0.11222145895502522)]
elastic/elasticsearch 31469 : [(26033, 0.9654399585016443), (31713, 0.7006349482807487), (15205, 0.4189925429220983), (31420, 0.40692484839499843), (26005, 0.3888952968306421), (27858, 0.3834194764582575), (28629, 0.3649996601237336), (28575, 0.3456188977340672), (31359, 0.33351589565190976), (24478, 0.33351589565190976)]
elastic/elasticsearch 31468 : [(31597, 0.685916258488957), (19937, 0.6107269998718112), (20818, 0.5928695686290352), (12068, 0.5216269704056044), (6708, 0.5213910956938418), (30111, 0.5201810134822794), (29201, 0.4873068803852199), (31748, 0.3779632341469565), (17759, 0.34472587141908584), (19899, 0.28069766039869015)]
elastic/elasticsearch 31450 : [(31619, 0.8475057747462321), (31251, 0.8222260304396096), (30491, 0.4781086071904711), (30973, 0.3469537062674279), (31855, 0.3189838106231934), (7925, 0.2891993279827833), (31977, 0.27772968271999576), (31299, 0.26460916155457564), (31533, 0.2563766958613724), (13897, 0.2519567263834519)]
elastic/elasticsearch 31447 : [(31251, 0.7522189238629899), (31619, 0.584037100745498), (22503, 0.3316267205310168), (22643, 0.1925440233764362), (25279, 0.18697985834654554), (28496, 0.17978600001823164), (31109, 0.17454595480830565), (25853, 0.17339811494020035), (23327, 0.1554014695696368), (23117, 0.1497584152541562)]
elastic/elasticsearch 31441 : [(30975, 0.9419607717450428), (31903, 0.94187794187773), (29611, 0.7274131211096397), (30257, 0.548750511251037), (30721, 0.5290159069200204), (28485, 0.5126098304615455), (30920, 0.4870245266736739), (32068, 0.4652895069976692), (32096, 0.3318459090679288), (15603, 0.3107017824146018)]
elastic/elasticsearch 31420 : [(13656, 0.7121850812942025), (26033, 0.4257280667865199), (15205, 0.41602149432516466), (31469, 0.40692484839499843), (28629, 0.34588551640828524), (30513, 0.3430710593873021), (31359, 0.33351589565190976), (26005, 0.33351589565190976), (24478, 0.33351589565190976), (27858, 0.33351589565190976)]
elastic/elasticsearch 31406 : [(31251, 0.8572007575648628), (31619, 0.5255366377064018), (7925, 0.42829522188012453), (13897, 0.3490547161192425), (28497, 0.3475825115958867), (5047, 0.32256198412231724), (27840, 0.3221266881326899), (23930, 0.29252488861032033), (31713, 0.23903538416836842), (30468, 0.23020629269959553)]
elastic/elasticsearch 31378 : [(27808, 0.9999947855136269), (19882, 0.999993945963955), (9657, 0.997123506182437), (25649, 0.8796930203013484), (5751, 0.8693792586186373), (21253, 0.8677140865366816), (21252, 0.8677140865366816), (17970, 0.8677140865366816), (17924, 0.8677140865366816), (8525, 0.8677140865366816)]
elastic/elasticsearch 31363 : [(15094, 0.4531153339381298), (17434, 0.21908501589345858), (25990, 0.15348645834291724), (17863, 0.12941432065971267), (17858, 0.1292223001765162), (17466, 0.12792142502787382), (26209, 0.12347141529391682), (7457, 0.12267338993146913), (31437, 0.12241230278238537), (20966, 0.1076263341897973)]
elastic/elasticsearch 31342 : [(29077, 0.21890868580192357), (29305, 0.21171274019631497), (27524, 0.20779045477145355), (23633, 0.1808747621362093), (4338, 0.14985696018075556), (21899, 0.1456042581622953), (31121, 0.1421382198456801), (28469, 0.13756637538689748), (20639, 0.1361013556565699), (9261, 0.12930781450598616)]
elastic/elasticsearch 31323 : [(27337, 0.9958515305434842), (27574, 0.9946626996378741), (28633, 0.994388066141756), (30889, 0.991396788844354), (28892, 0.9892631320170494), (30400, 0.9890431201176816), (29664, 0.9888527304719626), (30793, 0.9881124099480344), (30501, 0.9867412558380517), (27734, 0.9866793033947698)]
elastic/elasticsearch 31316 : [(19101, 0.7790971610391211), (20461, 0.5707991656473179), (17039, 0.5688229928422814), (22104, 0.19321240587336175), (20617, 0.15991740664828916), (9795, 0.12211033158573716), (24204, 0.11968369004451182), (14004, 0.10267952561259824), (7722, 0.10078019375410047), (7173, 0.10055869607709883)]
elastic/elasticsearch 31295 : [(22370, 0.9999999844072531), (29518, 0.9999997954495403), (7749, 0.9999996522220548), (28249, 0.9999995624451574), (21157, 0.9999995475082453), (21156, 0.9999995475082453), (21154, 0.9999995475082453), (21153, 0.9999995475082453), (21152, 0.9999995475082453), (27420, 0.9999995199804741)]
elastic/elasticsearch 31281 : [(30590, 0.957968145990761), (3113, 0.5102769262616534), (25751, 0.4210218171401223), (4052, 0.3853593890728646), (28802, 0.37347184678290346), (11364, 0.36475370026501147), (2387, 0.3595245221806714), (18424, 0.35165815635658315), (32095, 0.33951738137633747), (11317, 0.33854658659965364)]
elastic/elasticsearch 31140 : [(30244, 0.6489687152171888), (30514, 0.5724197330051147), (4027, 0.5513110701907848), (31047, 0.2815910785152453), (31857, 0.22957624945149432), (31755, 0.22774650692766132), (9575, 0.2163271972772147), (27467, 0.215826715486468), (28248, 0.2143328173779448), (17038, 0.19997172691536336)]
elastic/elasticsearch 31118 : [(31619, 0.8173427019323388), (31251, 0.7289181761804843), (7925, 0.18567194122480235), (13897, 0.15233496226583576), (27840, 0.15171803536248435), (28497, 0.1514832474118105), (5047, 0.1436619071704215), (30468, 0.12049251680241278), (31765, 0.11515087945526303), (17240, 0.10220961011535708)]
elastic/elasticsearch 31070 : [(10354, 0.3910845800566928), (17458, 0.2245930982137744), (31606, 0.20464767878142326), (31458, 0.19145406929227146), (13941, 0.14948641612242633), (6388, 0.14005273106801602), (19440, 0.13352601197073014), (29569, 0.13099565538910518), (23894, 0.12875115919108251), (23276, 0.12863359451242534)]
elastic/elasticsearch 31047 : [(15363, 0.5366281429805403), (29314, 0.5267960041613609), (31140, 0.2815910785152453), (18526, 0.16598958159851465), (30244, 0.14254473417877483), (24759, 0.12181766712563329), (12454, 0.09118356509271071), (24745, 0.09054904285549133), (17358, 0.08215286913496256), (10786, 0.08214290343258103)]
elastic/elasticsearch 31043 : [(31120, 0.24284795796311937), (31145, 0.19796610576581025), (21068, 0.19099641688840147), (12211, 0.18529925124418897), (7481, 0.17137154792226877), (25164, 0.16593696142901843), (16962, 0.16568869338805198), (30272, 0.16433613215563184), (25201, 0.152944299569368), (24423, 0.14511149413376787)]
elastic/elasticsearch 31037 : [(15781, 0.9065553519735321), (15998, 0.23829180605924385), (23000, 0.22973030680542364), (4472, 0.18774530986041166), (14881, 0.16723935462046555), (7137, 0.16206600105900726), (14687, 0.16058338411494505), (22032, 0.14897663863870578), (26983, 0.14423007203510158), (7750, 0.14241036255142803)]
elastic/elasticsearch 30920 : [(32068, 0.8979255965869337), (30111, 0.7878221157508901), (32096, 0.5416007364747083), (26003, 0.488439240956588), (31441, 0.4870245266736739), (30257, 0.473233495393059), (24916, 0.40750195951047696), (16197, 0.3717481509795359), (19280, 0.3072311898991036), (25235, 0.2893197668684597)]
elastic/elasticsearch 30831 : [(26574, 0.7659649840760759), (31995, 0.6534696194068348), (26598, 0.47796812871079813), (22936, 0.38146249538882626), (31557, 0.34845552503427846), (31007, 0.3396843903586557), (31206, 0.3221695804689746), (18992, 0.31387862748845785), (31563, 0.30724012148210067), (27455, 0.22999070945464678)]
elastic/elasticsearch 30819 : [(28034, 0.8828176126939752), (28033, 0.8828176126939752), (28032, 0.8828176126939752), (28031, 0.8828176126939752), (16121, 0.8818520309194099), (16211, 0.8696180908154679), (22088, 0.5803429196049981), (6153, 0.541295426753257), (28030, 0.43138726189662735), (22186, 0.3366594895365945)]
elastic/elasticsearch 30723 : [(19594, 0.9867677491080941), (28517, 0.9569344973779333), (23907, 0.9568703919404081), (25620, 0.9538689995409487), (27361, 0.931247974344728), (17784, 0.9291980363067313), (22853, 0.9271244150215567), (24144, 0.9245082274781053), (23952, 0.9200199403816125), (22848, 0.9139742078512851)]
elastic/elasticsearch 30692 : [(30331, 0.2902110868947172), (31926, 0.2796926384381225), (31137, 0.24443324413187348), (30112, 0.20921172306568858), (30392, 0.18835297881350027), (30478, 0.18408506976153932), (31524, 0.18393723558302938), (30613, 0.16624365786963327), (31088, 0.12204521388634046), (7687, 0.10356904033706582)]
elastic/elasticsearch 30595 : [(28673, 0.6966520317709592), (30874, 0.3189716152889777), (30539, 0.14001635951299438), (21512, 0.12022802671356735), (21571, 0.11971689668094775), (24861, 0.11181333801460938), (21271, 0.10863854022278897), (17985, 0.09322659114531691), (19497, 0.09254189112264087), (15114, 0.09243750313182722)]
elastic/elasticsearch 30545 : [(2364, 0.3475842671102476), (31800, 0.11443174027332466), (22627, 0.09640470404529519), (29305, 0.09257606054579931), (31299, 0.08472495743602247), (2057, 0.07959273627775479), (30757, 0.07750159950324044), (16865, 0.06667606554482931), (26805, 0.0663240136621907), (5222, 0.06407764898856)]
elastic/elasticsearch 30513 : [(25620, 0.9859490438112457), (23276, 0.9225485912299796), (23278, 0.8780437725331012), (13656, 0.8562179721627469), (21741, 0.8358456980196042), (23952, 0.8205619370746123), (29656, 0.7958221563292251), (24034, 0.7932873345210852), (16461, 0.7900093388351284), (5291, 0.7862837435006482)]
elastic/elasticsearch 30511 : [(31190, 0.5591288418766913), (25015, 0.422846953659561), (22983, 0.40171896994752737), (20623, 0.28598589930171764), (25267, 0.2823802393202514), (28466, 0.2496538188566053), (31699, 0.23784532028061167), (24168, 0.23333527699023368), (24972, 0.21490333140107504), (24241, 0.207805675895544)]
elastic/elasticsearch 30468 : [(25180, 0.907199134546819), (31706, 0.8695866658322257), (31251, 0.7910313772778638), (20553, 0.6933990881197606), (10831, 0.4672294226499024), (17383, 0.4114778167777771), (17445, 0.3710294094016176), (22161, 0.3672856323162956), (31121, 0.3625647647404924), (19067, 0.35427200203777265)]
elastic/elasticsearch 30453 : [(30138, 0.8720347820335658), (30681, 0.8710511551525106), (30594, 0.7098286815388417), (30585, 0.5738179062889929), (30418, 0.553385162906317), (28485, 0.5151166999397548), (30975, 0.5), (30257, 0.5), (31903, 0.5), (29611, 0.5)]
elastic/elasticsearch 30446 : [(30225, 0.2780129838428323), (30221, 0.2342195589166707), (30223, 0.22863967867873844), (24307, 0.1871755911254694), (16647, 0.11956416175028406), (23186, 0.09492347977292133), (30548, 0.09333314162598719), (30215, 0.0908576796550115), (23112, 0.08644494448986188), (31483, 0.08109105791415457)]
elastic/elasticsearch 30364 : [(17994, 0.5781458738803057), (12931, 0.5), (21468, 0.4390737733365765), (21042, 0.43218514112786244), (19856, 0.42926024946658375), (25227, 0.4270408421807942), (15219, 0.4254161717319796), (2670, 0.42182042294563116), (28073, 0.41967382454644814), (9563, 0.39802338884639465)]
elastic/elasticsearch 30346 : [(27420, 0.9843736345370188), (8194, 0.9838287313145391), (8354, 0.9672443509641991), (5890, 0.9643627046328601), (8977, 0.9463405764812778), (26159, 0.9405264005231011), (28249, 0.9402791908194794), (17214, 0.9397045283133005), (31295, 0.9389511951173916), (25060, 0.9388178976220405)]
elastic/elasticsearch 30327 : [(24178, 0.5), (24177, 0.5), (28839, 0.3201193227043308), (13902, 0.3170077941332094), (27001, 0.3118043124630415), (22949, 0.30667681726733154), (19417, 0.30307217311433915), (25743, 0.29037973322380356), (27255, 0.2857387628239406), (31781, 0.2773886343665687)]
elastic/elasticsearch 30323 : [(26065, 0.9859556541418377), (28925, 0.926270505788008), (21474, 0.8738549663968658), (26506, 0.7298555080150102), (13712, 0.5316873807927665), (21956, 0.4016182496907322), (21961, 0.36894155822865404), (22458, 0.25520512794340466), (30414, 0.23229868072424217), (24150, 0.1570737001439043)]
elastic/elasticsearch 30320 : [(29273, 0.622760045306485), (27262, 0.6222002838235607), (30733, 0.5113842916717152), (30728, 0.5113842916717152), (27000, 0.4937715539047511), (7017, 0.2771771043538363), (31650, 0.2692877428963326), (29451, 0.2357105569210881), (29373, 0.2294735020338092), (31087, 0.18826992474873147)]
elastic/elasticsearch 30289 : [(28931, 0.4698082656376614), (30255, 0.4610467745845883), (20935, 0.4583579532380299), (32128, 0.45773254944101677), (28999, 0.37939950050174565), (30195, 0.3792834451347594), (24924, 0.3693510551175804), (28664, 0.33508789945806683), (27255, 0.3217821326716298), (21082, 0.3211906495344446)]
elastic/elasticsearch 30284 : [(16868, 0.4672241910734306), (29514, 0.3504663048747641), (17609, 0.2509408385790129), (28010, 0.21468176240423092), (19483, 0.21212981501118355), (30712, 0.19908856402959196), (20435, 0.1969953683948471), (31006, 0.19113188999634978), (17908, 0.1845683007474125), (24156, 0.183526162746036)]
elastic/elasticsearch 30241 : [(31434, 0.9543096369469855), (30526, 0.9412752721921119), (30442, 0.940365893976757), (30466, 0.9357381370966493), (31123, 0.9104368045120017), (30794, 0.9007918990858867), (30824, 0.8937744379003606), (31238, 0.7965783932330706), (31510, 0.7509620662352056), (30186, 0.6936727479818493)]
elastic/elasticsearch 30240 : [(31748, 0.9598362811150063), (29273, 0.8217698701195361), (15379, 0.7382036201489947), (30166, 0.5995776361282933), (12853, 0.5991768751841936), (27262, 0.5378157967483337), (30733, 0.5365511165304769), (30728, 0.5365511165304769), (20346, 0.5), (32138, 0.49053651329811265)]
elastic/elasticsearch 30233 : [(27706, 0.5), (26869, 0.3095087806277557), (29249, 0.2951598969183769), (23469, 0.2840638050522212), (29505, 0.23177037007348628), (28734, 0.2221081766236588), (19907, 0.20240740501700816), (24046, 0.19065382250404195), (28125, 0.18228524711496585), (23424, 0.1785660899788372)]
elastic/elasticsearch 30231 : [(31748, 0.8368269678203417), (29273, 0.6467973612661513), (14138, 0.5194293105024509), (27262, 0.5190821952951296), (30733, 0.5), (30728, 0.5), (27000, 0.4789596242693911), (8513, 0.24367818329298477), (19372, 0.21487698513832848), (25375, 0.16841821590210054)]
elastic/elasticsearch 30152 : [(28077, 0.47965000951128484), (22079, 0.4259640289933413), (19571, 0.30818810857993917), (15009, 0.2985556727320945), (26215, 0.2555077564188784), (24216, 0.23232425021641662), (5955, 0.2251954957785689), (17911, 0.21604072187381448), (23988, 0.21232943934437365), (24188, 0.1875693232537137)]
elastic/elasticsearch 30150 : [(8446, 0.9382673213638317), (8045, 0.9345015859012242), (31547, 0.8558423593056571), (12267, 0.7492986948134266), (29541, 0.7177935047934397), (17304, 0.6176315707118236), (19932, 0.568786163354322), (19721, 0.5130496052745664), (15983, 0.3868578542809169), (5568, 0.3838881124054318)]
elastic/elasticsearch 29611 : [(31441, 0.7274131211096397), (28485, 0.5657977640624576), (30690, 0.5221159577225084), (24533, 0.4595083224651462), (30111, 0.3757234184244492), (28648, 0.3396254585534995), (24943, 0.3235761390126593), (30389, 0.3115885855728212), (24634, 0.2688295952829168), (27397, 0.18628470065491123)]
elastic/elasticsearch 29588 : [(9084, 0.9572223487091127), (26159, 0.9562940018837166), (17505, 0.9117991717886249), (29656, 0.8420528415357139), (27466, 0.8331654983174017), (23900, 0.8220446223095563), (27808, 0.7985340107947513), (22187, 0.7899511750867597), (21727, 0.7824686450300969), (31237, 0.7716173786778094)]
elastic/elasticsearch 29583 : [(31034, 0.8090734707886832), (31156, 0.5500363551889589), (30772, 0.5290315569035468), (28760, 0.47845187395915345), (17082, 0.1357438843154633), (9363, 0.1349252227282006), (23686, 0.11447893464292115), (27518, 0.10844427097243604), (10295, 0.0980789181789871), (25959, 0.06708729179261402)]
elastic/elasticsearch 29581 : [(30690, 0.595120361243516), (31903, 0.3916424609916759), (10878, 0.3574262997478055), (30257, 0.3571940601950372), (3467, 0.3102626850365523), (6127, 0.2932491894403916), (5702, 0.26815127814368894), (30975, 0.20723046203108303), (9557, 0.19205299906730933), (25672, 0.19117019600206464)]
elastic/elasticsearch 29532 : [(28222, 0.9545636219135958), (29067, 0.9369840659691628), (28290, 0.8925519715053172), (30956, 0.8073595041267195), (31066, 0.4560500101176187), (28313, 0.4506044218835331), (28125, 0.38646869447988424), (27256, 0.32984333800901233), (30967, 0.2766769177590696), (31671, 0.25715724963221454)]
elastic/elasticsearch 29523 : [(24178, 0.455211225354494), (24177, 0.455211225354494), (26640, 0.42614448087661), (21082, 0.40719391992107246), (26869, 0.382777790322474), (27726, 0.3774351866414865), (27255, 0.3531294179610442), (23469, 0.35156872850097143), (20935, 0.3415498498829102), (27110, 0.3295339055807462)]
elastic/elasticsearch 29522 : [(6074, 0.5780700079216552), (20950, 0.5572217847321707), (24178, 0.39609504126738726), (24177, 0.39609504126738726), (18099, 0.38059112598724404), (23864, 0.307031346080839), (5503, 0.2829239811007149), (23637, 0.25962836081426627), (27255, 0.23774599810395927), (31564, 0.23163699189682344)]
elastic/elasticsearch 29518 : [(31295, 0.9999997954495403), (22370, 0.9999997913837113), (7749, 0.9999996522220548), (28249, 0.9999858097662991), (21157, 0.9999856752281259), (21156, 0.9999856752281259), (21154, 0.9999856752281259), (21153, 0.9999856752281259), (21152, 0.9999856752281259), (27420, 0.9999855610695668)]
elastic/elasticsearch 29492 : [(9628, 0.3934267876714799), (16256, 0.23367309325806815), (14780, 0.22865593536832723), (28663, 0.20566290743373666), (10820, 0.19960274370025846), (26470, 0.19895656486126), (27269, 0.19889280212997024), (20415, 0.19761183271914234), (23133, 0.1871799978898211), (27766, 0.1847587196010803)]
elastic/elasticsearch 29440 : [(15108, 0.9431921126808064), (28030, 0.4015413629858454), (15752, 0.361239123197066), (22578, 0.3229370133953949), (26697, 0.2975113748065208), (23566, 0.24120682945144648), (23647, 0.23728874976783626), (23565, 0.22269811033273995), (26501, 0.19038067379079124), (28565, 0.1782275463800712)]
elastic/elasticsearch 29252 : [(31917, 0.7736708451603297), (26574, 0.5304141619226198), (26598, 0.5282349519140959), (17396, 0.5204638237232531), (27906, 0.3902849377730214), (28440, 0.35293136158946087), (29469, 0.3400406965288834), (29505, 0.24720575612751794), (17400, 0.23750733050864964), (29351, 0.2006051336529194)]
elastic/elasticsearch 29226 : [(18330, 0.9999996522220548), (23769, 0.9999994371903652), (17360, 0.999996072542854), (28722, 0.9999942326954442), (27717, 0.997274559260538), (22904, 0.9955737715294185), (27980, 0.9884045030530203), (18380, 0.9866050258785686), (17725, 0.9855886323826075), (29688, 0.9833654481536518)]
elastic/elasticsearch 29216 : [(23327, 0.6576456294144598), (27535, 0.3582945633074492), (18827, 0.3105955257561214), (24948, 0.2858659815003075), (20276, 0.26258460323819616), (15486, 0.21307473871107477), (20181, 0.18936847960516792), (16236, 0.18086663825048505), (28259, 0.17912693441742913), (8747, 0.15195477064507604)]
elastic/elasticsearch 29215 : [(20814, 0.994103206532173), (19028, 0.4850672379286904), (13798, 0.2759757436130834), (26077, 0.2495847062125433), (30642, 0.2187934939584277), (30220, 0.2165650296732146), (11598, 0.19030322475465886), (8847, 0.1313191300987175), (1108, 0.11681272738859405), (5109, 0.10650863079525448)]
elastic/elasticsearch 29201 : [(31468, 0.4873068803852199), (17230, 0.48298968322037444), (18920, 0.30043919952959114), (2005, 0.2166138099546447), (25451, 0.1901634298585391), (22062, 0.14859586737200728), (18189, 0.13594849650625537), (24381, 0.13413719311879885), (6982, 0.11401526859266041), (21478, 0.10701350504528644)]
elastic/elasticsearch 29158 : [(31198, 0.9791636245928381), (31223, 0.6384023736648525), (31919, 0.47111464108236284), (31226, 0.41482451386878494), (30132, 0.21725388181526598), (5173, 0.20480770056094025), (4714, 0.12060000361020236), (26373, 0.11866967728822811), (29379, 0.09053523247638659), (30972, 0.08987363445122269)]
elastic/elasticsearch 29140 : [(30522, 0.573273252929687), (29156, 0.5561850351592239), (28434, 0.5163188709040974), (28013, 0.43298077275010627), (31528, 0.34529432108371105), (30817, 0.3306753762515307), (29246, 0.32306304994446533), (30851, 0.3037922355661302), (21813, 0.2768812359803485), (28271, 0.2601625643310408)]
elastic/elasticsearch 29114 : [(27110, 0.9907128829003957), (19915, 0.8813622378650744), (22231, 0.8500277131807525), (27958, 0.42290099691726846), (29006, 0.36132311517234633), (18783, 0.31216863528245176), (23386, 0.31145079961839256), (15181, 0.31023032216119023), (31669, 0.28466255253669753), (27897, 0.26048185616344177)]
elastic/elasticsearch 29108 : [(19874, 0.9643689875654597), (23153, 0.6780764487815077), (27713, 0.44576196909404436), (23173, 0.3650951098291489), (18842, 0.2342194554890877), (25389, 0.2110280011513029), (20893, 0.1764553916196307), (4358, 0.17476751769236168), (2239, 0.16947288391574203), (24316, 0.1554070679663352)]
elastic/elasticsearch 29092 : [(23327, 0.5156350116523581), (27705, 0.5129956912611411), (27529, 0.34701252474692434), (27934, 0.3399403534123946), (24948, 0.3315321147770667), (24767, 0.32890806069130907), (18827, 0.3009136406902891), (27535, 0.3008365387279444), (27429, 0.2661408796730509), (20276, 0.24395924063131497)]
elastic/elasticsearch 29085 : [(28876, 0.9279147226339718), (20152, 0.7852281701696223), (5023, 0.5204053570143942), (28193, 0.43441739724692435), (15765, 0.40433884455914576), (15726, 0.40433884455914576), (20685, 0.3872011258667145), (24607, 0.33351589565190976), (21390, 0.3327775955113259), (16860, 0.3282891506079437)]
elastic/elasticsearch 29078 : [(28537, 0.560426918105534), (31528, 0.47563306604047617), (30817, 0.33988235540916695), (21353, 0.3168478041649463), (9784, 0.2790587060828097), (29588, 0.24481003862145376), (20125, 0.23687083978254228), (22187, 0.23057698047651304), (21808, 0.22395509640221448), (21727, 0.21967682393771237)]
elastic/elasticsearch 29076 : [(5352, 0.8736225200597523), (5239, 0.8659042483944189), (6160, 0.23086937489969267), (9811, 0.11676817346792716), (18287, 0.11112064863944275), (8255, 0.10837765070710023), (5094, 0.10490741541240481), (4802, 0.1019231619849796), (8739, 0.0977548148248279), (10042, 0.0956762153543658)]
elastic/elasticsearch 29042 : [(8952, 0.43790754652994135), (5146, 0.3528678215029062), (9548, 0.3213759671634609), (24682, 0.2833019910898401), (6948, 0.23503403791791494), (5975, 0.22543544134584653), (18940, 0.22521838068354116), (7202, 0.22199116616718997), (5250, 0.21583820798032965), (15519, 0.21518836778979963)]
elastic/elasticsearch 29030 : [(25778, 0.479601089340738), (22752, 0.4656348970262834), (24561, 0.4250533176419598), (23614, 0.42102609787037887), (30708, 0.41861432821295347), (24634, 0.38083848631370654), (23026, 0.3185034472876636), (20394, 0.31821030746640383), (21165, 0.31206605551134975), (28279, 0.3096304690738835)]
elastic/elasticsearch 28978 : [(24533, 0.8531211047709787), (28575, 0.2975044650930955), (27688, 0.19064095144537227), (31250, 0.1867659373969525), (31729, 0.17708903381620936), (29633, 0.17164790259633947), (19859, 0.1469250078690412), (5070, 0.13373202603815873), (19283, 0.13067038108054155), (18355, 0.11273439591878746)]
elastic/elasticsearch 28936 : [(31565, 0.9457370972815569), (20100, 0.6707521424351293), (19864, 0.40026025262786585), (16055, 0.28371791239602767), (28171, 0.24063581461355174), (31060, 0.18752039042941898), (31072, 0.15395018889522277), (12940, 0.12681698557206017), (29406, 0.12679642579107545), (10516, 0.11703663664908945)]
elastic/elasticsearch 28925 : [(13602, 0.9812533010820799), (26065, 0.9754569323556264), (22819, 0.9473822100084857), (22743, 0.9468939104664649), (30323, 0.926270505788008), (21474, 0.8521216486353828), (26506, 0.7583622324711016), (18690, 0.7034330144246149), (18662, 0.6853582723019526), (17651, 0.6836767324489069)]
elastic/elasticsearch 28895 : [(28787, 0.6845310254610759), (31105, 0.6796958062745366), (28736, 0.6036514845771631), (27744, 0.5668498548451392), (5917, 0.3608330357453271), (5785, 0.3608330357453271), (31132, 0.3342274959375148), (29549, 0.28188862760821876), (28790, 0.2647226584295228), (30570, 0.2554691437051757)]
elastic/elasticsearch 28883 : [(27466, 0.9827091882481377), (21736, 0.893411013353737), (21848, 0.7799428646646107), (23497, 0.7698388841324583), (8202, 0.7611639805698102), (26680, 0.7603048727248994), (17260, 0.7578466307843583), (29115, 0.7570670194578558), (21993, 0.7558361038685506), (26613, 0.7500541542978146)]
elastic/elasticsearch 28862 : [(27744, 0.7243576465856914), (5917, 0.35052967274347346), (5785, 0.35052967274347346), (29461, 0.250197693191454), (9468, 0.22940190067330526), (16767, 0.2276414725618865), (29204, 0.20975492967743098), (26149, 0.1909369365731007), (13037, 0.15545019163576235), (31132, 0.13971324127233847)]
elastic/elasticsearch 28839 : [(6270, 0.9973758174425653), (6161, 0.9959168908940883), (16426, 0.9694357218909434), (15360, 0.9563736199382827), (15343, 0.760333197638441), (13602, 0.5315602100004375), (26222, 0.5), (21810, 0.4143715908900468), (12922, 0.3979091344645932), (7136, 0.3906140927065092)]
elastic/elasticsearch 28801 : [(27276, 0.20865680435979012), (10393, 0.1962968326622548), (18855, 0.18862407383588825), (18720, 0.18862407383588825), (18425, 0.18862407383588825), (18350, 0.18862407383588825), (22292, 0.15135403329268537), (27153, 0.14633987319138128), (25233, 0.14633987319138128), (25036, 0.14633987319138128)]
elastic/elasticsearch 28702 : [(28305, 0.9451851340796646), (21218, 0.7164439226897029), (5959, 0.5125823921046301), (9205, 0.48856045966343287), (4265, 0.4723886713293355), (6520, 0.45147211091205347), (27628, 0.447853893470009), (5589, 0.4478024348654967), (28073, 0.44752726143269783), (18895, 0.4474013897416562)]
elastic/elasticsearch 28629 : [(26033, 0.8117407225423819), (31359, 0.792372408956159), (26005, 0.7283236655670264), (15205, 0.7104104799502504), (24478, 0.5916181231068854), (27858, 0.5582777778387754), (22457, 0.4668590851065981), (31469, 0.3649996601237336), (31420, 0.34588551640828524), (26297, 0.3379072790179883)]
elastic/elasticsearch 28574 : [(31745, 0.7493321481264036), (10030, 0.7384422073236032), (26409, 0.5638689990279604), (7976, 0.5589673767534123), (7978, 0.5564190073971654), (10536, 0.5523934096869735), (25728, 0.5448463666413409), (2621, 0.5444783700593937), (25752, 0.5302460181305562), (10307, 0.4892534108725845)]
elastic/elasticsearch 28548 : [(25246, 0.9058197907507481), (18532, 0.8489049648053594), (31745, 0.7557841653322807), (30226, 0.7546544963505939), (27696, 0.7294016578770847), (18666, 0.7146292869747947), (6753, 0.5742704828008262), (10325, 0.5264471982721343), (30788, 0.46444654017669723), (21458, 0.45683219847892625)]
elastic/elasticsearch 28368 : [(10476, 0.7487725632039947), (19010, 0.6773548113080226), (28939, 0.6654473360955814), (31394, 0.5890736331532572), (8901, 0.5215605215226858), (10482, 0.5), (7953, 0.49250211972593605), (19770, 0.487798543185952), (7929, 0.4862567878893205), (9992, 0.4450095127704809)]
elastic/elasticsearch 28253 : [(17246, 0.8136866715927715), (26791, 0.3105245241547944), (26995, 0.256150100763122), (28888, 0.22509457537165944), (28338, 0.21726527752357577), (21269, 0.19917933595673337), (28760, 0.18223223778671338), (28952, 0.17520968913195825), (10855, 0.17291076092112795), (14245, 0.15768396501222925)]
elastic/elasticsearch 28242 : [(23891, 0.9999995774991427), (31621, 0.9227164167557045), (27808, 0.9135202280352643), (27488, 0.9111292640665689), (22838, 0.9071287668541406), (25212, 0.8852653182558395), (23900, 0.8206825426209142), (27466, 0.8070126238545124), (22187, 0.7895903277975967), (21727, 0.7814694779937871)]
elastic/elasticsearch 28231 : [(31952, 0.9537240137568566), (30703, 0.8966964889471826), (30942, 0.896456288888426), (31412, 0.8888168236736931), (30195, 0.8782288053472423), (29538, 0.3963622869010153), (31520, 0.3486835704929983), (28294, 0.32253777492434643), (29575, 0.22762773111534412), (9057, 0.18758543618543322)]
elastic/elasticsearch 28193 : [(15765, 0.9524986216143484), (16860, 0.9360872186357644), (16722, 0.8695256976097844), (13671, 0.8070215648026895), (22534, 0.7611413685964897), (28874, 0.751576095780697), (20235, 0.7108581353486015), (21390, 0.6396264985202844), (28876, 0.6089777858457125), (25080, 0.589657468731877)]
elastic/elasticsearch 28126 : [(27166, 0.38239849945918575), (31950, 0.3513712667151669), (25164, 0.3442312858205113), (23058, 0.33351589565190976), (21497, 0.2897718061316363), (6291, 0.23257078086446217), (30278, 0.15513811895516047), (29077, 0.14048595215430795), (28431, 0.12359326529495973), (29590, 0.11747084440387785)]
elastic/elasticsearch 28117 : [(20119, 0.8679672346072635), (28116, 0.82592328347255), (27467, 0.7211547309453451), (26119, 0.7058392606253523), (22972, 0.673121653198444), (25285, 0.573541002055888), (6253, 0.4187759240185748), (26965, 0.3975023439604332), (23706, 0.3737588706358295), (29090, 0.3453686164018185)]
elastic/elasticsearch 28101 : [(12331, 0.9758285815730771), (16867, 0.9720946112138352), (16656, 0.921721969798317), (21775, 0.8997780372692757), (17145, 0.8826674080094782), (12520, 0.7954392353894363), (20520, 0.7558214267450816), (18651, 0.6583509217242505), (16770, 0.6570082691842498), (16866, 0.6444803078906106)]
elastic/elasticsearch 28100 : [(21414, 0.9511143413875801), (20235, 0.9481441766819108), (24533, 0.9480188602966838), (23400, 0.9459839648245174), (15336, 0.9448670444432717), (21488, 0.9282591716711789), (19207, 0.9201521913613228), (26965, 0.9199065009299454), (17240, 0.9108292420105364), (26297, 0.9096056647825856)]
elastic/elasticsearch 27975 : [(18443, 0.4058937606551794), (5681, 0.20576425244300636), (16985, 0.20168236299529888), (14366, 0.19914222441382914), (21809, 0.19758710713389596), (17667, 0.1791221700290104), (16833, 0.17883009888078782), (27045, 0.1765387657465818), (15319, 0.17244293570755276), (12137, 0.17169781679281537)]
elastic/elasticsearch 27967 : [(9036, 0.1571853464536806), (9339, 0.13199987452147804), (6984, 0.12104611750520677), (5478, 0.11182714806208233), (6282, 0.10518743559341101), (22237, 0.10098971140764558), (10095, 0.09704638537339676), (9105, 0.08402734692483776), (30497, 0.0779646424893892), (4435, 0.07181909835775926)]
elastic/elasticsearch 27925 : [(25194, 0.9787178969565759), (29134, 0.9591021196077797), (26065, 0.9333757409377875), (23961, 0.9249643112322263), (23991, 0.8672015906433084), (30414, 0.6665405165724118), (23909, 0.6621168077211528), (24150, 0.6495885912342224), (28925, 0.5458228340731304), (31250, 0.5)]
elastic/elasticsearch 27858 : [(31359, 0.84406558586293), (15205, 0.7373073547295111), (26033, 0.6776345137713365), (26005, 0.6475076314627567), (13656, 0.6244925077158368), (28629, 0.5582777778387754), (24478, 0.5244135831214115), (21299, 0.43143895523418085), (31469, 0.3834194764582575), (16843, 0.3621654967158571)]
elastic/elasticsearch 27753 : [(14121, 0.9550242849182965), (23400, 0.9465814838776653), (26297, 0.946329914939873), (25928, 0.9463093582635832), (26965, 0.9462853243460563), (19207, 0.9462423015604499), (21194, 0.9461628633601656), (25039, 0.9460963856686972), (22631, 0.937469954973018), (19231, 0.9217268771525358)]
elastic/elasticsearch 27746 : [(21677, 0.893411013353737), (12605, 0.893411013353737), (8205, 0.893411013353737), (21152, 0.8283245501637546), (21158, 0.6291504439692814), (16552, 0.5790722100761381), (26838, 0.5686302486790803), (5890, 0.5369918332899265), (31700, 0.5077469275808066), (12351, 0.39149089935446757)]
elastic/elasticsearch 27628 : [(9341, 0.6552852427491063), (8648, 0.6154492957405242), (24307, 0.593734583198844), (21015, 0.5910284313433875), (25984, 0.5803051451850887), (3475, 0.5771048775743645), (27466, 0.5761979527958878), (26764, 0.5690544354373708), (18979, 0.5652857293671588), (2105, 0.5527289682599859)]
elastic/elasticsearch 27600 : [(20211, 0.8369539516895484), (20280, 0.8102670819964524), (27732, 0.6337318060856889), (13857, 0.6119010267515748), (12137, 0.5867307164085466), (24243, 0.5700357376614763), (24055, 0.5643134492458056), (17917, 0.49089602035328467), (16156, 0.4642039321698717), (26965, 0.39750253830401505)]
elastic/elasticsearch 27473 : [(21861, 0.6519668875642403), (25889, 0.4811814664116806), (6983, 0.3400593117528426), (8420, 0.2272009156248519), (3961, 0.22135480373371647), (30396, 0.21405093927807667), (7245, 0.20211498517171983), (19185, 0.19427829923290163), (17568, 0.19028118786053994), (18921, 0.16967130129272878)]
elastic/elasticsearch 27395 : [(26965, 0.9462853243460563), (26297, 0.9373256478910219), (25928, 0.9373256478910219), (25039, 0.9373256478910219), (23400, 0.9371820904074003), (19207, 0.9210563862972702), (18007, 0.8520083705581433), (15894, 0.7207542900645566), (13402, 0.6957583691353306), (5095, 0.6950937919719453)]
elastic/elasticsearch 27301 : [(23452, 0.9756178763938822), (22947, 0.9069280273995781), (19343, 0.7306054051692219), (23051, 0.5536598600768161), (23153, 0.5), (25785, 0.49142519956518477), (24437, 0.42701395422848926), (25459, 0.4132242149598253), (22636, 0.2662261839496285), (18833, 0.2606200576595161)]
elastic/elasticsearch 27219 : [(27519, 0.5893326414291392), (5095, 0.5866685670600194), (27395, 0.5636315878638014), (16461, 0.507916228120638), (4682, 0.5056087385154341), (8865, 0.5), (2804, 0.4940129842387406), (12825, 0.4931796922707114), (11643, 0.49034022988392245), (26634, 0.4897509137141833)]
elastic/elasticsearch 27181 : [(26635, 0.9555302486376254), (19594, 0.4369771816177607), (12911, 0.4344070947562467), (25918, 0.4279068677126969), (21042, 0.42738710680803305), (15212, 0.42451224002850896), (31864, 0.4244194317410883), (10630, 0.4236498753328416), (30302, 0.42359246915271376), (24237, 0.42267384049736323)]
elastic/elasticsearch 27162 : [(14661, 0.8786367714847078), (19394, 0.6988592998780032), (26067, 0.555640311886796), (20335, 0.5147221357430736), (8063, 0.5), (27116, 0.4569619998397492), (31659, 0.4267057452143655), (8795, 0.3666624458811782), (6617, 0.3508420393549501), (6385, 0.3508420393549501)]
elastic/elasticsearch 27127 : [(23974, 0.413173592186026), (23240, 0.29044448894155767), (17258, 0.2224147541400655), (5859, 0.20822714906148374), (9560, 0.2068067469898545), (19109, 0.2016749846778038), (21218, 0.1929408120598839), (24740, 0.19140025529080204), (25229, 0.17901555919880932), (21310, 0.17303802438381263)]
elastic/elasticsearch 27077 : [(25968, 0.5754975659305251), (25969, 0.547711800158905), (25958, 0.5), (26268, 0.3388668811627823), (8176, 0.247193756546164), (28700, 0.17291523440755532), (15993, 0.17046861242239655), (32010, 0.15930120566192552), (25959, 0.15755905398308165), (23822, 0.15345297267335256)]
elastic/elasticsearch 26719 : [(26626, 0.9757913627456667), (26297, 0.4215494076681172), (25928, 0.4215494076681172), (15336, 0.40022567299063144), (26965, 0.39750195566182), (19207, 0.357930195014578), (18455, 0.3007000189204636), (22349, 0.28808879842597446), (21919, 0.282045276592635), (30942, 0.28083037277549516)]
elastic/elasticsearch 26634 : [(8801, 0.923402702610506), (17601, 0.83820896771789), (21197, 0.8193380389433891), (21939, 0.8165092563613875), (26680, 0.7667838397082791), (10768, 0.7621678888612634), (4472, 0.7606998380239162), (17488, 0.7578406477528256), (8202, 0.7466939171084442), (21998, 0.743781271137084)]
elastic/elasticsearch 26423 : [(23400, 0.9201639758346908), (19583, 0.806045461793703), (19207, 0.7923618820047109), (26297, 0.7910813246403606), (25928, 0.7910813246403606), (25039, 0.772508326802523), (26965, 0.7506209198393264), (24255, 0.6610337830747894), (22538, 0.6166378574610717), (20000, 0.5798446111119306)]
elastic/elasticsearch 26246 : [(18366, 0.7338699953577352), (20422, 0.36972348092005836), (24861, 0.3616566365612522), (10322, 0.3322246365489235), (29004, 0.23607639022906912), (20271, 0.22104194071601088), (30596, 0.18906108566857618), (23526, 0.1834953694738805), (21271, 0.17007062669887416), (21702, 0.1668728198627676)]
elastic/elasticsearch 26115 : [(23788, 0.9477516328448082), (21698, 0.9473760288905801), (19207, 0.9462674077299982), (24492, 0.9460027625996865), (16329, 0.9457479355437282), (22463, 0.9457350399007763), (24533, 0.9457348509569892), (23949, 0.945734850326523), (26965, 0.9457348502962177), (26297, 0.9457348502962177)]
elastic/elasticsearch 26040 : [(20832, 0.8645060280245168), (23400, 0.7923621343080921), (29283, 0.5226656058953906), (31671, 0.4403182383887385), (29430, 0.2830592024104231), (29325, 0.2730166649743915), (25791, 0.23238627234629008), (29388, 0.21838017312754135), (14810, 0.17646489248494002), (14537, 0.16637042095585558)]
elastic/elasticsearch 25995 : [(26099, 0.5), (25749, 0.4799910695861526), (26965, 0.402906665812654), (26247, 0.36252318052462823), (26522, 0.3616779325548905), (26668, 0.35837507221623605), (28311, 0.35513241548329577), (26625, 0.3396943956972911), (27072, 0.33776303476245323), (27405, 0.3202100679894826)]
elastic/elasticsearch 25915 : [(19051, 0.5361131120288624), (22430, 0.4633546304023299), (31298, 0.43814133596632954), (21860, 0.4194034825457833), (23376, 0.3842947325801319), (30111, 0.26546811844232193), (16990, 0.14194670229776296), (21645, 0.1303651863575824), (19150, 0.12695992646206458), (22441, 0.1227957473444827)]
elastic/elasticsearch 25736 : [(25014, 0.7221767871352267), (26971, 0.5405642187880093), (21194, 0.30296379661772704), (11098, 0.18276862068066801), (15396, 0.1714576174765267), (26213, 0.1702824801553087), (24883, 0.1511647676238796), (31955, 0.14340729904554325), (14712, 0.13748981060032286), (26189, 0.1184782992325872)]
elastic/elasticsearch 25576 : [(23307, 0.8450314793219427), (21336, 0.6102196197272969), (20190, 0.5585444753934634), (20151, 0.4354566942350995), (20172, 0.36717080879522357), (29554, 0.33351589565190976), (29419, 0.33351589565190976), (25201, 0.17685755294751834), (26965, 0.1653303005925701), (29230, 0.16146091487909248)]
elastic/elasticsearch 25561 : [(27145, 0.7236913545109721), (9472, 0.6698952176567683), (26377, 0.5804862903103406), (9485, 0.5255264130758243), (26680, 0.49025254436737226), (13111, 0.48461606924043527), (17613, 0.4843840216823557), (6862, 0.48040989150309493), (15989, 0.47873991146030564), (3956, 0.47720261358119687)]
elastic/elasticsearch 25552 : [(28281, 0.2693568682980837), (17677, 0.18363811920032277), (28517, 0.18055399001858485), (23984, 0.1772509458173334), (13090, 0.17219638284852423), (12859, 0.16951941373648433), (19594, 0.16634300858633486), (20313, 0.16262047925829956), (23907, 0.1559139314886524), (24609, 0.14971074637155551)]
elastic/elasticsearch 25334 : [(26160, 0.9771179954150744), (19207, 0.9209474293373293), (26965, 0.875554953803989), (26297, 0.7908294265538792), (25928, 0.7908294265538792), (25039, 0.7908294265538792), (23433, 0.7660776753639189), (15336, 0.6886490441710619), (22431, 0.5947332486106389), (23462, 0.5348161470474426)]
elastic/elasticsearch 24976 : [(32063, 0.6665653617576435), (31202, 0.5401326048169267), (31143, 0.3444241242584041), (31095, 0.24518261170641728), (6770, 0.20271657281405508), (19028, 0.19190761648372975), (13244, 0.16951397309861893), (32025, 0.15308571841173496), (19380, 0.1407774376212012), (30538, 0.12797106626643293)]
elastic/elasticsearch 23489 : [(32101, 0.8695966379661069), (23478, 0.7789733395411633), (20116, 0.6471497966407942), (9158, 0.572320452093054), (28073, 0.5563010400130246), (28783, 0.5306740146191137), (31105, 0.5191897407832785), (18651, 0.5173806495876763), (3554, 0.5104742301414738), (10325, 0.4878498417989793)]
elastic/elasticsearch 23375 : [(20095, 0.8297111627795865), (18727, 0.6881858291114217), (20104, 0.6860460895559949), (24979, 0.4683592414116473), (12199, 0.3879904890667156), (12180, 0.3875292346088341), (21069, 0.35059222856539757), (24650, 0.32991394382552325), (21284, 0.26926782706197133), (18236, 0.2648069424395749)]
elastic/elasticsearch 23009 : [(13496, 0.9597046137406592), (18036, 0.9520293179402225), (20596, 0.950422089986302), (25039, 0.9451879379736681), (19207, 0.9382607830922709), (23400, 0.9374046740502459), (17240, 0.9213492235450446), (21194, 0.9192968899076607), (15336, 0.9046261519717593), (29501, 0.903871152306269)]
elastic/elasticsearch 23006 : [(13496, 0.972521796727603), (13390, 0.9626397672141455), (20596, 0.9479269483814396), (26965, 0.9471144025233776), (21194, 0.9468343790375132), (18036, 0.9466104319244065), (26297, 0.9459243764084879), (25928, 0.9459243764084879), (19207, 0.9213494686515475), (25039, 0.8873556666444414)]
elastic/elasticsearch 22679 : [(19575, 0.9838249298349101), (20462, 0.7840828537811023), (18004, 0.53799342902077), (21194, 0.43900210629359854), (12040, 0.4226442273703377), (20394, 0.32250138351070023), (13027, 0.3030413326674237), (18437, 0.2940096701539647), (19526, 0.29080206589013297), (25318, 0.2849468282459133)]
elastic/elasticsearch 22339 : [(16557, 0.9079025829025524), (20156, 0.8165902187543517), (26249, 0.7807524533003554), (21327, 0.7198837346826436), (11196, 0.7061888514065782), (11259, 0.6766876503432964), (22273, 0.5850329358862544), (9286, 0.5581832125371128), (12399, 0.5500979590358273), (11124, 0.5434429121185622)]
elastic/elasticsearch 22237 : [(13426, 0.9774775785891541), (2276, 0.6875836343043872), (13496, 0.6736486578458649), (13672, 0.5640206216084216), (18036, 0.5187363738671347), (17751, 0.4690422990957472), (26965, 0.40173654824445887), (15336, 0.39946574853092454), (22130, 0.23269177360130774), (12457, 0.21163824147213334)]
elastic/elasticsearch 21510 : [(24242, 0.9761635381970571), (9795, 0.7941469105735158), (24630, 0.7791394333936249), (18782, 0.6887049489454539), (14658, 0.6351187432659356), (9076, 0.6298371562878483), (22463, 0.6227467298027809), (24512, 0.5763294263995123), (26448, 0.5737235625752424), (24204, 0.5145957391965105)]
elastic/elasticsearch 21453 : [(24707, 0.4131592752942326), (32126, 0.39725689038971806), (6361, 0.3831974458607119), (8169, 0.2931141714090033), (20317, 0.1651963937088118), (30792, 0.15653314812334954), (29294, 0.1533833936188335), (30185, 0.1307148070941837), (18802, 0.12424356348054555), (5981, 0.1217226879310339)]
