hashicorp/terraform 18448 : [(17195, 0.5133278037844382), (18400, 0.3689385117214059), (17781, 0.3585740214841187), (16280, 0.255873120691961), (8720, 0.10502033263462004), (17196, 0.08623405675484941), (17403, 0.08151250023017413), (1575, 0.07331663549719288), (16903, 0.0732943504128658), (11940, 0.07061420745639008)]
hashicorp/terraform 18446 : [(12173, 0.8702851959851683), (7127, 0.81769970984796), (1185, 0.6917513311482322), (8647, 0.6814543481023925), (16543, 0.5807939367805237), (16558, 0.522382509482766), (3164, 0.4889840083765873), (17531, 0.33036187353311375), (1629, 0.30206385130692714), (7459, 0.27632841695128996)]
hashicorp/terraform 18431 : [(17465, 0.938487333704354), (17036, 0.7481812398289517), (10055, 0.5693046570431765), (18206, 0.371822075499163), (13262, 0.3579115015002133), (8586, 0.34235098804714054), (13583, 0.34189663536199283), (942, 0.3357616998141554), (941, 0.3357616998141554), (12710, 0.31118170765771525)]
hashicorp/terraform 18421 : [(16933, 0.9232222466193474), (2615, 0.9154701351292726), (11853, 0.885794500351436), (2425, 0.883810474495086), (17744, 0.8756790219488526), (3846, 0.8683556696644805), (13432, 0.8396067137814086), (18357, 0.8318609067140277), (4323, 0.8236456026818486), (2683, 0.7918110323675709)]
hashicorp/terraform 18388 : [(17667, 0.9756551490930626), (17811, 0.9703381069473893), (17463, 0.9653388838856396), (16957, 0.5692125451676318), (990, 0.4418195581507175), (14139, 0.23412409401485682), (993, 0.22617911189685966), (986, 0.14340709589066244), (1104, 0.12265468393208497), (7127, 0.11623749493949245)]
hashicorp/terraform 18378 : [(17465, 0.8777733514825583), (10055, 0.48663157760931874), (16946, 0.42884786262226376), (13583, 0.38005745872913477), (942, 0.3651110339838539), (941, 0.3651110339838539), (16915, 0.34775677316341574), (17245, 0.3413208601633875), (17036, 0.3235620429452589), (17853, 0.3178303129444048)]
hashicorp/terraform 18377 : [(16549, 0.9972868895383337), (16522, 0.992879200131299), (18034, 0.9885768087328942), (9906, 0.8712571419715873), (11223, 0.8677140865366817), (8568, 0.8677140865366817), (4622, 0.8677140865366817), (8274, 0.7650063173267575), (16339, 0.726300473118454), (292, 0.7171032579025074)]
hashicorp/terraform 18357 : [(18421, 0.8318609067140277), (18017, 0.7346793623774605), (2425, 0.5198646267273874), (16933, 0.4529483385189932), (13432, 0.4429498078125369), (3846, 0.4092136232185107), (2615, 0.1878673343112808), (17744, 0.1811349862708844), (2408, 0.17372486804521908), (7903, 0.1691125333856732)]
hashicorp/terraform 18355 : [(292, 0.3695753712031562), (10743, 0.3474176742812227), (17853, 0.30396419499374416), (18187, 0.2950153905778249), (6869, 0.28460543239799285), (9663, 0.2740761140512787), (592, 0.2740761140512787), (4459, 0.2697922321604963), (18377, 0.2697368694565606), (16549, 0.26824635853930695)]
hashicorp/terraform 18347 : [(4688, 0.46706423810547737), (2458, 0.10276690491520406), (18253, 0.09636022821628029), (8859, 0.0959053273225421), (5860, 0.09545952314671018), (1046, 0.08974620974324436), (4247, 0.0858288754919275), (15421, 0.07680172299083687), (7794, 0.0753728249823644), (13217, 0.07505077983106315)]
hashicorp/terraform 18331 : [(17237, 0.9292516075471396), (5953, 0.8378670760956441), (5860, 0.8344440671408506), (832, 0.6900892149558662), (13962, 0.6408760614292233), (2022, 0.6311190420756156), (8200, 0.5963486290151752), (7266, 0.5624461493839814), (15652, 0.5260244343511659), (3783, 0.5069969237460247)]
hashicorp/terraform 18305 : [(18055, 0.5), (17685, 0.38239849945918575), (17686, 0.19226045002688646), (2819, 0.16516305258766317), (1690, 0.15401696702193346), (16965, 0.14423242590325885), (14386, 0.13449508855345066), (18247, 0.08709653935717021), (10676, 0.08177272012713291), (16921, 0.07780868488923297)]
hashicorp/terraform 18277 : [(13772, 0.897485405768165), (15506, 0.5260203670854535), (4247, 0.510536303752215), (11218, 0.41573826098077454), (17327, 0.39666974915555814), (8202, 0.3859669275182736), (17657, 0.3805168862601216), (5757, 0.3759367564735127), (7124, 0.36227501491209624), (5084, 0.3621442502182639)]
hashicorp/terraform 18245 : [(18038, 0.9884287470645569), (17259, 0.4345690200237746), (18062, 0.4310929209360193), (16940, 0.4026510862078497), (17207, 0.36324793467698124), (16339, 0.3615182326846593), (18034, 0.3607470428154322), (16675, 0.35910024415950853), (18035, 0.35513894771201876), (17138, 0.35510619520187836)]
hashicorp/terraform 18243 : [(15873, 0.9598912079000724), (17787, 0.46992356076698494), (17616, 0.46992356076698494), (2122, 0.46992356076698494), (17184, 0.295197900613472), (15748, 0.2503089933023526), (2045, 0.22181100740567697), (7954, 0.19798417331033216), (3606, 0.19798417331033216), (2127, 0.19798417331033216)]
hashicorp/terraform 18233 : [(14515, 0.27351019443003916), (4565, 0.26281211362128903), (7335, 0.19493899882430943), (1623, 0.1731754152494609), (15110, 0.1536550482854928), (1234, 0.14669394985893086), (9560, 0.12336333606887123), (15049, 0.11466522886296233), (546, 0.11456188672319702), (85, 0.10306105052429938)]
hashicorp/terraform 18225 : [(18267, 0.6692100622041532), (13183, 0.6692100622041532), (11354, 0.6692100622041532), (10430, 0.6692100622041532), (156, 0.6692100622041532), (17969, 0.6202130502473387), (16406, 0.5239737201745112), (17956, 0.5), (17852, 0.5), (17123, 0.5)]
hashicorp/terraform 18221 : [(163, 0.7816487102541435), (162, 0.7816487102541435), (6827, 0.7380651212225341), (13150, 0.6356546142922797), (1469, 0.6327940658380516), (17913, 0.38239849945918575), (6216, 0.3761214509263063), (17685, 0.3129216472551674), (18055, 0.3129216472551674), (13164, 0.3055782423434664)]
hashicorp/terraform 18210 : [(15322, 0.8447735377472153), (16647, 0.8236825964760893), (15871, 0.8139142977495832), (16985, 0.809258975347733), (15311, 0.7797217923624162), (14884, 0.701106150024763), (7528, 0.6547431859806407), (9692, 0.6464571333422086), (16192, 0.6005759192668046), (11704, 0.5841137815103213)]
hashicorp/terraform 18206 : [(4698, 0.6236831509400544), (17465, 0.6211437927454281), (884, 0.5613458054188007), (921, 0.44971695929298044), (999, 0.4472897307830367), (8652, 0.44584088934558563), (8648, 0.4449848786139554), (6119, 0.4411447188651609), (11973, 0.4396095753392981), (11526, 0.43569109970225567)]
hashicorp/terraform 18194 : [(17839, 0.36547501612250727), (16975, 0.3379455064270131), (16785, 0.33351589565190976), (4795, 0.22245012642838982), (7557, 0.19118897562577875), (618, 0.15752978975605647), (4209, 0.1400945976845692), (16780, 0.09532325366869854), (4873, 0.0724629444456895), (803, 0.05922838164584996)]
hashicorp/terraform 18187 : [(18287, 0.9410097386001111), (292, 0.7686031990594846), (10743, 0.7421255028276629), (17011, 0.7206934931515561), (4459, 0.6882628248642939), (6869, 0.6514072138996796), (9906, 0.6482335894919784), (9663, 0.6445762146819103), (592, 0.6445762146819103), (16549, 0.6388053175290112)]
hashicorp/terraform 18186 : [(18296, 0.9962877048778438), (5466, 0.8950800689888997), (3861, 0.8413117301256098), (6195, 0.7703184802936552), (14594, 0.621910388806037), (3436, 0.5662493057486959), (6235, 0.547896499497034), (17186, 0.545351225739555), (14123, 0.5362390909713539), (11583, 0.536117241573611)]
hashicorp/terraform 18185 : [(17890, 0.7415650711794916), (17787, 0.5369918332899265), (15314, 0.3530486408723795), (17218, 0.2690530189158159), (10189, 0.09781161056651583), (1529, 0.0918276506256823), (3626, 0.07675294526641144), (10765, 0.07422168145525926), (10140, 0.07299759004674526), (12970, 0.07044681457944947)]
hashicorp/terraform 18174 : [(17020, 0.9075167655787901), (16091, 0.7567525314220546), (18093, 0.6443780427324858), (17355, 0.47031880112480234), (17827, 0.34388874107758927), (12033, 0.3173370017263945), (2487, 0.2634606661190587), (2570, 0.2515826707185121), (7769, 0.2266020178895872), (2483, 0.19616650113680242)]
hashicorp/terraform 18134 : [(160, 0.0852706751731381), (18394, 0.08321326899606915), (15273, 0.08032605801942834), (15478, 0.07770047773517962), (15890, 0.0750665340927579), (18400, 0.07274384474465422), (71, 0.06981052032249074), (9846, 0.06222598316482379), (8864, 0.06048471494546617), (10219, 0.057155683366916135)]
hashicorp/terraform 18125 : [(12981, 0.9086968016230188), (1757, 0.7809091809095754), (15957, 0.7344178260322197), (4247, 0.7323776294741261), (1771, 0.6466001498863156), (6818, 0.4900728179424807), (31, 0.46702428278381736), (8233, 0.4515942256860323), (991, 0.4164828399012807), (16356, 0.38670832848387604)]
hashicorp/terraform 18106 : [(14233, 0.912437494103387), (1495, 0.8365628978197236), (7145, 0.8305976733591841), (2198, 0.8209735745516867), (7832, 0.8179127854971193), (16985, 0.7963018041255411), (7111, 0.78768271313967), (12870, 0.7628699856597176), (12597, 0.7396668683315938), (6019, 0.7383955567642713)]
hashicorp/terraform 18093 : [(17827, 0.9663564818339196), (2487, 0.9657678187777773), (4906, 0.9599209445214233), (17355, 0.9591723974322247), (12033, 0.9588549506718751), (14681, 0.9502389575661293), (8577, 0.9483304219993121), (2483, 0.9368395085798885), (2624, 0.9333527441279168), (7440, 0.9254653797526058)]
hashicorp/terraform 18083 : [(10518, 0.6483068405654462), (10472, 0.6080825360095932), (20, 0.440510724550658), (1661, 0.3461279885852865), (15588, 0.2799060705998622), (16867, 0.147973154879264), (17645, 0.14482989566271862), (15985, 0.12454023474794103), (11256, 0.11392486079046633), (15408, 0.1062547867610339)]
hashicorp/terraform 18082 : [(15634, 0.9360476953995771), (15633, 0.8569815562828569), (15865, 0.844851869695998), (15852, 0.7488200409406471), (5378, 0.7419481828979779), (15546, 0.6562524757917064), (6127, 0.6496101474864342), (9612, 0.599025999382338), (8553, 0.5314731000159841), (800, 0.4431351740454568)]
hashicorp/terraform 18058 : [(9795, 0.9796517015355277), (17553, 0.9284952910583317), (1829, 0.8411055626452474), (12864, 0.46882597545888866), (6284, 0.46249488079763496), (12389, 0.4601885691156378), (1338, 0.43658169568102234), (2647, 0.38199219463459627), (18333, 0.37745480653365576), (13351, 0.3594094347498375)]
hashicorp/terraform 18055 : [(18279, 0.8610360410207188), (18278, 0.8610360410207188), (17685, 0.8610360410207188), (17682, 0.8610360410207188), (17816, 0.8523142704801535), (17038, 0.6233894137047505), (18193, 0.5395666687471634), (16934, 0.5260662120309113), (18305, 0.5), (17061, 0.46106758070990855)]
hashicorp/terraform 18054 : [(12939, 0.4609197627906538), (14514, 0.4384120868084328), (13532, 0.34523603035806166), (14780, 0.33351589565190976), (13852, 0.29985942995223663), (15935, 0.2260738847980704), (15325, 0.22294508683270825), (15355, 0.21590206876077106), (11659, 0.20829828492259786), (15032, 0.20179601607200107)]
hashicorp/terraform 18039 : [(11160, 0.5228263360874796), (2062, 0.5), (8563, 0.4820935484847077), (661, 0.4758386768630235), (2825, 0.4733739884085142), (17043, 0.4595397511723482), (12333, 0.4537084281125193), (13810, 0.4519079009203776), (12688, 0.45139164676682403), (4365, 0.448121584463687)]
hashicorp/terraform 18038 : [(18245, 0.9884287470645569), (7831, 0.7094468932877248), (7461, 0.6931260390702766), (16675, 0.5572346140219246), (16339, 0.5367053603954998), (3961, 0.45935310761451176), (862, 0.43964580260874353), (17954, 0.38095789951543085), (16522, 0.3750252323824176), (16549, 0.3692356921402454)]
hashicorp/terraform 18037 : [(4704, 0.9231749594925853), (14100, 0.9136787730553735), (16549, 0.893411013353737), (17954, 0.7059098832649204), (7081, 0.5298252146370268), (5239, 0.5287853394431995), (4899, 0.5), (8637, 0.4574699186891345), (8633, 0.4557668477412202), (11132, 0.44152072301201506)]
hashicorp/terraform 18035 : [(16940, 0.5937756770523364), (18062, 0.4426995982090827), (17138, 0.439529915939557), (16339, 0.36522331566288146), (17259, 0.3630242467691975), (16675, 0.3624763118633825), (17207, 0.35873591359409335), (18245, 0.35513894771201876), (16549, 0.33351589565190976), (16522, 0.33351589565190976)]
hashicorp/terraform 18034 : [(18377, 0.9885768087328942), (18062, 0.7422658105995708), (17138, 0.7329412422042986), (16339, 0.7173960308836232), (16549, 0.717122428081204), (17207, 0.6909314283699106), (16522, 0.6617903700287951), (2102, 0.48197975449149466), (16940, 0.42645079439282824), (10762, 0.41902179508173737)]
hashicorp/terraform 18017 : [(16933, 0.9009066645363558), (17744, 0.8827358961679515), (2425, 0.759997197912171), (18357, 0.7346793623774605), (13432, 0.7327827116612499), (3846, 0.7025750190862153), (16511, 0.6451357166816107), (2683, 0.5898281197498001), (4323, 0.5392264001158701), (17748, 0.33102349115192475)]
hashicorp/terraform 17996 : [(18234, 0.518272427281984), (15312, 0.469008692375056), (17011, 0.46097353362008076), (9340, 0.1820782125814833), (17406, 0.14616323908717985), (12061, 0.12928667594105367), (3863, 0.1164771518598435), (16502, 0.1157031750925608), (7766, 0.09386192403993505), (10615, 0.0844468092096027)]
hashicorp/terraform 17995 : [(16975, 0.7910711697885592), (18040, 0.7414091186487392), (10431, 0.7396470769484448), (283, 0.7396470769484448), (8175, 0.7327918988582249), (18066, 0.7126250166221427), (11497, 0.637136243212398), (18101, 0.6291230064334102), (5094, 0.6273720358572065), (15748, 0.5460704203124622)]
hashicorp/terraform 17954 : [(18037, 0.7059098832649204), (16644, 0.5625171211504426), (16192, 0.5279623298180415), (17207, 0.4695560319151826), (18038, 0.38095789951543085), (16549, 0.3764417978856317), (18062, 0.3595282048512988), (16675, 0.3571110777639343), (17138, 0.3476354245606619), (18245, 0.33905664766674243)]
hashicorp/terraform 17942 : [(11921, 0.5863682978889777), (3393, 0.5689145873059894), (1934, 0.45110157212513086), (9898, 0.4054060680180373), (15449, 0.2094331868217227), (9527, 0.17645997865338925), (14, 0.16923312402592253), (13102, 0.1542719347259738), (10504, 0.15369807390160167), (10659, 0.1380057414802482)]
hashicorp/terraform 17927 : [(11393, 0.577249702988194), (9809, 0.35741463372649757), (10310, 0.2547406322303869), (3345, 0.23819343103489646), (8744, 0.2221503034351833), (12101, 0.20292563356364446), (8809, 0.17631858377877604), (2050, 0.16153222509664977), (15059, 0.15911895470980547), (9146, 0.15896455847483565)]
hashicorp/terraform 17912 : [(674, 0.1254419299219114), (14883, 0.11835489072128093), (8639, 0.11768434489085226), (7739, 0.1074985246383624), (2068, 0.08627343608544638), (11546, 0.07970696772941187), (10589, 0.07143517481481386), (9719, 0.07073421883064133), (715, 0.06346265309748746), (9751, 0.060894251275657424)]
hashicorp/terraform 17911 : [(15589, 0.918394316199011), (10221, 0.20476022236863226), (16594, 0.18936941785784736), (6820, 0.17007057360018923), (676, 0.1695210602668952), (1847, 0.10900453042243397), (110, 0.1023190766367172), (13205, 0.10187541767918099), (2596, 0.09274727063418405), (2791, 0.08782430178015412)]
hashicorp/terraform 17901 : [(8877, 0.9548699092978339), (13459, 0.9482354174271324), (12535, 0.9174393358665401), (8777, 0.872476056860654), (12591, 0.8382353546656166), (7799, 0.7733589556484032), (11408, 0.6085859845794663), (9668, 0.6065955872767508), (11968, 0.5294981774548089), (8282, 0.47684662663141)]
hashicorp/terraform 17887 : [(8303, 0.3688603116421206), (17748, 0.332849506228398), (17788, 0.2323340964540285), (9265, 0.1749080115127423), (16511, 0.1492409992885205), (18017, 0.08809353792402998), (13255, 0.08555238497341495), (5761, 0.08106965979040827), (7708, 0.07870522374692607), (9943, 0.0771942752256644)]
hashicorp/terraform 17886 : [(292, 0.31938807856973933), (10743, 0.29904939338559156), (10589, 0.29064025950346806), (18187, 0.2648902437193328), (9406, 0.25372634543152356), (16549, 0.2486065248285396), (9906, 0.2468622036080944), (6869, 0.24124019167212774), (9663, 0.23782221114496663), (592, 0.23782221114496663)]
hashicorp/terraform 17883 : [(15702, 0.893411013353737), (15596, 0.8310234977853567), (2814, 0.6963333825459749), (16479, 0.6666574643454017), (231, 0.567683854670675), (9151, 0.42723386672804614), (9185, 0.42537105489393084), (11779, 0.4250947251787806), (13570, 0.42230428631726646), (7000, 0.3495884475326304)]
hashicorp/terraform 17882 : [(20, 0.49413438217891836), (15265, 0.44434471475552667), (16121, 0.3575401119943721), (15362, 0.3035579270573407), (14, 0.2931444127689311), (887, 0.24899868490479293), (7439, 0.23669264141084512), (13567, 0.23182090353689913), (13941, 0.22043518968330789), (11081, 0.19734494599159597)]
hashicorp/terraform 17869 : [(16280, 0.9270948641450089), (15829, 0.883426020327096), (14720, 0.8699114917189853), (8864, 0.6195231060472555), (2168, 0.545462737914855), (2624, 0.5152327072958247), (8940, 0.42727356089024676), (8863, 0.39796599613239886), (15617, 0.3870480557301557), (2673, 0.3535868374662048)]
hashicorp/terraform 17861 : [(12840, 0.41965183165530323), (12838, 0.41965183165530323), (8586, 0.2730695384049802), (13262, 0.26908094947885675), (14814, 0.23431585137246663), (17776, 0.19564396110558696), (12059, 0.19016392054158887), (12710, 0.18212748667269316), (6304, 0.16698422258029957), (11787, 0.16631147248211225)]
hashicorp/terraform 17857 : [(16464, 0.9662593998492433), (13922, 0.830722257332971), (12558, 0.8054275217511258), (13258, 0.3343025600029373), (14423, 0.2793203278884292), (13008, 0.2752909379873988), (12308, 0.24178750655956444), (15435, 0.23143416281530846), (16070, 0.21533295007720238), (2428, 0.2034050169178782)]
hashicorp/terraform 17856 : [(17127, 0.961154537155388), (16780, 0.8259223033709219), (7563, 0.48484080785297634), (12897, 0.45849610321807266), (1046, 0.26218291926333515), (9791, 0.23975005450006906), (7855, 0.23477288725259882), (5276, 0.2218446752017091), (9118, 0.1748965607649584), (8599, 0.16771388718239538)]
hashicorp/terraform 17839 : [(16785, 0.9901422447053756), (18194, 0.36547501612250727), (16975, 0.35723390865275656), (1746, 0.2781105171358154), (6703, 0.2658023814881379), (14806, 0.25926643748823236), (14250, 0.21227927316650805), (6355, 0.2047157753753044), (4483, 0.20167019346397788), (5604, 0.1785979813380536)]
hashicorp/terraform 17827 : [(18093, 0.9663564818339196), (2487, 0.9570407351406945), (17355, 0.9495039910919763), (12033, 0.9490585289221583), (14681, 0.9480244888727325), (7440, 0.938439474604824), (2483, 0.9367477810938742), (17036, 0.9213497149012282), (4906, 0.9135696730789334), (2657, 0.8664220067765257)]
hashicorp/terraform 17697 : [(18136, 0.55643254113245), (15930, 0.548031297453313), (17550, 0.3533910256372465), (16778, 0.33351589565190976), (16505, 0.14375107288200167), (16739, 0.11711506550934207), (16572, 0.10309459780690917), (9442, 0.09296124381717388), (9894, 0.08793420839014433), (17087, 0.08709553625271596)]
hashicorp/terraform 17657 : [(16895, 0.9788730262213797), (5757, 0.7028498908691823), (4247, 0.6851872375684211), (8202, 0.6576243593448133), (7124, 0.5381195860834164), (15506, 0.4730781615490481), (1770, 0.4712381806407195), (17298, 0.4570536242949193), (11218, 0.45668073781018065), (13772, 0.4441097763969715)]
hashicorp/terraform 17625 : [(16644, 0.8611388231718812), (15322, 0.8532951600353229), (15871, 0.8371812003595762), (16985, 0.8080448036514112), (10475, 0.8026741181395958), (16647, 0.7603588265409689), (16192, 0.7322992595275429), (16168, 0.6510175663451815), (14884, 0.6283119686231791), (15311, 0.623901647810958)]
hashicorp/terraform 17557 : [(14283, 0.9780621637909873), (1794, 0.9350407845206754), (14139, 0.8229127648854634), (990, 0.7909832201056695), (796, 0.7903531047481879), (13492, 0.5810614970573789), (808, 0.5372398203372284), (1104, 0.48688879311809546), (993, 0.4687381493706975), (10283, 0.4674603076801386)]
hashicorp/terraform 17553 : [(7832, 0.9641301006507877), (18058, 0.9284952910583317), (4450, 0.8749442891842869), (12389, 0.8550925586947214), (4910, 0.8526814725348311), (16985, 0.8349283699297431), (13351, 0.8235460597596523), (7528, 0.8221093587296324), (2647, 0.7824221424652238), (5267, 0.7751969847954187)]
hashicorp/terraform 17510 : [(9228, 0.1921100171612744), (381, 0.0448923727155117), (14621, 0.041008187723307825), (10382, 0.04089383394925309), (10265, 0.03936194282099754), (12527, 0.0387889473524786), (173, 0.03825872049910188), (5239, 0.038228942204178336), (13935, 0.037895461606364346), (10080, 0.03758034700569351)]
hashicorp/terraform 17499 : [(3505, 0.9939735903408076), (17037, 0.9803883300493096), (13046, 0.9607916303585845), (14784, 0.953239639252438), (678, 0.9479138905666163), (9216, 0.9456079373547526), (1134, 0.9416889610997693), (4002, 0.9376056412162583), (6508, 0.9334033514031175), (2265, 0.9229399613947232)]
hashicorp/terraform 17470 : [(16865, 0.9523039993277843), (17552, 0.941220737354903), (16585, 0.9085834773935351), (16936, 0.8499387402682117), (17397, 0.8201896994152525), (11724, 0.416325327156849), (11914, 0.3220126760662856), (17036, 0.18127914986359367), (15793, 0.16260171037891752), (12710, 0.14258093513031037)]
hashicorp/terraform 17465 : [(18431, 0.938487333704354), (18323, 0.9049230695538572), (18378, 0.8777733514825583), (18206, 0.6211437927454281), (6540, 0.6050377942069138), (4284, 0.5961278887800419), (1149, 0.5784962157892659), (1952, 0.5707648577861806), (10504, 0.5568732762712727), (5915, 0.5421378941177211)]
hashicorp/terraform 17461 : [(17105, 0.8866683725817722), (13880, 0.8484449370152877), (8704, 0.4745671701208079), (5094, 0.397734711571348), (15166, 0.38565001742500193), (8549, 0.3097801319611899), (11293, 0.2955829915845152), (11280, 0.2739471470457166), (16975, 0.2307210142910864), (6287, 0.2261019220372444)]
hashicorp/terraform 17456 : [(7528, 0.9667737920424286), (3239, 0.9484368824164583), (7128, 0.9436313569333517), (9692, 0.9426078066813458), (12870, 0.9163599543045866), (15322, 0.8803549952044162), (13847, 0.8676761713919479), (1495, 0.8583766034081948), (4854, 0.8572363745805877), (5267, 0.8499668510884804)]
hashicorp/terraform 17454 : [(2503, 0.9235115544422491), (9735, 0.7902457774771747), (12031, 0.7397950544384457), (7133, 0.6605811721712618), (6297, 0.6328577075601468), (11581, 0.5988929109990331), (6299, 0.4255042723617987), (2920, 0.4204808929002274), (2414, 0.367798647086921), (7608, 0.32354794421412314)]
hashicorp/terraform 17450 : [(15989, 0.9973521795693423), (14720, 0.9958331197499456), (15965, 0.980266256936547), (16142, 0.9621669194565828), (15964, 0.9560441816654494), (16704, 0.9243126871213152), (7268, 0.4377211241985484), (15562, 0.43437519904479155), (13041, 0.4318727078127955), (14542, 0.4316913229279651)]
hashicorp/terraform 17438 : [(13112, 0.9999999504625612), (12894, 0.9497093666644781), (15598, 0.6334998781943506), (13580, 0.5561040712871692), (4997, 0.2990314826964941), (4509, 0.22762400453420276), (4502, 0.16043179562999782), (15403, 0.10368125782816677), (16348, 0.10046958565896069), (14285, 0.09194460664254292)]
hashicorp/terraform 17400 : [(6013, 0.8992502664451798), (17044, 0.7113808858297457), (11922, 0.5922472917053189), (6336, 0.4496384625509755), (6299, 0.3944519009517407), (2672, 0.28747590352292285), (4680, 0.14074148477844894), (1756, 0.13476695441554637), (12433, 0.12801224571074094), (3383, 0.1163621780921621)]
hashicorp/terraform 17356 : [(2154, 0.9839172704455527), (6584, 0.9727433863263167), (702, 0.9535123627815233), (7526, 0.952090584758519), (2141, 0.9433377755931608), (1777, 0.9345621310536968), (1340, 0.9304472912128662), (12525, 0.8942274321358887), (828, 0.8933160969050512), (17408, 0.8550887496923997)]
hashicorp/terraform 17259 : [(16675, 0.9999818032306566), (16467, 0.9641207749460003), (16549, 0.8980073539825096), (16522, 0.5954601725527531), (18036, 0.5338239770158472), (16339, 0.5309566073877834), (18062, 0.4431065025120111), (18245, 0.4345690200237746), (16940, 0.40953770026741354), (17138, 0.3884231012700635)]
hashicorp/terraform 17237 : [(18331, 0.9292516075471396), (15652, 0.5307453084345457), (8200, 0.4650820109595124), (5953, 0.38784744099181867), (5860, 0.3433920118558454), (5527, 0.2517722203524796), (7266, 0.22814588703294272), (2022, 0.21770038087861096), (3508, 0.21143002488310916), (12041, 0.19078286165741096)]
hashicorp/terraform 17232 : [(15995, 0.6580732546845453), (15449, 0.5), (14493, 0.3534040275440374), (10446, 0.3524125189542822), (9576, 0.32918693447490377), (13557, 0.2981705920861367), (4762, 0.297312212121159), (13818, 0.2771597847317507), (13137, 0.23178030327356638), (1744, 0.21647445708133944)]
hashicorp/terraform 17220 : [(5, 0.8747559531431042), (17585, 0.8563693119692777), (5460, 0.68740326599209), (4700, 0.5477056792142518), (16356, 0.5), (990, 0.48286531048353065), (15048, 0.45804108871895804), (12986, 0.4539519415662473), (137, 0.4476016489001217), (15082, 0.4469889421222071)]
hashicorp/terraform 17198 : [(10233, 0.6816716678742512), (15424, 0.6383943417472614), (7026, 0.6352009895002878), (9463, 0.6032424817129987), (10504, 0.5818335971996812), (6540, 0.5436626840115635), (14834, 0.5), (9356, 0.4830484718264362), (10665, 0.46925659198695724), (1036, 0.4662097108006713)]
hashicorp/terraform 17151 : [(15964, 0.48787331439825), (17434, 0.3492386215384933), (16142, 0.3477332948368717), (17450, 0.3362923392052706), (14720, 0.2576526168449555), (15989, 0.144961087179923), (15965, 0.10570024142314975), (11319, 0.08429458816359033), (7941, 0.08026561844125737), (1629, 0.07529846906494218)]
hashicorp/terraform 17102 : [(2220, 0.6532076931434607), (5499, 0.6027802002199213), (15793, 0.5595904532322072), (11301, 0.48657792540148526), (7293, 0.485005774402531), (7550, 0.32868848480956214), (17090, 0.13276789918731458), (8521, 0.11199982373655494), (12624, 0.0992944727092434), (12424, 0.07694075992177302)]
hashicorp/terraform 17049 : [(1615, 0.9831585130158957), (9812, 0.9680674919907397), (10203, 0.961624843659957), (3026, 0.9476172755122213), (768, 0.9399781832107884), (17097, 0.9241022986123645), (1082, 0.8740330888918827), (10325, 0.8177612559683949), (3375, 0.7938679193283358), (871, 0.6526960169317312)]
hashicorp/terraform 17037 : [(17499, 0.9803883300493096), (14784, 0.9683000030943083), (6508, 0.9678680856532885), (12638, 0.9654063357307247), (16461, 0.9574311971587677), (1626, 0.9565266466859561), (14801, 0.9542847864816163), (2450, 0.9537525270910905), (5218, 0.943449299566163), (16021, 0.9350411408476564)]
hashicorp/terraform 16997 : [(15280, 0.9822553160314975), (8249, 0.966784215614798), (10152, 0.9441200159415284), (17551, 0.8500974021683875), (2571, 0.6987158064964037), (8673, 0.5360527324341425), (1632, 0.48330495421629777), (13592, 0.45322827348960265), (12391, 0.4439500525005385), (13754, 0.4435505745816501)]
hashicorp/terraform 16985 : [(2198, 0.9861353495784944), (7832, 0.9666043481201476), (16647, 0.9649047028720319), (16192, 0.9567878014948706), (15311, 0.9511184848501884), (15871, 0.9499985196336312), (15112, 0.946494881437199), (14884, 0.9417002587363987), (6749, 0.9248055042082726), (16168, 0.898662299440968)]
hashicorp/terraform 16948 : [(2425, 0.9851021542888013), (16933, 0.9216429150480494), (9340, 0.8379909578930466), (6616, 0.6716109745832464), (3846, 0.5564328399707106), (13432, 0.39813440129048816), (18017, 0.2924434644803311), (18421, 0.24704559839713086), (161, 0.09228850815702141), (7293, 0.08971207636826307)]
hashicorp/terraform 16927 : [(12797, 0.9208560521138424), (12913, 0.9208455078791794), (12966, 0.7727376279707694), (17651, 0.7194565155099713), (17650, 0.7193004931553567), (17649, 0.7193004931553567), (7476, 0.6971093773213338), (13637, 0.686885494099135), (13791, 0.6841201136552267), (9455, 0.6669548707384736)]
hashicorp/terraform 16921 : [(2319, 0.4395504207325113), (12773, 0.33579759891014743), (2819, 0.2793780649159101), (1690, 0.2720170060846683), (16965, 0.23853071219642435), (16964, 0.17822138180849673), (14896, 0.13797133512875834), (2068, 0.13668362223585465), (2099, 0.13450877333125102), (12558, 0.13197916296975953)]
hashicorp/terraform 16828 : [(5466, 0.23883787892768035), (14594, 0.2340222467825606), (18186, 0.22796774696454025), (6195, 0.2258213649893189), (17186, 0.2117698180289889), (3436, 0.2100237488396211), (6235, 0.2021428702712404), (8895, 0.1984811678131702), (14123, 0.1972715215733909), (11583, 0.19722115570517565)]
hashicorp/terraform 16807 : [(17, 0.9502246147212271), (15957, 0.9037351992671789), (8233, 0.900923445832462), (16895, 0.8764803084275039), (1771, 0.7864903455668664), (1443, 0.7673538797830183), (7124, 0.6673659130458557), (1757, 0.6243594172992307), (5757, 0.5983005147880908), (4956, 0.5820420586799409)]
hashicorp/terraform 16764 : [(16621, 0.6592892932342624), (12067, 0.62077357534806), (10658, 0.6173771315226738), (8243, 0.6052604681883605), (13557, 0.5739257815616223), (4745, 0.5344892992569991), (8482, 0.4263395896350969), (1606, 0.4253136994595905), (9818, 0.4231057077116848), (10318, 0.4068721344443494)]
hashicorp/terraform 16693 : [(12033, 0.30165896552858135), (220, 0.1462388481505783), (1127, 0.11323567687008917), (12311, 0.11016939718063949), (811, 0.10323431173068884), (1152, 0.09701836706134065), (766, 0.09452876763556751), (15927, 0.09353411983481871), (4000, 0.09290753590358261), (4700, 0.0857176246129208)]
hashicorp/terraform 16511 : [(17748, 0.9759063598452531), (18017, 0.6451357166816107), (5761, 0.530712206280875), (17036, 0.4184476740851211), (17788, 0.33518258100973025), (17060, 0.27632841695128996), (18421, 0.2685207260948439), (7323, 0.23295404433785183), (5675, 0.18651330507408828), (6616, 0.16647753673081436)]
hashicorp/terraform 16437 : [(8249, 0.9891420223938548), (15280, 0.9854357784162199), (10152, 0.9590197357803351), (16997, 0.9551149348789362), (1632, 0.7764072722729468), (17551, 0.7576334211687473), (2571, 0.5626365974273027), (8673, 0.4869078639675002), (13841, 0.43270571210189446), (13840, 0.43270571210189446)]
hashicorp/terraform 16416 : [(14010, 0.8602049606738057), (3992, 0.8127283962253838), (17982, 0.7855767743936735), (5173, 0.7067418033295916), (7126, 0.6942778619443029), (11184, 0.6197235930797438), (14098, 0.5703508062054476), (535, 0.4865168459658556), (8862, 0.4782441109043054), (11733, 0.4572137667142577)]
hashicorp/terraform 16393 : [(17001, 0.9941258966705875), (12987, 0.7242961337640274), (13236, 0.686700379406039), (14096, 0.6825661518523602), (12966, 0.6266929141004624), (15370, 0.5738953373464726), (16757, 0.5377111393062043), (7871, 0.4270969071168549), (1992, 0.42165562178517463), (1738, 0.3647786788969745)]
hashicorp/terraform 16369 : [(702, 0.9807015779650843), (17408, 0.9776226044813333), (828, 0.9759804932617716), (7526, 0.953183678195125), (3950, 0.9491022407230819), (901, 0.9351911820732536), (9558, 0.9337246657924209), (903, 0.9291343819626028), (2141, 0.8981044097685104), (3759, 0.893411013353737)]
hashicorp/terraform 16091 : [(4592, 0.9927297740529843), (2793, 0.973864479954649), (2624, 0.9663104514689552), (2570, 0.9311701033860452), (2487, 0.9275544859299591), (7440, 0.9181887129069567), (17355, 0.9181054999898351), (2483, 0.9105339867510244), (3329, 0.8967057253278649), (4906, 0.8857571268145182)]
hashicorp/terraform 16064 : [(15836, 0.7605988678072265), (15355, 0.6630243470390909), (15267, 0.5977779674367608), (14514, 0.4459286544960965), (16487, 0.4312447051137014), (15349, 0.4005225858097152), (16589, 0.3787849116686207), (16164, 0.3616329860166055), (16542, 0.321553141838744), (331, 0.2968901594062352)]
hashicorp/terraform 15829 : [(16280, 0.8478103897878848), (14720, 0.7677860483409519), (6013, 0.47045628261877787), (17044, 0.45317625371673054), (6299, 0.41197977111122336), (8768, 0.377608437475828), (11292, 0.2894320058502569), (15449, 0.24860862872024417), (7322, 0.24824600706324104), (7270, 0.24461577226682826)]
hashicorp/terraform 15797 : [(17036, 0.9457504792866792), (8863, 0.9373161277792256), (8599, 0.9370076254726237), (16586, 0.9239296582900304), (3375, 0.9193231492027257), (16540, 0.9062961873071081), (13, 0.9062808365169551), (1281, 0.8924528937766896), (10076, 0.8580840993973152), (10080, 0.8421774928375777)]
hashicorp/terraform 15629 : [(15387, 0.8622420726822403), (6398, 0.8533667434507061), (15671, 0.8311027398108503), (17810, 0.21994555430154406), (8985, 0.21558765226696275), (4654, 0.16951921767833183), (12509, 0.16729164397483623), (1417, 0.14834743240281384), (6607, 0.1023246728530879), (6918, 0.09139636744739277)]
hashicorp/terraform 15597 : [(17538, 0.603961882968522), (16758, 0.46232631359561427), (16600, 0.09773349230153755), (864, 0.08825682143728111), (9172, 0.0677364274571536), (15999, 0.06713989708265182), (9372, 0.060355054603139176), (9751, 0.05414660112635697), (1052, 0.0500046923435514), (6534, 0.048796265856580014)]
hashicorp/terraform 15577 : [(12966, 0.9074335207885603), (12352, 0.8250066177783291), (17651, 0.6986644169486512), (17650, 0.698454108429199), (17649, 0.698454108429199), (12173, 0.5), (15841, 0.31753032837438183), (12577, 0.1691022554949353), (3719, 0.16388647977834347), (11100, 0.13488144396201895)]
hashicorp/terraform 15552 : [(10374, 0.9462111055454613), (7237, 0.7814060779614171), (16531, 0.46011481105099794), (989, 0.42467813535630605), (13818, 0.24815572482990303), (10080, 0.21611316173497158), (18318, 0.21383854751995543), (4795, 0.20122225985914222), (16377, 0.1997994218933233), (13855, 0.19978410071599975)]
hashicorp/terraform 15478 : [(16357, 0.9554970977692485), (9114, 0.951365406930827), (13525, 0.9033294374903779), (18400, 0.8677140865366816), (7440, 0.8629865602846655), (160, 0.8155393843994195), (11502, 0.8140021012178155), (2657, 0.7616896919725898), (15273, 0.7285109223445265), (2168, 0.6258294290786174)]
hashicorp/terraform 15353 : [(10276, 0.6978557491044316), (1093, 0.6915292255530568), (4616, 0.4274464352924886), (15391, 0.3449506288328958), (17853, 0.28956938853967124), (2502, 0.25640336022994126), (9855, 0.24515021149018137), (17245, 0.19100594948414243), (16545, 0.18015332849701884), (1417, 0.1730538808856992)]
hashicorp/terraform 15288 : [(17036, 0.9457348665797422), (3375, 0.9219866506108243), (6299, 0.8766727367756739), (8863, 0.7972702633778769), (8579, 0.48212100702489913), (17596, 0.4543784192760714), (16069, 0.4297739858047315), (6814, 0.4065202922205752), (9576, 0.36288738236284235), (7273, 0.3048309424018215)]
hashicorp/terraform 15196 : [(13210, 0.9033508918820838), (9677, 0.8624603823651987), (9161, 0.736720623621792), (11467, 0.7035654005357583), (14594, 0.6407914004666918), (2150, 0.6308629632067335), (16388, 0.5197716604288375), (329, 0.4491791070595938), (7040, 0.3371733195839762), (3210, 0.33351589565190976)]
hashicorp/terraform 15106 : [(15158, 0.5), (15326, 0.43050274381943443), (2514, 0.32902842738851085), (14542, 0.28964765156544575), (2215, 0.26785725371484237), (13909, 0.267298396104919), (5255, 0.24243457595745843), (12765, 0.236134841924107), (10254, 0.23195805708020956), (12529, 0.22282377244772772)]
hashicorp/terraform 14931 : [(12763, 0.9510272056980128), (7952, 0.8536053533199199), (5001, 0.8133692948094214), (11381, 0.7874511730349474), (12497, 0.7183232633843956), (14769, 0.6282178546382369), (10291, 0.6151556276102912), (14043, 0.6128250926377791), (10017, 0.6010513574735773), (6482, 0.6005187655398055)]
hashicorp/terraform 14858 : [(16439, 0.9017218279446367), (16103, 0.49467118752607653), (12729, 0.1802635672695934), (8883, 0.13285080217813106), (5084, 0.12852930729863093), (14864, 0.12537556284432663), (11361, 0.11812371523216787), (17719, 0.11491817867640192), (10759, 0.11376115361158089), (949, 0.11116921444987127)]
hashicorp/terraform 14291 : [(15772, 0.9942563996626886), (365, 0.9714569841005258), (5577, 0.8459861135832797), (5751, 0.8180861130857785), (14134, 0.7976184614115618), (225, 0.7047721665381753), (11155, 0.5481594956718072), (8029, 0.539730922770296), (11761, 0.5293665005732417), (11293, 0.4404665684661333)]
hashicorp/terraform 14283 : [(17557, 0.9780621637909873), (15723, 0.9342790400040786), (14139, 0.8987002181189613), (211, 0.8901009821239891), (220, 0.8773383341836397), (821, 0.8579711418519463), (7268, 0.8430225953270467), (1794, 0.7839070398301321), (13492, 0.7810613680303264), (8104, 0.6789317864113743)]
hashicorp/terraform 14102 : [(14894, 0.9942976560313438), (10080, 0.8091117822877951), (10743, 0.6000567992755145), (18296, 0.13092373911828445), (17246, 0.12927156636193532), (2819, 0.10170406871499897), (1690, 0.0956889382530027), (16921, 0.09130367645804176), (14386, 0.08772673187507207), (17234, 0.08409690453415493)]
hashicorp/terraform 14096 : [(15553, 0.9949299875912584), (13236, 0.9882043261488774), (12966, 0.9865993744836479), (12987, 0.9517168249503746), (14911, 0.8835390373868893), (14896, 0.819385205469332), (15370, 0.7956202496272314), (14949, 0.7281714860178967), (1723, 0.716669485510404), (16393, 0.6825661518523602)]
hashicorp/terraform 13643 : [(862, 0.7267166075404772), (9581, 0.4886040818712674), (2482, 0.4344886409725273), (2944, 0.4067572167428091), (10553, 0.37488606630181226), (1529, 0.33795682096616525), (10584, 0.33351589565190976), (10076, 0.25364703254879695), (4524, 0.23839687542725288), (9540, 0.12671893242547927)]
hashicorp/terraform 13484 : [(4616, 0.5645405245572106), (2414, 0.3047077560946727), (13855, 0.20266463428328102), (343, 0.12420949276605944), (3365, 0.11733190055809398), (16499, 0.10817829794513373), (2038, 0.10815651187456574), (377, 0.09019883711150702), (9855, 0.0828606723147239), (16481, 0.08268447636948757)]
hashicorp/terraform 13432 : [(2425, 0.9666932000040018), (3846, 0.890678715786082), (16933, 0.8407548810798349), (18421, 0.8396067137814086), (18017, 0.7327827116612499), (1796, 0.7039394681590802), (6616, 0.6841287275340583), (4323, 0.6345006285439811), (9340, 0.6273235742050818), (9300, 0.5789154091172404)]
hashicorp/terraform 13426 : [(12818, 0.4402435816583725), (12173, 0.29242029464664665), (15318, 0.2131278132572124), (12388, 0.17385771814803172), (14601, 0.130587284540099), (12347, 0.12257001239074243), (7251, 0.10563776445496113), (12785, 0.10453707683199497), (12308, 0.10416648141135065), (12796, 0.08731317501414847)]
hashicorp/terraform 13408 : [(8993, 0.9954003639933972), (5129, 0.6167776820304594), (3785, 0.5), (13935, 0.37071050359645014), (11535, 0.35440205989635243), (5195, 0.19978586735725382), (13123, 0.14964585767523786), (12323, 0.121393833199746), (14709, 0.11818784104265309), (17036, 0.11027236950945526)]
hashicorp/terraform 13300 : [(15160, 0.6475750232380721), (6189, 0.6468906115034964), (5001, 0.6462573459370075), (14936, 0.6032766652232524), (14270, 0.5863579115523132), (6672, 0.564866417363179), (8768, 0.5423204079924953), (12757, 0.5118987744984643), (7806, 0.43385294040650907), (8941, 0.43096849648511854)]
hashicorp/terraform 13293 : [(3906, 0.4726148478192525), (3905, 0.4726148478192525), (3893, 0.27874185192309686), (3909, 0.2756825011603986), (15945, 0.2581231450114163), (14448, 0.23999844085376698), (3846, 0.22756778617634035), (14400, 0.2269698064992579), (3385, 0.21992642894467007), (3200, 0.21662318796019903)]
hashicorp/terraform 13067 : [(5795, 0.14411189473653746), (12480, 0.09641140691207592), (5203, 0.0856433017304596), (3443, 0.08429589896931547), (14340, 0.07020603266632823), (12540, 0.06044219747518353), (7839, 0.06017473165962018), (16846, 0.05793726383582543), (17221, 0.05565693019125123), (5675, 0.05541269487257399)]
hashicorp/terraform 13066 : [(2920, 0.9895508345836889), (1308, 0.8575188827456347), (7608, 0.8402062005071556), (11721, 0.7944076007352059), (2503, 0.7508148187504351), (2102, 0.61435850151125), (7875, 0.6110414354345045), (6297, 0.567887645306965), (6299, 0.3591175007220758), (6286, 0.244210551531713)]
hashicorp/terraform 13019 : [(1594, 0.9953512408887139), (9825, 0.9928014630083003), (17738, 0.9584495562613172), (3009, 0.864117411150392), (1926, 0.8104743026351643), (1767, 0.8085747619966277), (13046, 0.80239762933547), (11757, 0.7888044558751425), (4193, 0.7877845604508651), (15562, 0.7875574714849618)]
hashicorp/terraform 12911 : [(11669, 0.9694471823512832), (13177, 0.6983963350548821), (8074, 0.12277263396440757), (4044, 0.08839219386794003), (15509, 0.08747164032999925), (8883, 0.0772602092497216), (7652, 0.06047880285346626), (10763, 0.05989922467425393), (933, 0.059891807779059725), (6921, 0.05858066388600964)]
hashicorp/terraform 12864 : [(2704, 0.7859708538530016), (6284, 0.5590390976184703), (5263, 0.5209148182272756), (18058, 0.46882597545888866), (7111, 0.428318381914514), (13351, 0.4026510862078497), (554, 0.3498526087371965), (18333, 0.33351589565190976), (2647, 0.33351589565190976), (1338, 0.33351589565190976)]
hashicorp/terraform 12763 : [(11381, 0.7807632581988161), (5001, 0.708500765046904), (12497, 0.656629813644928), (3687, 0.5625698064352335), (11160, 0.5354288378980803), (14281, 0.5337583064264738), (15160, 0.531607641880728), (13541, 0.5278301501071577), (13937, 0.5270248504933422), (9986, 0.5214415910492141)]
hashicorp/terraform 12418 : [(12966, 0.8448903002539424), (1723, 0.6732236000945667), (7064, 0.5711171457611656), (3719, 0.5), (1133, 0.48017010783976694), (12352, 0.3961397880340632), (3487, 0.39380760774902646), (6814, 0.34153544179591977), (4901, 0.33853878357862455), (8647, 0.3165098116355326)]
hashicorp/terraform 12289 : [(1065, 0.965331920304605), (10256, 0.8854791690360757), (31, 0.8611813370080939), (11686, 0.6863662067237347), (12218, 0.47084066812020914), (3569, 0.43676803491670935), (4574, 0.39915422475252693), (1306, 0.3594219427825846), (1019, 0.35891448462203923), (15448, 0.35368563405255926)]
hashicorp/terraform 12201 : [(5001, 0.7014524296030239), (14270, 0.6721112494334345), (6189, 0.646075783941814), (14936, 0.6362226977575706), (15160, 0.5717854585124553), (6672, 0.5247221454837466), (8768, 0.5073272510024396), (10633, 0.4766808772589392), (10050, 0.46374576325508104), (8941, 0.4380647363608203)]
hashicorp/terraform 12132 : [(11381, 0.7833617257463724), (12763, 0.7441464214755492), (5001, 0.6727830982810904), (10677, 0.6526648602267594), (15160, 0.5195284805582515), (7322, 0.2500175769979456), (7270, 0.20679996722196262), (8941, 0.20676238456721832), (14270, 0.18856564521251568), (6672, 0.18246689350005363)]
hashicorp/terraform 12088 : [(13719, 0.9457348503336915), (11156, 0.9457348502962177), (14570, 0.6971504431596574), (4901, 0.6915905412870486), (8647, 0.6908907923164002), (12966, 0.6506554248576648), (10063, 0.6204022732588366), (10142, 0.5862461414442024), (17651, 0.5632692555819506), (17650, 0.5632033572496468)]
hashicorp/terraform 11897 : [(381, 0.03732381608581311), (10382, 0.034224255295844774), (14621, 0.03325523881811716), (525, 0.03314023838479884), (173, 0.032704552454340924), (15938, 0.03201521269606095), (12527, 0.03191515884123444), (2095, 0.03079668231709495), (16492, 0.030338761916486795), (4482, 0.02998510566042868)]
hashicorp/terraform 11876 : [(12763, 0.784921674854043), (11381, 0.7725648520561225), (14936, 0.47415251334978153), (15160, 0.45517478222988605), (5001, 0.411667796073282), (6189, 0.40458222787306986), (6299, 0.34841951001608606), (14077, 0.31736115306075346), (17198, 0.3106252162024052), (8941, 0.3042250915938692)]
hashicorp/terraform 11661 : [(17380, 0.9184355237001414), (17887, 0.6998729629047366), (17748, 0.6071287416830433), (17788, 0.5801247974990968), (16511, 0.5447415589427017), (14783, 0.4539062646396117), (5761, 0.30166549302579637), (4701, 0.19088144640934374), (15006, 0.1797478988271675), (13767, 0.17372693840470171)]
hashicorp/terraform 11163 : [(4181, 0.918752135612646), (7819, 0.7120339191091206), (12805, 0.3992124412273749), (4811, 0.2325822602363427), (5229, 0.22626498216861174), (6098, 0.14247699623041193), (13956, 0.12577326383135348), (8089, 0.11586659219744401), (17036, 0.11027245714811802), (3930, 0.08160754468594747)]
hashicorp/terraform 11057 : [(8768, 0.8152845640462737), (6672, 0.8112869140013524), (15160, 0.5685347790282829), (5001, 0.5636043271221572), (7270, 0.45159726116121696), (6189, 0.45028708395016415), (8941, 0.4468078883115487), (6299, 0.42304602994735846), (14270, 0.4137168131597556), (6013, 0.34609652070946156)]
hashicorp/terraform 10687 : [(11292, 0.7208604888443513), (7270, 0.43923934541840276), (7322, 0.4370126785268397), (18055, 0.43452904727376807), (15829, 0.3469143959778721), (14720, 0.34541968087935093), (6013, 0.3397865785739927), (10660, 0.32941605403830576), (15160, 0.32756194621550117), (15006, 0.3125514200295228)]
hashicorp/terraform 10353 : [(8551, 0.9380291685865616), (5988, 0.8864353412443001), (9366, 0.8380714721818691), (9365, 0.8380714721818691), (7474, 0.752713072577226), (7678, 0.7014323973058627), (8521, 0.6883830088402436), (8503, 0.42788394932052237), (1838, 0.17026892891378645), (3687, 0.14154272752823138)]
hashicorp/terraform 10315 : [(11975, 0.15062247892692956), (11853, 0.11800203456719142), (17380, 0.11242767751217449), (12086, 0.07687832720573025), (12236, 0.04960531630757796), (6026, 0.0362316891656112), (4159, 0.03358697046681752), (3296, 0.03326718374722787), (7886, 0.03247032281536086), (2753, 0.032416052893477806)]
hashicorp/terraform 9924 : [(14584, 0.9921458275112707), (10162, 0.9791269933794239), (7322, 0.9790566445695559), (11271, 0.9749087063953608), (10851, 0.938769391452422), (10849, 0.938769391452422), (8492, 0.9317545905008835), (17036, 0.9213496796524069), (8362, 0.5635806448335753), (8373, 0.5584259289640244)]
hashicorp/terraform 9384 : [(4448, 0.11514890778933526), (2077, 0.11514890778933526), (9558, 0.09664935412306608), (8235, 0.09618281185582304), (4712, 0.09148850757994942), (12151, 0.0911321236348891), (15206, 0.08188438102736095), (4544, 0.06470347970606327), (4356, 0.061773933123476336), (2029, 0.061155587860718806)]
hashicorp/terraform 9264 : [(9668, 0.934712685199691), (2554, 0.5174632638965306), (14922, 0.07942167214283576), (9024, 0.06753510746758155), (10732, 0.065925181600995), (6518, 0.05739832366823125), (9252, 0.05675492311720338), (4702, 0.05541017669235843), (8882, 0.05035065909661108), (12424, 0.04781510886953912)]
hashicorp/terraform 8994 : [(13581, 0.9878300769303276), (6717, 0.7914649543291151), (13752, 0.7379431948974796), (4061, 0.4673117699562237), (1778, 0.33657257714642846), (6017, 0.2625169896815544), (15222, 0.25530295473934184), (4757, 0.20393415353330402), (5563, 0.1877743144709514), (4875, 0.17969782013590424)]
hashicorp/terraform 8569 : [(8579, 0.9689226973534998), (17036, 0.9457348650588414), (15288, 0.9457348502962177), (3375, 0.9372528254957382), (6299, 0.8749333547369196), (8863, 0.7971514143534322), (17596, 0.4322099797616673), (16069, 0.428261546133621), (6013, 0.3211577370123358), (8496, 0.31971562807776543)]
hashicorp/terraform 8029 : [(11155, 0.993892442251136), (14134, 0.9865786689520676), (15772, 0.9552713536697588), (11293, 0.940272829601737), (11761, 0.8927992227319794), (11280, 0.8854648337441858), (365, 0.8695007041466475), (5751, 0.7703117224574271), (5577, 0.6326996091918758), (14291, 0.539730922770296)]
hashicorp/terraform 7225 : [(11280, 0.9195768585593792), (13880, 0.9175567135622014), (364, 0.9172152460972688), (11293, 0.908266774590508), (8704, 0.8697518127460935), (11554, 0.8505726547496485), (17105, 0.7919477423655754), (12315, 0.633046152503676), (8549, 0.5548040874472089), (6087, 0.423146144659096)]
hashicorp/terraform 7147 : [(5001, 0.7977664101374804), (6189, 0.7212526045638279), (8768, 0.5120386605536594), (6672, 0.5117834901737779), (7568, 0.46350217129750715), (5634, 0.46178735350097055), (6533, 0.45595319928962863), (5676, 0.4538482084426174), (6628, 0.4537304785199189), (6726, 0.4528179041372303)]
hashicorp/terraform 7049 : [(9668, 0.9398289318062132), (17036, 0.9213380722199328), (2554, 0.8243373726752806), (11160, 0.6430251090542436), (8563, 0.5901234459419474), (2062, 0.5884037924836655), (4595, 0.5696416047454486), (8067, 0.5634237240867201), (14363, 0.5356950436781567), (2825, 0.5244637735023197)]
hashicorp/terraform 6216 : [(6827, 0.9999813482872871), (983, 0.9556627396324938), (4918, 0.839973396970862), (4483, 0.785465575871673), (9520, 0.747580701947889), (1564, 0.746013685080344), (4921, 0.7421046806428465), (5048, 0.7095507028172652), (4475, 0.6935388131030642), (4148, 0.5581945889665675)]
hashicorp/terraform 4353 : [(10374, 0.9283712494583483), (983, 0.5776888837191118), (15160, 0.47710461395131526), (1564, 0.4749177951542424), (8941, 0.4650053301616456), (7322, 0.45399971924373894), (4917, 0.44272916695964504), (4480, 0.4414388827772061), (6507, 0.41736173985639774), (8768, 0.41157237689903897)]
hashicorp/terraform 4232 : [(10665, 0.7427865303743054), (9655, 0.5105256119369803), (2371, 0.45015696498494656), (12070, 0.14217916741084308), (5860, 0.12752547864723807), (18125, 0.1195534539584568), (7617, 0.11789453559542187), (4763, 0.11318153163839287), (10649, 0.1119741955759477), (7115, 0.09037414989025275)]
hashicorp/terraform 3366 : [(1544, 0.4551018096130195), (17036, 0.4184479011067228), (14378, 0.3728290800339683), (16816, 0.330786228530777), (9527, 0.2933251583568965), (9855, 0.2828935922240964), (2347, 0.268767638350181), (7865, 0.24326306419741128), (42, 0.2289544499419232), (9021, 0.21693390157840692)]
