hashicorp/terraform 18448 : [(17195, 0.607476131826164), (18400, 0.4531222649762615), (17781, 0.4427508902943589), (16280, 0.22088526576135442), (8720, 0.17708127316391403), (1575, 0.10565115588117818), (16207, 0.10446955881420879), (1338, 0.10432346818636849), (11940, 0.10350990425886666), (17196, 0.10212509968157353)]
hashicorp/terraform 18446 : [(12173, 0.9339316518347283), (7127, 0.9041360774799803), (3164, 0.8242551109936441), (1185, 0.8148317493758326), (8647, 0.8017947722895549), (16558, 0.5459205499185085), (1629, 0.5314694688566842), (16543, 0.5), (7941, 0.4797987462817575), (17531, 0.3455548775070178)]
hashicorp/terraform 18431 : [(17465, 0.9451588958014453), (10055, 0.7488396616174297), (13262, 0.6102095999312732), (8586, 0.590261269237052), (12710, 0.5451473239188519), (13583, 0.5200683572628929), (942, 0.5081534031670272), (941, 0.5081534031670272), (15793, 0.5), (11787, 0.49265289866427503)]
hashicorp/terraform 18421 : [(2425, 0.9483801019039377), (16933, 0.9439139222799702), (3846, 0.9345059103354024), (17744, 0.8217340589853859), (4323, 0.8146479020309662), (2683, 0.8004770487870851), (18357, 0.7770269129741977), (13432, 0.77271517194732), (2615, 0.7545653462997343), (11853, 0.6741648941422649)]
hashicorp/terraform 18388 : [(17667, 0.9694699603385006), (17811, 0.9641020266064159), (17463, 0.9580206783727396), (990, 0.4323831119841288), (16957, 0.246190168222759), (14139, 0.23781680924579496), (993, 0.20719187362082872), (2413, 0.14180931374660025), (986, 0.1094866739943524), (13542, 0.10931481302350837)]
hashicorp/terraform 18378 : [(17465, 0.9004804549284893), (16946, 0.6850170390004559), (10055, 0.6709161588344731), (16915, 0.660473586706825), (17245, 0.5815300047516866), (13583, 0.5812641557973806), (17853, 0.5642529196174747), (16545, 0.5591996985868384), (942, 0.558979479261205), (941, 0.558979479261205)]
hashicorp/terraform 18377 : [(16549, 0.9999895599891876), (16522, 0.9950508859864126), (18034, 0.9896590603828309), (9906, 0.967682495070026), (11223, 0.9665271429736796), (8568, 0.9665271429736796), (4622, 0.9665271429736796), (8274, 0.9268710337286173), (292, 0.9009008460426376), (10743, 0.8841736464673217)]
hashicorp/terraform 18357 : [(18421, 0.7770269129741977), (18017, 0.6472959180271037), (2425, 0.5674471910956856), (16933, 0.4751136901152833), (13432, 0.418549618433117), (3846, 0.4078607267081789), (7903, 0.24767126260924976), (2408, 0.22843817320365098), (17744, 0.20769365296571765), (2684, 0.20753445930149564)]
hashicorp/terraform 18355 : [(292, 0.5895828943888536), (10743, 0.5570033227393042), (17853, 0.537360090367756), (18187, 0.48588293301273416), (6869, 0.47185331025673527), (9663, 0.4567388576398605), (592, 0.4567388576398605), (4459, 0.4517445970906549), (18377, 0.44372206711419), (16549, 0.44235252742334685)]
hashicorp/terraform 18347 : [(4688, 0.41117702643463616), (5860, 0.14327008058981378), (3164, 0.1397034129990654), (18253, 0.13885573042874505), (8859, 0.1360691881320639), (2458, 0.1318681989671575), (1046, 0.12890119152046212), (4247, 0.12634384934791834), (11686, 0.11804467117819907), (7794, 0.10755363823720653)]
hashicorp/terraform 18331 : [(17237, 0.9576458027699656), (5953, 0.8994978393019072), (5860, 0.8964723437798828), (832, 0.796258275242432), (2022, 0.7701076736416755), (13962, 0.7471881580317168), (7266, 0.7407031003538994), (8200, 0.725497086491535), (5527, 0.6963259556142211), (5004, 0.6382530104126942)]
hashicorp/terraform 18305 : [(18055, 0.484014605410249), (17685, 0.3597816433086623), (2819, 0.3035990324215683), (1690, 0.2786772813342701), (16965, 0.24612914629349658), (9295, 0.24131748718939416), (14386, 0.19136660267855785), (17686, 0.15651686067134543), (10676, 0.12808868233114543), (18247, 0.12143652505011535)]
hashicorp/terraform 18277 : [(13772, 0.911748052618669), (15506, 0.6276381885017401), (4247, 0.6072076700353385), (11218, 0.5163742674694033), (17327, 0.49326100106051174), (8202, 0.4796591839509441), (17657, 0.47925128188466287), (5757, 0.47323801600881843), (5084, 0.45401202142542424), (7124, 0.45136593172460276)]
hashicorp/terraform 18245 : [(18038, 0.9924873397528705), (17259, 0.5140902187472162), (18062, 0.511912407320311), (16940, 0.4824162496128452), (16339, 0.4536385558672638), (17207, 0.4529047796983845), (18034, 0.45282210528716066), (16675, 0.44926183698191147), (17138, 0.446912692927188), (18035, 0.44595191017590224)]
hashicorp/terraform 18243 : [(15873, 0.9684030932027954), (17787, 0.7060625495722798), (17616, 0.7060625495722798), (2122, 0.7060625495722798), (17184, 0.4866989067614461), (15748, 0.4021203736226851), (2045, 0.38250417783801494), (10415, 0.3312594695729183), (7954, 0.3283609413913411), (3606, 0.3283609413913411)]
hashicorp/terraform 18233 : [(14515, 0.4743881837028131), (4565, 0.45918105412655613), (7335, 0.35072216345858764), (1623, 0.31656316997277173), (15110, 0.27571420625379933), (1234, 0.2627263459064374), (9560, 0.2070934835201973), (15049, 0.19239188221719017), (546, 0.18835627824507697), (85, 0.16849061997873654)]
hashicorp/terraform 18225 : [(18267, 0.8755324110043716), (13183, 0.8755324110043716), (11354, 0.8755324110043716), (10430, 0.8755324110043716), (156, 0.8755324110043716), (17969, 0.8419804612908545), (17956, 0.7454927126893116), (17852, 0.7454927126893116), (17123, 0.7454927126893116), (16954, 0.7454927126893116)]
hashicorp/terraform 18221 : [(163, 0.9327453532028874), (162, 0.9327453532028874), (6827, 0.9148561576288456), (1469, 0.8534587425271454), (13150, 0.8526747533861385), (6216, 0.6199544685385089), (13164, 0.5152196162911118), (11559, 0.4855716691874665), (17434, 0.4560987587210118), (7921, 0.45603719765107803)]
hashicorp/terraform 18210 : [(16644, 0.967494665771928), (17456, 0.8716773778751822), (7832, 0.8550896348888505), (3814, 0.8512870774177201), (13351, 0.82814231006401), (13847, 0.8193084893803355), (7528, 0.8186939488084165), (7905, 0.8070404126389468), (16549, 0.7899459334421954), (13419, 0.7649548825283096)]
hashicorp/terraform 18206 : [(17465, 0.650586458174539), (4698, 0.6022438013449616), (884, 0.5349390751089177), (18431, 0.40816874901556177), (921, 0.3891252337085358), (999, 0.38707740222689546), (8652, 0.3850447937240292), (8648, 0.38331779139131117), (6119, 0.3799246324209406), (11973, 0.3767936296467782)]
hashicorp/terraform 18194 : [(17839, 0.4522457605465137), (16975, 0.42515759248334495), (16785, 0.4199348805254845), (4795, 0.4026477628711777), (7557, 0.35810582315538997), (618, 0.27668915973502656), (4209, 0.2540040910315132), (16780, 0.2481904841705382), (4873, 0.10566909169517896), (803, 0.0761325829839644)]
hashicorp/terraform 18187 : [(292, 0.9273130819053443), (10743, 0.9141433480536574), (17011, 0.9047089900634454), (4459, 0.887293687015553), (6869, 0.864735068800058), (9663, 0.8582858501146725), (592, 0.8582858501146725), (9906, 0.856914081797045), (16549, 0.8514061114284531), (5063, 0.8472550997073731)]
hashicorp/terraform 18186 : [(5466, 0.975435564047193), (3861, 0.9576877220588617), (6195, 0.9290452994118583), (14594, 0.8421297782879756), (3436, 0.8038037472063921), (6235, 0.7848500513128635), (14123, 0.7832384485629779), (17186, 0.782743260245839), (11583, 0.7754285983025754), (14384, 0.7608111308695977)]
hashicorp/terraform 18185 : [(17890, 0.830451305874388), (17787, 0.5332293336938811), (10189, 0.40598534326812474), (1529, 0.36696368171714067), (15314, 0.3180283285891601), (10765, 0.2768700313190786), (3626, 0.27268332118259453), (10140, 0.2649224695933841), (11609, 0.25503577372415515), (11608, 0.25503577372415515)]
hashicorp/terraform 18174 : [(17020, 0.9262691891348915), (17355, 0.5), (16091, 0.45750737838975797), (18093, 0.3914332225960139), (2570, 0.2491103744935451), (7769, 0.22525410823949735), (2483, 0.19913230216276517), (1878, 0.17021734542979247), (2624, 0.16161898742981098), (15271, 0.14232377466230484)]
hashicorp/terraform 18134 : [(18394, 0.13661889010316505), (160, 0.1354900658952913), (17359, 0.13374845406754016), (15273, 0.12335143195750192), (15478, 0.12006701171399674), (18400, 0.11160940126923555), (71, 0.10567267208219631), (15890, 0.09185259332509875), (9846, 0.09150981020256568), (8864, 0.08639649860755066)]
hashicorp/terraform 18125 : [(4247, 0.7692483416167516), (12981, 0.7633377050914085), (1757, 0.7557505303240394), (31, 0.7094352504487867), (15957, 0.6523194875565373), (1771, 0.5801478652749256), (6818, 0.5622361307140377), (991, 0.3937848632457295), (12289, 0.3633331669245075), (15873, 0.349086009119808)]
hashicorp/terraform 18106 : [(14233, 0.8794985062430748), (12870, 0.8146362870352047), (7145, 0.7719081532745667), (1495, 0.7620401405983547), (11277, 0.7517780645569339), (7111, 0.7492522237699177), (2198, 0.7431097933692158), (7832, 0.7414784041288747), (16985, 0.7235407016782194), (12597, 0.6697685811873141)]
hashicorp/terraform 18093 : [(2624, 0.9326200363808036), (7440, 0.9257716464420537), (17827, 0.8748732534583537), (8577, 0.8737257992325349), (17355, 0.8565264401193395), (4592, 0.8454858757875373), (4661, 0.8295967165737358), (9114, 0.8169359040447934), (2483, 0.7981480849443231), (16357, 0.7884619287463852)]
hashicorp/terraform 18083 : [(10518, 0.6758662136975141), (10472, 0.6050302361944573), (20, 0.43441617473927807), (1661, 0.35440729533222454), (15588, 0.3369462562626788), (15985, 0.2010429375635794), (11256, 0.19005158240404985), (17645, 0.18307199933701257), (15408, 0.16357183743142426), (16867, 0.14745935287678788)]
hashicorp/terraform 18082 : [(15634, 0.9596582964732939), (15633, 0.8963195947025392), (15865, 0.8919296741422239), (5378, 0.8328922807903264), (15852, 0.8180683932212871), (6127, 0.8118075139581789), (15546, 0.7446565025864533), (9612, 0.6706648245923339), (8553, 0.6619375015481952), (800, 0.5463329822807507)]
hashicorp/terraform 18058 : [(9795, 0.988106494554722), (17553, 0.9390247629124306), (1829, 0.9006430860883694), (6284, 0.5790994827258029), (12864, 0.5610022885115045), (1338, 0.5543104865707607), (2647, 0.4837922732571401), (18333, 0.4683620000714876), (7304, 0.4574289643609125), (13351, 0.4554753872772069)]
hashicorp/terraform 18055 : [(18279, 0.9087377104153065), (18278, 0.9087377104153065), (17685, 0.9087377104153065), (17682, 0.9087377104153065), (17816, 0.8970273575901884), (18193, 0.5613816951969621), (17038, 0.5271618303793227), (18305, 0.484014605410249), (17061, 0.4420044503419744), (16934, 0.42331956042056573)]
hashicorp/terraform 18054 : [(14514, 0.6980923605697671), (12939, 0.5276563162850234), (13852, 0.5216440878133095), (15935, 0.4621099193981907), (13532, 0.433361828406862), (14780, 0.4199348805254845), (15325, 0.39347518596561437), (15355, 0.3805406636678781), (13825, 0.371452499328419), (11659, 0.3709266021807934)]
hashicorp/terraform 18039 : [(11160, 0.4833475556680926), (2062, 0.46000306346957986), (8563, 0.43373991548231183), (661, 0.4292993776029239), (16015, 0.4222466344228399), (2825, 0.42022931676299347), (17043, 0.399792773765298), (12333, 0.3957032735893774), (13810, 0.39328751145372015), (12688, 0.3925547886802115)]
hashicorp/terraform 18038 : [(18245, 0.9924873397528705), (7831, 0.8934287964778466), (7461, 0.8843399326459601), (862, 0.7051067064947873), (3961, 0.6942858401504496), (16675, 0.6434748840778274), (16339, 0.6413987353575482), (17954, 0.4623298566193605), (16522, 0.4559809026897675), (16549, 0.45374418471924255)]
hashicorp/terraform 18037 : [(4704, 0.9522000763810061), (14100, 0.9286532204870303), (16549, 0.9087377104153065), (17954, 0.7848909392519569), (17207, 0.5328358623453797), (18062, 0.5059351688696408), (17138, 0.5), (7081, 0.4882705303934707), (5239, 0.48605287996078356), (16940, 0.4778298219430899)]
hashicorp/terraform 18035 : [(16940, 0.6954401199996035), (18062, 0.5436248874825191), (17138, 0.5391624611915914), (16339, 0.45673400630097516), (17259, 0.4524799352910379), (16675, 0.4519518857868909), (17207, 0.44823004988224596), (18245, 0.44595191017590224), (16549, 0.4199348805254845), (16522, 0.4199348805254845)]
hashicorp/terraform 18034 : [(18377, 0.9896590603828309), (18062, 0.8266457935277974), (17138, 0.8166633151760814), (16549, 0.7984951648727142), (16339, 0.7967097772168282), (17207, 0.7583711309056042), (16522, 0.7487820089452685), (2102, 0.7159382902259483), (10762, 0.6794214133631067), (16599, 0.6195861096799482)]
hashicorp/terraform 18017 : [(16933, 0.8781504762871712), (2425, 0.8402505905526672), (17744, 0.8348218391795209), (3846, 0.7771334767548405), (16511, 0.702748882658966), (18357, 0.6472959180271037), (2683, 0.588950175594043), (13432, 0.5824835301570314), (4323, 0.5), (6892, 0.4927151930904515)]
hashicorp/terraform 17996 : [(18234, 0.5700724240453511), (15312, 0.4863408472584991), (17011, 0.4658657117058396), (12061, 0.43784758432328846), (9340, 0.33627599726140844), (3863, 0.19202108386364666), (17406, 0.17222453107973743), (7766, 0.14211611419986417), (10615, 0.1333337655705356), (10450, 0.11901988427074112)]
hashicorp/terraform 17995 : [(16975, 0.9396977106493086), (10431, 0.917365969760868), (283, 0.917365969760868), (8175, 0.914861719797866), (18066, 0.9043986234859982), (11497, 0.8618742372191871), (5094, 0.8606327984424572), (15748, 0.7991183767509565), (18040, 0.7395633323391106), (13284, 0.7362472179907085)]
hashicorp/terraform 17954 : [(18037, 0.7848909392519569), (16644, 0.6877008553211171), (17207, 0.559226787849898), (885, 0.526132753927589), (16192, 0.5072145420645651), (16549, 0.4673525176970431), (18038, 0.4623298566193605), (18062, 0.444350159756395), (16675, 0.44108027408966605), (17138, 0.4335487232179789)]
hashicorp/terraform 17942 : [(3393, 0.565300802519416), (1934, 0.42028192003449927), (9898, 0.4078305950515309), (1811, 0.3155668911536835), (834, 0.30578948119888183), (11921, 0.2663299834265916), (10504, 0.2635079582509906), (14, 0.262994859430919), (9971, 0.2583743086806797), (2775, 0.21457881632602727)]
hashicorp/terraform 17927 : [(11393, 0.5123349744282991), (3345, 0.41511644882930215), (8744, 0.38149980436775666), (12101, 0.33919239961533276), (8809, 0.29522892386717864), (10310, 0.27210416584875385), (9809, 0.2696907230082459), (2050, 0.269437007204215), (15059, 0.25815043510835983), (9146, 0.25810044373168045)]
hashicorp/terraform 17912 : [(674, 0.22109158006235158), (9719, 0.20429064316780912), (14883, 0.2042114465380066), (8639, 0.19845279770920848), (7739, 0.18275269584362125), (2068, 0.13367504532210078), (11546, 0.12168335130850358), (10589, 0.10975680365358598), (715, 0.09159217161606528), (11674, 0.08570612267368578)]
hashicorp/terraform 17911 : [(15589, 0.9487185114727388), (10221, 0.3054527398199563), (16594, 0.2894205866095027), (676, 0.28743132765047924), (6820, 0.23927342034957225), (1569, 0.20248801952479378), (182, 0.17514653129301228), (110, 0.17481628611426955), (1847, 0.1746199427301835), (13205, 0.16330879917446506)]
hashicorp/terraform 17901 : [(12535, 0.8178383846974129), (12591, 0.7218565049827074), (7799, 0.7026842590209649), (13459, 0.6742721417578184), (9668, 0.5683447783916529), (8877, 0.542339006345157), (11408, 0.4472025214040784), (11968, 0.4468232043871091), (13767, 0.41979923917010786), (11985, 0.40878158797416214)]
hashicorp/terraform 17887 : [(17748, 0.6659921866561148), (8303, 0.3592535394754492), (16511, 0.35528007797491146), (17788, 0.31530449979127423), (18017, 0.19211367789383146), (7708, 0.15143275554589927), (9265, 0.1394713616689814), (5761, 0.13715414778132617), (13255, 0.126869395747929), (6892, 0.11832125692873652)]
hashicorp/terraform 17886 : [(292, 0.5352656204522438), (10743, 0.5), (10589, 0.5), (18187, 0.45013451936171095), (9406, 0.4210941809854211), (16549, 0.42105326136954785), (9906, 0.41812272848680215), (6869, 0.4148316315098469), (9663, 0.40941028107171307), (592, 0.40941028107171307)]
hashicorp/terraform 17883 : [(15702, 0.9087377104153065), (15596, 0.8259103669590324), (2814, 0.7612413898909515), (16479, 0.7371895978720424), (7000, 0.5808174167722717), (3771, 0.566428003764975), (231, 0.5558813623771622), (2542, 0.5327602624483314), (3447, 0.5273367589033456), (10845, 0.4170433061136648)]
hashicorp/terraform 17882 : [(20, 0.7360247342118424), (16121, 0.5675716342245286), (15265, 0.5637041844363023), (834, 0.49467020828131986), (14, 0.49467020828131986), (887, 0.4224612492054982), (7439, 0.411295379711662), (13941, 0.39754900971315615), (13567, 0.37931582360737975), (15362, 0.3379238428553822)]
hashicorp/terraform 17869 : [(16280, 0.9433239893730658), (15829, 0.9066925182262138), (14720, 0.8860799755454376), (8864, 0.8276710821057266), (4592, 0.8211712287892114), (2168, 0.7713599839403468), (2624, 0.744063247839496), (3049, 0.734758851488833), (8940, 0.6560766616414512), (8863, 0.6389656290977853)]
hashicorp/terraform 17861 : [(8586, 0.48763746405324754), (13262, 0.48483291947607937), (12840, 0.35413461901043447), (12838, 0.35413461901043447), (12059, 0.35060066379236515), (17776, 0.3455228866057226), (12710, 0.3366050483767544), (11787, 0.303666110272084), (10394, 0.28504761561330655), (6304, 0.27918913588773625)]
hashicorp/terraform 17857 : [(16464, 0.9452168769620133), (13922, 0.7636821015888835), (12558, 0.730575675951877), (13258, 0.5489197956177856), (14423, 0.47869420636407567), (15435, 0.38709960477701894), (2428, 0.36798478020062814), (13165, 0.34893906317301543), (13008, 0.3100112884481154), (17913, 0.2995415554369654)]
hashicorp/terraform 17856 : [(17127, 0.9356594388405833), (16780, 0.8999041062634318), (7563, 0.4605038775055594), (12897, 0.43182595364611753), (7855, 0.29426071296437767), (5276, 0.28175220152517916), (9791, 0.2601839097170731), (9118, 0.22982129948524535), (1046, 0.20100332556525782), (8599, 0.17621036351282865)]
hashicorp/terraform 17839 : [(16785, 0.9929411383963772), (1746, 0.4651889355109097), (18194, 0.4522457605465137), (16975, 0.4466741582939974), (6703, 0.4416006686546305), (14806, 0.43312269731102077), (14250, 0.3956609052721113), (6355, 0.34982531719650456), (4483, 0.34422731844305254), (5604, 0.2929851849446878)]
hashicorp/terraform 17827 : [(7440, 0.9783585893446151), (4906, 0.890778684389529), (18093, 0.8748732534583537), (8577, 0.8445321277006471), (17355, 0.8082831261345436), (4592, 0.7609910119391023), (2487, 0.7398990802852887), (2483, 0.6872662713844069), (3329, 0.6870566516463829), (16091, 0.6534952599135228)]
hashicorp/terraform 17697 : [(18136, 0.6456312698763048), (15930, 0.6266472904227951), (17550, 0.4406645033541733), (16778, 0.4199348805254845), (16572, 0.1682582877466868), (9442, 0.13999852220000786), (16739, 0.13794797958955754), (9894, 0.13508893295476695), (10720, 0.13198729792618408), (16505, 0.12480238148931648)]
hashicorp/terraform 17657 : [(16895, 0.9871173998039815), (5757, 0.7949691878535512), (4247, 0.7779299276014031), (8202, 0.7610868557076585), (7124, 0.6343557551710156), (1770, 0.6149931009060079), (17298, 0.5789546642154211), (15506, 0.5778222766020127), (11218, 0.5730488400193217), (13772, 0.5637175923779151)]
hashicorp/terraform 17625 : [(16644, 0.9619242746566211), (10475, 0.8458178869243509), (16192, 0.785190223429038), (3814, 0.7677822839354204), (16168, 0.6688026074588818), (15871, 0.6547049315427355), (15322, 0.5778419090605581), (16985, 0.5526594638269665), (17553, 0.463221465867808), (16647, 0.4235804998014296)]
hashicorp/terraform 17557 : [(14283, 0.9874552760871833), (1794, 0.9663708870580174), (796, 0.8625445497510792), (14139, 0.8590848927168339), (990, 0.8357260620283782), (808, 0.6663438055551221), (821, 0.5926629918643174), (13492, 0.5621953155756939), (17667, 0.5588618681930978), (1104, 0.5083538155114993)]
hashicorp/terraform 17553 : [(7832, 0.9771401707980948), (18058, 0.9390247629124306), (13351, 0.8987840969924976), (3814, 0.8983341182381085), (4450, 0.8942453314346027), (16985, 0.8923113379336178), (12389, 0.8858160824831863), (4910, 0.8791856207997558), (7528, 0.8766447597862729), (2647, 0.8676800457752515)]
hashicorp/terraform 17510 : [(9228, 0.149563696761263), (381, 0.0523767611204051), (14621, 0.04647758376157548), (10382, 0.04638985979590055), (5239, 0.04418196343276862), (12527, 0.04364984008317566), (173, 0.043142975508544394), (10080, 0.041952966593387944), (536, 0.040234521296681994), (2095, 0.03981195687218727)]
hashicorp/terraform 17499 : [(3505, 0.9916784215420402), (13046, 0.9728993547166506), (17037, 0.971043828247831), (14784, 0.9427976624951241), (9216, 0.9311178822691589), (678, 0.9280019831755703), (1134, 0.9244060622024606), (6508, 0.9131296519043197), (4002, 0.9129344503087534), (2265, 0.9116598556531483)]
hashicorp/terraform 17470 : [(16865, 0.9689133712728278), (17552, 0.9527592664872079), (16585, 0.9294023531021779), (16936, 0.9065698172117098), (17397, 0.8617722598280665), (11724, 0.6408103676377952), (11914, 0.5197875989558928), (15793, 0.2731286613772786), (17036, 0.2426699547057607), (12710, 0.24051599842135973)]
hashicorp/terraform 17465 : [(18431, 0.9451588958014453), (18323, 0.9250982330837948), (18378, 0.9004804549284893), (10055, 0.6960121517884453), (18206, 0.650586458174539), (6540, 0.5896585507499926), (4284, 0.5720278770818363), (1149, 0.5500140513636076), (1952, 0.5379315597823212), (10504, 0.5277394074500514)]
hashicorp/terraform 17461 : [(17105, 0.9177767214075994), (13880, 0.8923849145068806), (8704, 0.7392137181082991), (5094, 0.6348071327818231), (8549, 0.59421692648075), (11293, 0.5164888131787245), (11280, 0.4871504724525995), (6287, 0.4136750783722946), (16975, 0.40516251525521585), (11554, 0.40443092253292545)]
hashicorp/terraform 17456 : [(16644, 0.9967079086491175), (7528, 0.9931356075071922), (13419, 0.9848043830425756), (13847, 0.9801809989825542), (9692, 0.9792971965518221), (7905, 0.9767825914492635), (7832, 0.9763933758304981), (2157, 0.9705914323052194), (7128, 0.9654075043136688), (9729, 0.9638302272065054)]
hashicorp/terraform 17454 : [(2503, 0.9433599539048608), (9735, 0.8332784077683095), (12031, 0.7821249486894359), (7133, 0.7300353860480518), (11581, 0.6732018641903518), (6297, 0.6306437082153318), (16668, 0.4733409706596343), (2920, 0.43866375447006745), (6299, 0.36278220529412997), (3136, 0.3356848730535006)]
hashicorp/terraform 17450 : [(14720, 0.9999870811836561), (15989, 0.997149928235969), (15965, 0.9842339806093143), (16142, 0.9720484598356057), (15964, 0.9695081108324598), (16704, 0.9387818278026758), (17317, 0.6022585445977793), (7268, 0.3757423854222755), (15562, 0.3716174822759573), (13041, 0.36862758183865)]
hashicorp/terraform 17438 : [(13112, 0.9999999631612564), (12894, 0.9662044232751773), (15598, 0.7190407946626172), (13580, 0.5728560079889186), (4997, 0.49424918636917375), (15403, 0.2614376407414295), (17961, 0.25781376089275293), (4509, 0.24573369315513346), (4502, 0.17651131178680965), (16348, 0.15263072644039807)]
hashicorp/terraform 17400 : [(11922, 0.8420897816419821), (6013, 0.7984764609043502), (2672, 0.5493497055698341), (6336, 0.4465356900881334), (166, 0.4297855624816742), (17044, 0.41608561610135497), (12433, 0.3772109178424311), (3383, 0.3622917452108145), (15032, 0.33800465734665475), (4680, 0.27687916040817995)]
hashicorp/terraform 17356 : [(6584, 0.9963584108883715), (2154, 0.9877535320343871), (702, 0.9669206960030349), (7526, 0.966347904013926), (2141, 0.9602510249157687), (1777, 0.9534643614531974), (1340, 0.9526065580398505), (12525, 0.9254713435051436), (828, 0.9211904365887926), (17408, 0.894109608852215)]
hashicorp/terraform 17259 : [(16675, 0.9999932282478379), (16467, 0.9692245210131671), (16549, 0.912314977343093), (16522, 0.6905399795832178), (18036, 0.6161315525144764), (16339, 0.6136172500941561), (18062, 0.5221044433732869), (18245, 0.5140902187472162), (16940, 0.48830917391207124), (17138, 0.4808516167719068)]
hashicorp/terraform 17237 : [(18331, 0.9576458027699656), (15652, 0.7492046079287197), (8200, 0.679512723745523), (5527, 0.6781967905403476), (5953, 0.6031990004977603), (5860, 0.5357219977216879), (7266, 0.3532000958641491), (3508, 0.3222202131953689), (2022, 0.31514589034657076), (12041, 0.2659967044949494)]
hashicorp/terraform 17232 : [(15995, 0.7085359975259709), (10446, 0.5730092490087169), (15449, 0.5477063228137007), (14493, 0.4372719497600804), (9576, 0.38587132358275544), (4762, 0.34535435032326683), (13818, 0.33967727270136433), (13557, 0.33090121686517904), (13137, 0.2634776010931905), (1744, 0.26161852583845757)]
hashicorp/terraform 17220 : [(5, 0.8858236110182095), (17585, 0.8850956233344974), (5460, 0.7675339325708208), (4700, 0.6398749898506773), (7731, 0.4592432225400422), (16356, 0.44833732721326147), (990, 0.4294921619464132), (15048, 0.3988766655365347), (137, 0.3939973904475945), (12986, 0.3937791788375129)]
hashicorp/terraform 17198 : [(10233, 0.6974125560517266), (9463, 0.6260328632133856), (10504, 0.5864120940575757), (2405, 0.5213504871859033), (11187, 0.4239723467320987), (10665, 0.4142258383740768), (13765, 0.4095661599033173), (8463, 0.4085503741613853), (8521, 0.3980943496761196), (5239, 0.39733977400613907)]
hashicorp/terraform 17151 : [(15964, 0.5710594275944972), (17434, 0.43492934223925944), (16142, 0.4336484186026217), (17450, 0.3385498714010613), (14720, 0.21525959085704138), (15989, 0.1741670683474124), (9208, 0.14044687556394067), (11319, 0.13161087086865086), (7941, 0.1269619145947282), (1629, 0.11984424833833793)]
hashicorp/terraform 17102 : [(2220, 0.7469759826679248), (5499, 0.7028437776973607), (15793, 0.6461175881449757), (11301, 0.5897051826845457), (7293, 0.587184971008484), (7550, 0.4016542204759617), (8521, 0.18161623419404546), (17090, 0.16802299503943757), (12624, 0.15252018709919235), (1723, 0.11565109498434052)]
hashicorp/terraform 17049 : [(1615, 0.9659985022861758), (9812, 0.942120469483007), (10203, 0.9016746630721933), (1082, 0.8690718631056379), (17097, 0.8169447051906525), (10325, 0.7086831956169255), (871, 0.651361492945744), (811, 0.613316866472031), (6322, 0.5339672768985465), (9634, 0.5084349503412506)]
hashicorp/terraform 17037 : [(17499, 0.971043828247831), (16461, 0.9661512517662446), (14784, 0.9601491761061367), (1626, 0.9578928402005077), (5218, 0.9564354410183283), (6508, 0.9535776601723909), (12638, 0.9480751081024776), (16021, 0.9451494196170628), (2450, 0.9406687754294352), (14801, 0.9353225337487803)]
hashicorp/terraform 16997 : [(15280, 0.9745628656371396), (10152, 0.9630906184480446), (8249, 0.9618929137631331), (17551, 0.8919568725670864), (2571, 0.7009923203453833), (1632, 0.583813869445334), (8673, 0.49344341620104176), (13592, 0.39548664941055955), (13754, 0.3904737674479447), (13368, 0.38796682960179857)]
hashicorp/terraform 16985 : [(16192, 0.9739323820086198), (7832, 0.9673499763530615), (2198, 0.9380147828173186), (6749, 0.9021683774232745), (17553, 0.8923113379336178), (15112, 0.8789616985378997), (16647, 0.8442350124190727), (7834, 0.8122774703858772), (9627, 0.7524362621809232), (16168, 0.7323108764825542)]
hashicorp/terraform 16948 : [(2425, 0.9821894631999147), (16933, 0.9436288550051263), (6616, 0.8018087032708915), (9340, 0.7367305052482913), (3846, 0.6133467559145515), (13432, 0.28966803457902873), (18017, 0.2759035460452302), (18421, 0.22934937745975092), (161, 0.15533497049846975), (7293, 0.13418798771573454)]
hashicorp/terraform 16927 : [(12966, 0.8355429071357932), (17651, 0.7204676042973033), (17650, 0.7202850837992382), (17649, 0.7202850837992382), (7476, 0.7029060977569651), (13637, 0.6933601421631994), (13791, 0.6861744510144474), (9455, 0.666673145440963), (11228, 0.630274358430142), (11944, 0.5956984014148091)]
hashicorp/terraform 16921 : [(2319, 0.5339475912944442), (2819, 0.4791949775000831), (1690, 0.46573122929599153), (16965, 0.39910354562535555), (9295, 0.3667395318749964), (18190, 0.35795269104627947), (12773, 0.32084477475782), (16964, 0.30431994299884546), (13165, 0.29130875670423645), (12558, 0.22862035098532082)]
hashicorp/terraform 16828 : [(5466, 0.41063171131091303), (14594, 0.4077882445724402), (6195, 0.39433834819445057), (18186, 0.3936194738457884), (3436, 0.3689574125162803), (17186, 0.3627026195322088), (6235, 0.3516929749208007), (14123, 0.3503048597266205), (11583, 0.3437385911585309), (8895, 0.3402376003380252)]
hashicorp/terraform 16807 : [(17, 0.9596692013889556), (15957, 0.9055147807455667), (8233, 0.9013916392389993), (16895, 0.8961262526462288), (7124, 0.7289319952889283), (1771, 0.6890966677537104), (1443, 0.648753730964468), (5757, 0.63898345551065), (5636, 0.6117184504178889), (1833, 0.5176440834593943)]
hashicorp/terraform 16764 : [(4745, 0.6673944392326867), (16621, 0.6601185196822394), (8243, 0.6497584877058934), (12067, 0.6467836816843547), (10658, 0.5456908670441637), (13557, 0.44341313081905337), (10318, 0.3927578399274059), (1606, 0.38667154593127007), (12837, 0.3846408252093649), (1917, 0.38035997889124545)]
hashicorp/terraform 16693 : [(12033, 0.2978996524660128), (220, 0.25262197543182685), (1127, 0.18952891266262403), (12311, 0.17965963202399052), (811, 0.1713003075541121), (1152, 0.16122046002848797), (388, 0.1527270791543628), (766, 0.15111058734592328), (4000, 0.1477667259013415), (15374, 0.14753257788429808)]
hashicorp/terraform 16511 : [(17748, 0.9950819402248772), (18017, 0.702748882658966), (5761, 0.5665450186537535), (17887, 0.35528007797491146), (17788, 0.34790601734705057), (18421, 0.2447036451097779), (17060, 0.24315661801717378), (7323, 0.21431701379427695), (6616, 0.20110478284513286), (5675, 0.1944993690703397)]
hashicorp/terraform 16437 : [(8249, 0.9838391910665611), (15280, 0.9836731775504252), (10152, 0.9701955524737702), (1632, 0.8429522559287226), (17551, 0.7180701973067403), (2571, 0.5540260377181683), (8673, 0.4334332680127428), (13368, 0.37523076774723313), (13841, 0.37123468318336894), (13840, 0.37123468318336894)]
hashicorp/terraform 16416 : [(14010, 0.8468855362668397), (3992, 0.8377579292777063), (17982, 0.811103802943953), (7126, 0.7594776766314694), (11184, 0.5916005774785779), (5173, 0.5759075566428917), (14098, 0.5366582023822064), (535, 0.435264587883417), (10348, 0.4237745118257201), (8862, 0.4214042451891977)]
hashicorp/terraform 16393 : [(13236, 0.7783227807821015), (12987, 0.7120621987167917), (14096, 0.7085741995274022), (16757, 0.6482650155179989), (15370, 0.6451505254379337), (7871, 0.642811095106925), (1992, 0.6410420131419039), (1738, 0.5739162446666144), (12966, 0.5716417633350493), (2942, 0.5371750291708827)]
hashicorp/terraform 16369 : [(702, 0.9876720565666933), (17408, 0.9831587434689443), (828, 0.9826996763113144), (3950, 0.9662719291964285), (7526, 0.9660426448915079), (901, 0.9615089992296495), (903, 0.9589349357619262), (9558, 0.9548550819905792), (2141, 0.9316494932836904), (6584, 0.9216541707220255)]
hashicorp/terraform 16091 : [(4592, 0.9999916736937345), (2793, 0.9697858980499761), (3049, 0.953413157340651), (2624, 0.952587588474501), (2483, 0.921856384547891), (7440, 0.9020613959554908), (2657, 0.8793163165897615), (9127, 0.8701803985298878), (3329, 0.8685642570502357), (17355, 0.8550890396677264)]
hashicorp/terraform 16064 : [(15836, 0.8246340085125926), (15355, 0.7365774925644332), (15666, 0.6461728999590899), (15267, 0.6311141119311111), (14514, 0.53066013660758), (16487, 0.5081014019477533), (15349, 0.48123434934793136), (16589, 0.4728082789794387), (16164, 0.4467793829178471), (16542, 0.3749392587609506)]
hashicorp/terraform 15829 : [(16280, 0.9061611023312778), (14720, 0.8837442711781015), (8768, 0.38536928551936744), (11292, 0.36601172645763075), (6013, 0.3657214525733552), (17044, 0.31708608691923046), (7322, 0.30536571658239714), (7270, 0.30325611241688255), (6299, 0.29599276067075664), (12757, 0.221755135028492)]
hashicorp/terraform 15797 : [(13, 0.8361035600185105), (7237, 0.8267580878177397), (16586, 0.6640758986438031), (33, 0.5543413687323104), (12860, 0.5), (17695, 0.4378827479841772), (6923, 0.4192194527034052), (17930, 0.3933548777447061), (2410, 0.38981660225444864), (6381, 0.3709849018379536)]
hashicorp/terraform 15629 : [(15387, 0.9012870063162385), (6398, 0.8989372721801574), (15671, 0.8502272622185001), (17810, 0.42138975298989795), (8985, 0.403946970481312), (4654, 0.31805269379906353), (12509, 0.31143099873527424), (1417, 0.22986183538142205), (6415, 0.21367159660167964), (16886, 0.20060049462384794)]
hashicorp/terraform 15597 : [(17538, 0.5827902332967763), (16758, 0.5510231988792915), (864, 0.14797175894318834), (9751, 0.1322372825534899), (16600, 0.10266748055794955), (9172, 0.09984736189352474), (1521, 0.09649919504060935), (9372, 0.08809799880630322), (15999, 0.08397292345702112), (767, 0.06392883329145861)]
hashicorp/terraform 15577 : [(12966, 0.9587904475670276), (12352, 0.9020683198953972), (17651, 0.804038103804788), (17650, 0.8038511135109448), (17649, 0.8038511135109448), (3719, 0.6650497266193426), (12173, 0.6159765927766887), (2060, 0.5505064255826454), (15841, 0.4550409839391902), (4806, 0.36202295779161414)]
hashicorp/terraform 15552 : [(7237, 0.6544953487629802), (16531, 0.4046167247081976), (989, 0.36025448927231746), (13818, 0.23379514485812466), (15615, 0.22220240369334673), (18352, 0.20056936025713232), (10273, 0.19094157412898263), (15940, 0.18829995881680034), (15780, 0.1825658833521681), (6833, 0.17724860736969186)]
hashicorp/terraform 15478 : [(9114, 0.9716178586286089), (18400, 0.9665271429736776), (16357, 0.9627142192978098), (160, 0.9479862216033594), (13525, 0.9189603375997216), (7440, 0.8180935687672483), (17359, 0.813317198924864), (15273, 0.768552554224208), (11502, 0.7206100531294555), (2168, 0.691614713857592)]
hashicorp/terraform 15353 : [(1093, 0.7866724006931086), (10276, 0.777265802922015), (4616, 0.5271722855247941), (17853, 0.5), (15391, 0.43093529779983225), (2502, 0.35516504331030974), (17245, 0.340520320848187), (16545, 0.3295364868663397), (6884, 0.31028441109585325), (7806, 0.26193624434884605)]
hashicorp/terraform 15288 : [(8579, 0.7157887766987241), (9576, 0.3527160576074324), (6814, 0.3349222848315929), (7273, 0.27318400541620724), (6013, 0.26728091043439517), (8249, 0.2233399560899882), (13222, 0.19841918680105544), (16997, 0.18465173261717263), (20, 0.18082439068477893), (1744, 0.1793790249691984)]
hashicorp/terraform 15196 : [(13210, 0.9192537692434131), (9677, 0.8865628088660562), (9161, 0.7927884834691283), (16388, 0.7683556227671391), (11467, 0.7655586091514299), (14594, 0.7143531822785932), (2150, 0.7070126496606328), (329, 0.4794585577454122), (7040, 0.42389813100693197), (3210, 0.4199348805254845)]
hashicorp/terraform 15106 : [(15158, 0.7486290885405371), (15326, 0.6609140407831567), (2514, 0.5225917186692318), (14542, 0.4588529536921404), (13909, 0.42583777107517506), (2215, 0.42169411219766667), (12529, 0.3824265695326294), (12765, 0.3809013472127431), (5255, 0.3704574251527517), (10254, 0.36466086040023127)]
hashicorp/terraform 14931 : [(12763, 0.976999130103113), (5001, 0.9330072140661348), (7952, 0.8960651463782255), (11381, 0.8335393389653472), (12497, 0.70126187745214), (14769, 0.6196307221991606), (14043, 0.6047164290598903), (10291, 0.6028967338320286), (15160, 0.5901611999432524), (6482, 0.5851965263689146)]
hashicorp/terraform 14858 : [(16439, 0.9042107607271952), (16103, 0.5952444663844974), (12729, 0.31325730861926593), (8883, 0.22422822251157382), (5084, 0.2151735432795828), (14864, 0.213945209800399), (11361, 0.19834718301590434), (10759, 0.1831069755254684), (949, 0.18044734017820596), (17719, 0.17260780889684313)]
hashicorp/terraform 14291 : [(15772, 0.9966048919533396), (365, 0.9844355315507801), (5577, 0.8917611816800954), (5751, 0.8709041999892407), (14134, 0.8177165412126111), (225, 0.768012010931688), (8029, 0.593547170139853), (11155, 0.5918784994134235), (11761, 0.5863407003334381), (11293, 0.4527836186452179)]
hashicorp/terraform 14283 : [(17557, 0.9874552760871833), (15723, 0.9640566408062425), (14139, 0.9300833787878225), (211, 0.9246467748130163), (220, 0.9227716772720471), (821, 0.8788181723628136), (7268, 0.8568878684897476), (1794, 0.8543334406579217), (13492, 0.8050284346948771), (8104, 0.7684835288462726)]
hashicorp/terraform 14102 : [(14894, 0.9945197197132275), (10080, 0.7633468971721494), (10743, 0.6811654063063085), (18296, 0.2227718814031742), (17246, 0.2192986891453041), (2819, 0.1670395787493336), (1690, 0.15365535902876643), (16921, 0.14413269909544002), (14386, 0.13739171108160245), (17234, 0.13240506108512307)]
hashicorp/terraform 14096 : [(13236, 0.9924772313121206), (12966, 0.9883962207047231), (12987, 0.958840828675013), (1723, 0.9049074748993838), (14911, 0.8876464139518314), (14896, 0.8375681307773196), (15370, 0.8194676136410566), (14949, 0.7905144066725079), (13165, 0.7611151244298887), (16393, 0.7085741995274022)]
hashicorp/terraform 13643 : [(862, 0.8233811673531759), (9581, 0.5879711250992653), (2482, 0.523821838607304), (2944, 0.4942570121163575), (10553, 0.4608723134371243), (1529, 0.42609051257103053), (10584, 0.4199348805254845), (4524, 0.39713221413361455), (10076, 0.2578276527006548), (9540, 0.15567310972015927)]
hashicorp/terraform 13484 : [(4616, 0.5776857761983631), (2038, 0.17696810475254413), (16499, 0.17141244800118496), (13855, 0.15806200157832348), (343, 0.123170620920411), (377, 0.1229322610035185), (2414, 0.11297555573903026), (3365, 0.10174643947948532), (10276, 0.09598189892285457), (16586, 0.07189951031063803)]
hashicorp/terraform 13432 : [(2425, 0.9829725832576874), (16933, 0.8860129647931038), (1796, 0.7857606549508214), (18421, 0.77271517194732), (6616, 0.7629954613749672), (3846, 0.7133355084849617), (4323, 0.6057393537168113), (9300, 0.5970244723291884), (18017, 0.5824835301570314), (9340, 0.5341407208430125)]
hashicorp/terraform 13426 : [(12818, 0.4931364861560361), (12173, 0.3091808237215463), (15318, 0.2673063708524499), (12388, 0.22683446591845366), (14601, 0.17016136616248448), (12308, 0.12358812668482044), (12785, 0.11885775676493941), (12796, 0.09402614109268222), (12558, 0.08619916430706903), (18241, 0.08397292345702112)]
hashicorp/terraform 13408 : [(8993, 0.9999879407785107), (5129, 0.7666433578627782), (13935, 0.3928414790653592), (3785, 0.35542722437296825), (5195, 0.30551506271051176), (13123, 0.2713720342977947), (11535, 0.26010752918950114), (12323, 0.220482703701722), (14709, 0.21556364918712753), (4811, 0.2076282712757445)]
hashicorp/terraform 13300 : [(15160, 0.8244648637812713), (14270, 0.7613167735615932), (14936, 0.7508273918941327), (6189, 0.6994313011903298), (12757, 0.696034113632835), (5001, 0.6929884990509725), (6672, 0.6170753373536634), (8941, 0.5486017874951248), (7806, 0.4813235144857261), (10050, 0.4234287025736332)]
hashicorp/terraform 13293 : [(3906, 0.6958729424480488), (3905, 0.6958729424480488), (3893, 0.47446812786768294), (11216, 0.4659842966545203), (3909, 0.4605920031487985), (15945, 0.42829174890913163), (14400, 0.3950205915722167), (10776, 0.3882714769974082), (3846, 0.38493463500135344), (14448, 0.38186341052455164)]
hashicorp/terraform 13067 : [(5795, 0.19628343454023317), (5675, 0.18649930138542745), (5203, 0.14369127783617344), (3443, 0.14338089937487192), (14340, 0.11119965382476936), (7839, 0.08843583523940654), (12480, 0.08364633156967917), (12540, 0.08130232090109667), (16846, 0.0804595031434505), (9243, 0.07660700238860814)]
hashicorp/terraform 13066 : [(2920, 0.9740744572540668), (2503, 0.7764618506443913), (7608, 0.6942456553811578), (11721, 0.6920047726870523), (1308, 0.6320356979272475), (6297, 0.5469119323278882), (2102, 0.4747843776598156), (7133, 0.2847648436045623), (11581, 0.25956107865109745), (8164, 0.22598899471392864)]
hashicorp/terraform 13019 : [(1594, 0.9933117396245195), (9825, 0.9897706304206276), (17738, 0.9287612593702236), (3009, 0.871326929141627), (1767, 0.7983345129769915), (13046, 0.7454556745226489), (15562, 0.7165750261891478), (1926, 0.7153415073133361), (11757, 0.7093853604446867), (4193, 0.7069850036982697)]
hashicorp/terraform 12911 : [(11669, 0.9682999325347825), (13177, 0.7356055998718559), (4044, 0.2028902111573742), (8074, 0.19936324196809055), (15509, 0.1326397963632914), (8883, 0.12062706390429939), (933, 0.08442751209232037), (7652, 0.07959206046760085), (10763, 0.07924089058890571), (44, 0.0772953854781313)]
hashicorp/terraform 12864 : [(2704, 0.8368721613594675), (6284, 0.6469249195050153), (5263, 0.6037190301104296), (7111, 0.5778230984243744), (18058, 0.5610022885115045), (13351, 0.4824162496128452), (9432, 0.4442291173818774), (18333, 0.4199348805254845), (2647, 0.4199348805254845), (1338, 0.4199348805254845)]
hashicorp/terraform 12763 : [(11381, 0.9756097982350677), (5001, 0.8600150109164874), (13456, 0.8184454435552667), (11460, 0.7344968941346747), (11674, 0.7297247923938053), (12497, 0.7243497101467469), (14757, 0.6690543349419429), (7270, 0.660523192573975), (13937, 0.6586901059825419), (12215, 0.6520991873360349)]
hashicorp/terraform 12418 : [(12966, 0.8098231680644257), (1723, 0.7157997825338651), (3719, 0.5671102972098401), (1133, 0.5055591671053998), (7064, 0.4755312650091279), (15652, 0.46053290988727336), (3487, 0.4432610411714795), (6814, 0.4209993234779688), (4901, 0.4089898935135138), (14096, 0.36828497708018576)]
hashicorp/terraform 12289 : [(1065, 0.9800123805131694), (31, 0.8857821178127336), (10256, 0.8200982747162616), (11686, 0.7863880755647221), (15873, 0.4727720763206893), (7855, 0.44854103508770604), (1716, 0.4368912783233118), (7148, 0.4223415292798344), (1390, 0.39583703979997126), (12218, 0.39506260473688737)]
hashicorp/terraform 12201 : [(14270, 0.8234998347788451), (5001, 0.8025988816587278), (15160, 0.750926955847882), (14936, 0.7387707279315432), (6189, 0.7018693124909507), (8941, 0.5484336710634048), (6672, 0.5395266651522799), (12757, 0.49410653217613365), (10633, 0.43516896803795185), (10050, 0.4192825332024579)]
hashicorp/terraform 12132 : [(10677, 0.9252761123785823), (12763, 0.8834070426574682), (11381, 0.8177338507163827), (5001, 0.7046683073629972), (15160, 0.6196604836074366), (7322, 0.351589580566978), (8941, 0.30639920512615), (7270, 0.3061416965672217), (14270, 0.2856411913079067), (6672, 0.27835846552112614)]
hashicorp/terraform 12088 : [(13719, 0.9199289671183757), (15590, 0.9183217011501219), (14570, 0.8850237658894462), (11156, 0.8662612840813935), (10063, 0.8369318668212314), (10142, 0.8056827760473468), (6063, 0.7679354937052256), (8647, 0.699756256452257), (4901, 0.6940322043182889), (14683, 0.641906129505657)]
hashicorp/terraform 11897 : [(381, 0.0474922251326998), (10382, 0.0419620276092003), (14621, 0.040669571554723), (525, 0.04002805981096855), (173, 0.03984175538746859), (15938, 0.039096809590276484), (12527, 0.03823479287000268), (16492, 0.03592855174314614), (2095, 0.03587921687587554), (4482, 0.03538013235029549)]
hashicorp/terraform 11876 : [(12763, 0.9093497575209012), (11381, 0.8176256987331956), (14936, 0.5748423471080681), (15160, 0.5662304577643742), (5001, 0.4764270187139084), (6189, 0.43534101319919416), (8941, 0.407679285381604), (7270, 0.35712003477284443), (14270, 0.3543488569640564), (7322, 0.3209810652221802)]
hashicorp/terraform 11661 : [(17887, 0.8341691315579698), (17748, 0.5649642319468771), (16511, 0.5289984404280156), (17788, 0.41512932327520713), (14783, 0.4058612005790772), (14473, 0.2855129540271586), (6457, 0.22523365605873844), (4978, 0.22523365605873844), (6616, 0.2179009239627051), (5761, 0.20247205762562348)]
hashicorp/terraform 11163 : [(4181, 0.9181398634591925), (7819, 0.7238021816267053), (4811, 0.46873118573760963), (12805, 0.45702563700239746), (5229, 0.21886991918633894), (8089, 0.20890149398109364), (13956, 0.1855732016520088), (6098, 0.11664091717435505), (3930, 0.11017263334993438), (4441, 0.10222329239029494)]
hashicorp/terraform 11057 : [(15160, 0.6485443182092988), (12763, 0.6415601356057281), (7270, 0.6025449752342319), (8941, 0.5902044010088838), (8768, 0.5168098452264989), (5001, 0.5125502800381584), (14270, 0.4733011231162793), (11381, 0.38461892492974176), (6672, 0.3801776612436446), (14720, 0.36314703368939055)]
hashicorp/terraform 10687 : [(11292, 0.7654816080566367), (18055, 0.7514831631984976), (7270, 0.5518929139560864), (7322, 0.5485162892400145), (14720, 0.3697744610782315), (15829, 0.35615731982511045), (12763, 0.3546453319373486), (16280, 0.338129618096117), (15160, 0.31629145081919396), (11381, 0.2977529260097503)]
hashicorp/terraform 10353 : [(8551, 0.9250575905333316), (5988, 0.9109101675703756), (9366, 0.8605746625637404), (9365, 0.8605746625637404), (7678, 0.7695152270004239), (7474, 0.7423410307773346), (8521, 0.6822976660152983), (8503, 0.3654254826512119), (3687, 0.21024709610236253), (1838, 0.164553968542228)]
hashicorp/terraform 10315 : [(17380, 0.13147477359226234), (11975, 0.12778123421690066), (11853, 0.09779743655976672), (12086, 0.06866947152373162), (10385, 0.061387183685207666), (10374, 0.05339949249381352), (12763, 0.04814884192554693), (12236, 0.045669093157122566), (3296, 0.03850325428641291), (2753, 0.03822279513905853)]
hashicorp/terraform 9924 : [(10162, 0.9999876475770552), (11271, 0.9953072568176143), (14584, 0.9932321316341547), (8492, 0.9393309229834625), (10851, 0.9126891684890335), (10849, 0.9126891684890335), (8362, 0.79859814158085), (8373, 0.795862708116821), (8278, 0.5), (8291, 0.3771366412459054)]
hashicorp/terraform 9384 : [(9558, 0.1586329659809879), (8235, 0.14241403951592332), (12151, 0.13702987757974444), (4448, 0.12643370480626034), (2077, 0.12643370480626034), (15206, 0.11662928230230425), (4712, 0.09563577031350272), (4544, 0.08562585508474148), (2029, 0.08502401187763087), (4356, 0.0781530795707813)]
hashicorp/terraform 9264 : [(2554, 0.7839918377015045), (14922, 0.11705655993851717), (13444, 0.11158139335406761), (13342, 0.10683058534629708), (9024, 0.09497321315808889), (10732, 0.09299519994495714), (14307, 0.0871585282950811), (11049, 0.08705131689954647), (11509, 0.08162348220805156), (11216, 0.08162348220805156)]
hashicorp/terraform 8994 : [(13581, 0.9935877008591604), (6717, 0.8439218544177716), (13752, 0.7550995271832689), (4061, 0.7451991962938931), (1778, 0.5475183033085526), (6017, 0.44372505702803333), (15222, 0.4332617318221888), (4757, 0.39136328575234497), (4875, 0.35276368841698535), (5563, 0.32054141270206815)]
hashicorp/terraform 8569 : [(8579, 0.9812923702346817), (8496, 0.2808987428574306), (6814, 0.27934505188447434), (6013, 0.2787418947864943), (7273, 0.27169814748185217), (4762, 0.2583741223338451), (8249, 0.23123980075999936), (9263, 0.22181498595498966), (20, 0.19436314925760034), (11482, 0.19339414152793824)]
hashicorp/terraform 8029 : [(11155, 0.9902601253324966), (14134, 0.9787436335323543), (11293, 0.9248932197818277), (365, 0.9142898292868799), (15772, 0.8884263768156058), (11280, 0.851567368271429), (5751, 0.8075873048555953), (11761, 0.7753052152747958), (5577, 0.6997147542974312), (14291, 0.593547170139853)]
hashicorp/terraform 7225 : [(11280, 0.9556614238065537), (13880, 0.9302612035326693), (11293, 0.926693829868788), (364, 0.9235215416192053), (8704, 0.8895612825031661), (11554, 0.8563394437184237), (17105, 0.8135049206764937), (12315, 0.6848633345242015), (8549, 0.6125653336953767), (14134, 0.4216197635258378)]
hashicorp/terraform 7147 : [(5001, 0.8630013679541539), (7322, 0.5590586295564053), (11292, 0.5180916315194466), (12763, 0.46412630726149856), (15829, 0.4195788938052551), (7568, 0.40821693135249204), (5634, 0.4060555405072092), (12797, 0.4051480171088991), (12913, 0.40276303540794456), (6533, 0.3991935150850486)]
hashicorp/terraform 7049 : [(2554, 0.8913754291657167), (9668, 0.818484030094885), (11160, 0.6600361262915976), (8563, 0.6025379779448148), (2062, 0.5996825589482914), (4595, 0.5747690830327544), (8067, 0.5673482354668622), (14363, 0.5171815685288199), (12851, 0.5057461130499545), (2825, 0.5)]
hashicorp/terraform 6216 : [(983, 0.9527612562706866), (4918, 0.8375002965599566), (4483, 0.8027681735788657), (1564, 0.7723279993340949), (4921, 0.7665594257065649), (5048, 0.6422291237201387), (18221, 0.6199544685385089), (6507, 0.6122545244848094), (18420, 0.6074649675223466), (17082, 0.6055859155772887)]
hashicorp/terraform 4353 : [(10374, 0.8391240896317357), (983, 0.8145272516847049), (1564, 0.7239684383486324), (4917, 0.6997291558266726), (4480, 0.6875760191513131), (6507, 0.6613424162186068), (4921, 0.6484613108411076), (7000, 0.6190413633322964), (15160, 0.6137828614426336), (3771, 0.6095598452857957)]
hashicorp/terraform 4232 : [(10665, 0.8905417005066576), (9655, 0.535170608190383), (2371, 0.3561024998238459), (12070, 0.2247866920322253), (5860, 0.20774698917721052), (18125, 0.19030799559177763), (7617, 0.1872954289104003), (7115, 0.13988483102995095), (6784, 0.13835311050234872), (6783, 0.13835311050234872)]
hashicorp/terraform 3366 : [(1544, 0.46151129009996944), (2347, 0.2540695711167917), (7865, 0.2329054465282269), (9021, 0.21163958534535782), (7251, 0.1773351175077115), (8374, 0.14465199312970803), (14055, 0.142520541878439), (15314, 0.12742099387718195), (11659, 0.11914127840916673), (9527, 0.11395271740835922)]
