joomla/joomla-cms 21205 : [(3727, 0.4688759036577103), (5365, 0.16201819984069715), (2363, 0.13789944019537134), (10278, 0.12342513529410232), (14874, 0.1188894155639575), (1493, 0.11621709807220626), (12896, 0.11239222453055076), (3847, 0.11100721824345751), (12071, 0.11037362314587659), (17524, 0.09883014624379442)]
joomla/joomla-cms 21204 : [(1079, 0.7533858341590395), (6555, 0.6302936364210782), (19635, 0.5604772093755351), (1038, 0.3128096362392079), (874, 0.25094555460575857), (9463, 0.24268696283674693), (18663, 0.22629740328563888), (13336, 0.22079585958913822), (17379, 0.2103251589781135), (19996, 0.19736526134932347)]
joomla/joomla-cms 21202 : [(7242, 0.790407138051582), (19981, 0.5903474076466817), (21085, 0.5869224830577168), (18474, 0.5596621671148247), (8594, 0.5587306131095311), (19758, 0.5426802433060923), (20440, 0.5288122077850826), (20525, 0.5214213747443531), (18449, 0.5), (20733, 0.490736809801277)]
joomla/joomla-cms 21189 : [(20923, 0.8466961014975214), (5722, 0.701819928871055), (9753, 0.6725320096877337), (21084, 0.5239328462467474), (21085, 0.5145214990679692), (20120, 0.5), (19981, 0.5), (21196, 0.49370831625229167), (21180, 0.47765890891719637), (20440, 0.47615205170485086)]
joomla/joomla-cms 21187 : [(20683, 0.8409692744666034), (9852, 0.6762256398683459), (18272, 0.6447926476064425), (4971, 0.6077841554021639), (17652, 0.5351439612428612), (4973, 0.5351050482322809), (18123, 0.5298284936956632), (18043, 0.47751541106179946), (2561, 0.42369843977060145), (7985, 0.33484217434431923)]
joomla/joomla-cms 21186 : [(6412, 0.6318574508958773), (6021, 0.24122017139975244), (16777, 0.22343059840627355), (16776, 0.22343059840627355), (7129, 0.20175421925883086), (5015, 0.193411048508356), (20028, 0.1715949613943911), (4451, 0.15314163278782694), (20151, 0.14148228415475708), (16329, 0.125366394666896)]
joomla/joomla-cms 21183 : [(4631, 0.5362830249798751), (7774, 0.36803885405143477), (1228, 0.3534383319812677), (11658, 0.3114579127578384), (706, 0.25189973662430803), (21069, 0.239723578288419), (1281, 0.23856973386725783), (7182, 0.22021273131949284), (8132, 0.20204579059127473), (14503, 0.2007989728499751)]
joomla/joomla-cms 21180 : [(20440, 0.7173346204962701), (21196, 0.5294941237665349), (19981, 0.524905585591394), (20923, 0.5), (20604, 0.5), (20120, 0.4873852950329223), (20733, 0.4826295018980666), (19758, 0.48056506780355607), (19544, 0.47994635773051925), (21189, 0.47765890891719637)]
joomla/joomla-cms 21174 : [(16816, 0.8030411834126956), (10331, 0.7784920753131946), (1537, 0.7497110616112421), (1538, 0.7461185192310993), (658, 0.7061565585572056), (16842, 0.6769168672966637), (5816, 0.6706882115682071), (575, 0.5916395062950394), (15979, 0.5804047986542581), (15810, 0.43913931036115644)]
joomla/joomla-cms 21169 : [(18183, 0.9048762617004678), (6053, 0.7000404750146147), (18677, 0.6376319699249823), (18283, 0.6030787731295396), (6548, 0.5770535971067765), (20630, 0.5714666831796917), (4903, 0.5697159001616682), (7052, 0.4553802729989822), (18925, 0.44817082209428943), (3619, 0.4113827945337437)]
joomla/joomla-cms 21167 : [(16641, 0.11980732346619077), (20507, 0.10383267414900482), (9773, 0.10268940277951337), (20113, 0.09759070899079254), (15038, 0.08881141533055341), (17430, 0.08760348460016242), (15994, 0.07780996646706835), (11017, 0.07761812163019181), (20339, 0.0775698934611679), (13300, 0.0752219079638629)]
joomla/joomla-cms 21163 : [(17208, 0.3890921556611779), (8594, 0.35625136277324976), (7681, 0.3541665554600547), (15940, 0.32002019662376013), (11324, 0.3065957413378041), (1432, 0.28101131898014325), (699, 0.2624748991386656), (7385, 0.25901265715201055), (18387, 0.2503245829738203), (9586, 0.23098068897575438)]
joomla/joomla-cms 21159 : [(20383, 0.18525139196291066), (1281, 0.18148386645904271), (1318, 0.16492907996292455), (765, 0.16141572031996707), (11658, 0.10280171769737005), (1228, 0.0944352428637178), (5231, 0.09392793904042149), (18954, 0.08978495631009689), (21183, 0.08308215455372443), (16428, 0.08225070366706604)]
joomla/joomla-cms 21157 : [(10847, 0.24189843144196221), (674, 0.1343420443967416), (17190, 0.11005540189896024), (4085, 0.10629049838153877), (4236, 0.10418071002508406), (6660, 0.1003973472194361), (16888, 0.09980834885461137), (7179, 0.0907771996527531), (5632, 0.08799649994628583), (23, 0.0863068421574999)]
joomla/joomla-cms 21152 : [(9358, 0.48382971984603873), (13033, 0.29906817795134), (1156, 0.28224801324991344), (4319, 0.2664170867075018), (4454, 0.24084746121095693), (792, 0.2115595980910073), (20238, 0.17017620097582023), (4244, 0.1561679789741499), (20200, 0.15262200985258323), (10282, 0.149390686221837)]
joomla/joomla-cms 21129 : [(21180, 0.44404027999912316), (19985, 0.4387530595069386), (21133, 0.431596352931048), (19682, 0.4301362309408003), (21164, 0.4296272593051763), (21189, 0.42654291647754977), (21085, 0.42509766352975653), (21022, 0.42490211248553966), (21007, 0.4222229942829253), (7624, 0.4216858615713485)]
joomla/joomla-cms 21126 : [(6317, 0.6648012332286292), (5146, 0.6590372579705395), (1116, 0.5789066852398743), (8899, 0.5134877665915953), (14279, 0.5), (19367, 0.49231607609114975), (39, 0.4371578920475831), (6430, 0.4311143501205806), (504, 0.4297966277723018), (11845, 0.4066649791098885)]
joomla/joomla-cms 21095 : [(18054, 0.7453053766512174), (14771, 0.6118865509070722), (11304, 0.14383894358228902), (7719, 0.14292195585644427), (11961, 0.13612238204940028), (17635, 0.13152232856261337), (8816, 0.12609489177820335), (4819, 0.12182747143809372), (8056, 0.11025806023348646), (11073, 0.1033973259267896)]
joomla/joomla-cms 21077 : [(8899, 0.4371263629587611), (14787, 0.3592451776447372), (8888, 0.26707984528384443), (11700, 0.18395054454306037), (17276, 0.17155850291181018), (8890, 0.1648036535773805), (13146, 0.15784200393972414), (4121, 0.15668082271203876), (6401, 0.1563964269829525), (2016, 0.13153659856588848)]
joomla/joomla-cms 21058 : [(4605, 0.965360097800924), (4576, 0.5118449120345022), (4611, 0.4946734874232982), (4634, 0.468372153739243), (17450, 0.43475145106604096), (4539, 0.4314988633566201), (4620, 0.41701027206075825), (4564, 0.3972834173418472), (16367, 0.37483295068165845), (219, 0.3151025656173564)]
joomla/joomla-cms 21056 : [(4576, 0.9744676856721658), (4611, 0.5117671828679404), (4605, 0.5111985822787237), (4634, 0.48501517557506274), (17450, 0.4507056680065828), (4539, 0.44726985084485377), (4620, 0.4323515605309627), (2170, 0.4195176075340845), (4564, 0.41196418789295935), (16367, 0.3885063004420326)]
joomla/joomla-cms 21038 : [(20914, 0.24385902544872426), (8156, 0.208091809421466), (12253, 0.19976074499030322), (9510, 0.1962384230688586), (317, 0.19319516981188362), (4564, 0.1845100515796935), (3525, 0.17398436272397444), (1969, 0.17224235890202555), (4522, 0.15886008787093875), (1844, 0.1534871191373044)]
joomla/joomla-cms 21037 : [(3558, 0.5454206062414555), (10290, 0.35387403633673725), (15181, 0.347185165117857), (6322, 0.3080973637820889), (20914, 0.299812006062752), (1587, 0.26235600160675815), (8156, 0.21990773180564901), (20596, 0.2107506702834415), (7376, 0.20990583201575122), (4564, 0.18681913765241892)]
joomla/joomla-cms 21031 : [(6358, 0.8533503570411665), (4783, 0.8132774249262942), (6366, 0.8111027841999118), (3208, 0.7799639968825273), (1919, 0.7746701802162785), (1485, 0.7437573036444023), (1268, 0.7029389167560028), (4567, 0.663026850572222), (841, 0.6565430373340573), (6649, 0.6051335915159117)]
joomla/joomla-cms 21012 : [(11052, 0.929325251617163), (1514, 0.9284222010013964), (5980, 0.8939167306718546), (9884, 0.48608086568440834), (6353, 0.3888497363338084), (425, 0.38440105226682664), (7448, 0.3364628271969091), (8530, 0.33405158009332614), (5365, 0.2604721940604563), (7104, 0.20989846304034102)]
joomla/joomla-cms 21011 : [(6428, 0.8340342091771149), (6371, 0.814203952854179), (7032, 0.6247431609258643), (7061, 0.5727126576564712), (7271, 0.5700513237847403), (6230, 0.5587456626150527), (3963, 0.5441581338276186), (7055, 0.5425617639390728), (4797, 0.5), (5110, 0.49344659504612504)]
joomla/joomla-cms 21010 : [(4170, 0.3089215900035218), (1514, 0.22600390807969303), (231, 0.18699915170639986), (7717, 0.16762493599756118), (8814, 0.1370089379684863), (8530, 0.1291578606711312), (8816, 0.12803475706050474), (3812, 0.1045321260300627), (16675, 0.0987070348087491), (16888, 0.09749032611722763)]
joomla/joomla-cms 21007 : [(20843, 0.9477457343609673), (20310, 0.8437701689206871), (7320, 0.7138598961462228), (19544, 0.5103582872623024), (21133, 0.5072143468870768), (21137, 0.5053605131154071), (17677, 0.5), (425, 0.4872040746250137), (21085, 0.48368018335908514), (20440, 0.48092769012304404)]
joomla/joomla-cms 20982 : [(5729, 0.7798899507601185), (711, 0.6874602065185416), (4164, 0.6045875122827009), (10278, 0.4793832413012507), (1650, 0.4635941566457503), (13789, 0.4545972280058192), (4940, 0.4512008835344096), (5568, 0.37035860213684696), (4576, 0.3655204021122565), (3655, 0.3374870443540236)]
joomla/joomla-cms 20979 : [(20117, 0.9874115795249898), (8792, 0.7831460188607832), (1521, 0.6986239819721879), (6039, 0.6853982580501935), (6037, 0.6796810557886439), (3979, 0.6710244131564869), (6038, 0.6668118372900026), (8040, 0.6652060949967645), (2548, 0.6645071007335125), (11624, 0.6527579101892618)]
joomla/joomla-cms 20967 : [(2262, 0.6596883625685006), (11624, 0.42158491989608915), (15839, 0.4103946023495318), (19945, 0.3691736392517249), (4196, 0.35861936345163253), (2572, 0.1798295376188434), (12473, 0.15529395835476098), (7179, 0.13492854806732088), (18957, 0.10111717847641466), (12099, 0.10079750890558475)]
joomla/joomla-cms 20965 : [(19190, 0.9384996615408399), (9765, 0.8791385011171342), (7940, 0.8425088331919093), (10810, 0.8025741180289679), (3086, 0.7896856579724307), (7403, 0.7634089385325425), (6218, 0.7477770562377459), (7237, 0.7225679475961366), (2633, 0.5930465897280014), (5315, 0.5812535203179686)]
joomla/joomla-cms 20943 : [(8411, 0.5265144723522477), (21026, 0.38180292865283144), (17433, 0.38150496642573445), (9669, 0.37288387443209736), (15690, 0.3646605459046869), (11482, 0.15592327721248744), (2715, 0.09435910664161297), (20436, 0.09269402020087111), (17552, 0.08226560730099855), (1600, 0.07472117149698984)]
joomla/joomla-cms 20940 : [(3386, 0.5532038193171875), (2136, 0.535523400402284), (6864, 0.3970905297080173), (14258, 0.37606465274061407), (14954, 0.2722122832708957), (965, 0.16721950226874063), (3533, 0.16218736804587341), (1290, 0.11596333312757683), (2108, 0.09343776977109125), (5615, 0.08579871751586986)]
joomla/joomla-cms 20926 : [(1609, 0.5282737822381605), (3185, 0.2853234683801351), (3437, 0.26533238053404573), (11546, 0.25505304994766004), (5415, 0.2541457084153688), (5414, 0.2541457084153688), (765, 0.17926457158002745), (19606, 0.17065217312818087), (4298, 0.1633672698560147), (4229, 0.1633672698560147)]
joomla/joomla-cms 20905 : [(20016, 0.5220902076364663), (20502, 0.49030335569971245), (20677, 0.4312183167188582), (11014, 0.4278122429080015), (4295, 0.4088985947481896), (13479, 0.3994554628801928), (19038, 0.21287369549361967), (9271, 0.20094897860159538), (20459, 0.18013546770316843), (7024, 0.17467706958519885)]
joomla/joomla-cms 20904 : [(17881, 0.5785238492182345), (11977, 0.5), (4118, 0.5), (20893, 0.4889052847950171), (793, 0.4777004692575529), (17752, 0.47361879327326256), (21100, 0.47063806247210244), (15650, 0.4469350730026719), (4010, 0.44449954203192954), (12962, 0.43670128518761064)]
joomla/joomla-cms 20893 : [(12979, 0.89144611620856), (12962, 0.8230339040468675), (12104, 0.7074360127686453), (8750, 0.49207131318027136), (20904, 0.4889052847950171), (12961, 0.4727256432553809), (10278, 0.4580950151430987), (20921, 0.45741881708380966), (10296, 0.4186665053835974), (5365, 0.383440504634242)]
joomla/joomla-cms 20855 : [(20507, 0.25182028977868326), (15038, 0.20874994316606046), (11017, 0.17847465026253928), (12668, 0.17082659927639224), (6382, 0.13926167224831523), (4458, 0.1383528128148562), (14127, 0.12263587439509017), (11003, 0.11795656969716466), (18863, 0.10691169354079087), (20037, 0.10344309804541708)]
joomla/joomla-cms 20850 : [(15619, 0.7322631559284607), (11134, 0.6825118886168237), (3569, 0.5664763534171147), (4751, 0.4006613771574618), (7941, 0.382364969942305), (15436, 0.3682453378997119), (14070, 0.30717490665439345), (7827, 0.24361104491568006), (7644, 0.17005676382196597), (8208, 0.160889629938682)]
joomla/joomla-cms 20843 : [(21007, 0.9477457343609673), (20310, 0.513335449303362), (2575, 0.5), (16278, 0.47510984170386206), (17677, 0.4426832874474848), (7456, 0.4237883186023415), (976, 0.4125567796844714), (8875, 0.40966620889609645), (4362, 0.40745721624746845), (7714, 0.4052253275698876)]
joomla/joomla-cms 20811 : [(900, 0.262447554368732), (895, 0.24315661801717378), (16646, 0.16510292215795386), (5825, 0.1361192380570344), (3863, 0.11853271185656439), (16278, 0.10970733131394128), (4830, 0.09076236537715314), (18132, 0.08849707490177681), (11500, 0.08591257701832276), (16443, 0.08324304661028162)]
joomla/joomla-cms 20800 : [(20051, 0.77330511614888), (9231, 0.6161142311761278), (11935, 0.4215618578016785), (9796, 0.4188994454446811), (10772, 0.4154935406602159), (9504, 0.4116763413741014), (12147, 0.4083405385433441), (11421, 0.4056837921321212), (9658, 0.4034632671318575), (11681, 0.4032832077322037)]
joomla/joomla-cms 20796 : [(17784, 0.927740435675741), (6942, 0.6847079774583655), (4151, 0.3749189449280821), (8282, 0.359589364084767), (8399, 0.35913776566361066), (8984, 0.17398631042890697), (3844, 0.15726133190141137), (11304, 0.15022387267843812), (8619, 0.1496311490894809), (16265, 0.1477413586394934)]
joomla/joomla-cms 20788 : [(4597, 0.8133060907730818), (6670, 0.6182965236909225), (10070, 0.5989165690864713), (11844, 0.5692620631578136), (7702, 0.5472446663984467), (10772, 0.5), (4513, 0.41946210320886135), (17433, 0.41120219008845976), (10075, 0.4095133526127572), (11920, 0.40495184922722016)]
joomla/joomla-cms 20787 : [(8411, 0.8463984710068012), (11471, 0.8170789570877112), (20890, 0.7402590420666125), (210, 0.7310366598772575), (9231, 0.7153853114553334), (113, 0.7002013867424947), (8816, 0.6463252538063967), (6629, 0.6304022055726713), (13640, 0.5799771350343471), (4967, 0.5604510647531755)]
joomla/joomla-cms 20781 : [(16617, 0.30486737567040556), (13517, 0.26182607345179987), (12366, 0.24460069399669535), (7376, 0.19776595346436154), (7375, 0.19776595346436154), (20914, 0.13069077277157118), (20303, 0.1264395274505649), (10290, 0.12388156863656638), (8156, 0.11017783999979307), (4259, 0.1061672911847655)]
joomla/joomla-cms 20759 : [(20749, 0.8637152028962631), (20957, 0.5), (20945, 0.5), (17765, 0.2286238228573336), (10261, 0.16194744626054167), (5184, 0.1502594054425665), (3063, 0.1380377711409377), (3911, 0.12475430926915727), (20424, 0.11332037767848539), (5271, 0.10870815925776577)]
joomla/joomla-cms 20749 : [(20759, 0.8637152028962631), (20945, 0.5964342659735123), (20957, 0.3738314136281007), (12112, 0.2136436677047894), (17456, 0.19270338621888528), (18554, 0.1676667122439371), (20310, 0.1493270101508148), (19269, 0.1310954764748068), (8513, 0.10669199263912388), (17765, 0.09390317768307305)]
joomla/joomla-cms 20693 : [(20170, 0.36263640241906075), (21017, 0.21982193809645412), (1202, 0.1949985173964493), (9972, 0.16724816574712417), (19822, 0.16149603921552103), (245, 0.13815807856168946), (3906, 0.13452095198907782), (5058, 0.13283349876613618), (5055, 0.13283349876613618), (5047, 0.13037572609902423)]
joomla/joomla-cms 20682 : [(1395, 0.9139085793229864), (15743, 0.8688392203967527), (10723, 0.8624097538816832), (20763, 0.8291774003026707), (1603, 0.7362045525206803), (1509, 0.6671397317178236), (3903, 0.6447503519056756), (15283, 0.6258396889021134), (11827, 0.5685167426041445), (4164, 0.5599633559371082)]
joomla/joomla-cms 20677 : [(8890, 0.7116304905058951), (20016, 0.45251826502047293), (20905, 0.4312183167188582), (20502, 0.4245516496819104), (6320, 0.15512535449666068), (6583, 0.10280411269963434), (525, 0.09512661817743526), (3630, 0.07420009571646671), (615, 0.07172394610311243), (4656, 0.066659637158441)]
joomla/joomla-cms 20673 : [(20987, 0.7249872677840784), (4583, 0.44545225839522773), (4602, 0.42397329214289164), (6900, 0.3320612596479577), (3842, 0.2948016736816677), (5144, 0.28608292488577763), (16216, 0.28358860153222853), (4556, 0.2747349464411024), (1561, 0.27037926787388145), (15533, 0.2645818425684065)]
joomla/joomla-cms 20658 : [(16159, 0.45767611906695793), (5463, 0.3556888828227558), (8309, 0.3413558511771598), (19822, 0.2714403144177693), (11561, 0.2658074938314053), (1833, 0.26446137944780906), (13377, 0.25321284878146505), (6959, 0.2441457981410012), (5075, 0.2239895326721427), (12286, 0.22235618672652496)]
joomla/joomla-cms 20643 : [(20573, 0.8125190744055348), (17251, 0.7046214325687501), (7940, 0.3957296044127979), (5142, 0.39202357120849496), (9669, 0.3893053629039241), (5318, 0.386416034046564), (6787, 0.3577533645582174), (14276, 0.3487070219187298), (2546, 0.1763588790248842), (15736, 0.17153590925561707)]
joomla/joomla-cms 20640 : [(20170, 0.48005977233774005), (14567, 0.27075329598115905), (3212, 0.25951831172996476), (14810, 0.2540131024441766), (5331, 0.23519952963140853), (3244, 0.22633333850827764), (3651, 0.22614495748233107), (20987, 0.21047327515031422), (5227, 0.1973832384712041), (3652, 0.1794031942561659)]
joomla/joomla-cms 20637 : [(20915, 0.724453284247839), (21123, 0.6544125231961698), (13377, 0.6221232553043519), (5463, 0.5362629393263344), (18838, 0.5334735619087239), (940, 0.5288803240373032), (3281, 0.482168822621788), (21067, 0.4320409517343801), (6959, 0.40638170476737084), (5442, 0.37087914401804334)]
joomla/joomla-cms 20630 : [(5609, 0.7569330805201065), (2956, 0.6455556002453977), (2955, 0.6455556002453977), (21169, 0.5714666831796917), (7504, 0.5189603865381892), (7645, 0.5116896798260196), (4936, 0.41584836934439023), (11762, 0.3987871229018613), (12727, 0.38019365875160893), (7506, 0.3573934002893168)]
joomla/joomla-cms 20629 : [(15120, 0.48062053819019007), (7432, 0.4426590281557217), (7697, 0.4176281429239675), (488, 0.41692049091950095), (15641, 0.41568697229456536), (17907, 0.40285255508465523), (10268, 0.3939765842601942), (10804, 0.38193034848953233), (7593, 0.37785491205413557), (19076, 0.36957959765511994)]
joomla/joomla-cms 20621 : [(4107, 0.5395735437807949), (20012, 0.22761818488870836), (17009, 0.21844044367478563), (8914, 0.19716775443011886), (13755, 0.19641454687466814), (20697, 0.16493617768663033), (21201, 0.15411990868645906), (12481, 0.14232645391204432), (2268, 0.13817713744869314), (7136, 0.1321738639054927)]
joomla/joomla-cms 20596 : [(18474, 0.9999976279996485), (17859, 0.9469589520888082), (13058, 0.9188385386824357), (18090, 0.9066313262668593), (19509, 0.6986322558610069), (20093, 0.6629630131262035), (19288, 0.6530840377243633), (13336, 0.5900398583813967), (784, 0.5805057995242084), (17837, 0.5)]
joomla/joomla-cms 20584 : [(6179, 0.7725269284466721), (1356, 0.7067617655647982), (5982, 0.706498844533011), (1374, 0.7008383868499333), (5983, 0.6969363787463563), (7078, 0.5100411945437617), (1361, 0.4531022995475332), (11144, 0.44342398329749094), (1697, 0.42364107016606306), (3145, 0.40920350471053113)]
joomla/joomla-cms 20561 : [(1158, 0.45918845627057586), (16617, 0.3276206523701587), (10098, 0.24733105844005415), (13034, 0.21404902193148764), (11527, 0.2119053410257546), (17860, 0.2104634455065939), (20914, 0.20124493823122633), (19753, 0.18893734154949576), (7735, 0.174140438584652), (19708, 0.1678267112964305)]
joomla/joomla-cms 20559 : [(6658, 0.48584548506492586), (13325, 0.4699996522523242), (13324, 0.46614476142286365), (3790, 0.4230484979668194), (19903, 0.4085236683116995), (7701, 0.405356200406745), (9914, 0.39067099205962086), (4196, 0.37943970832964474), (11662, 0.3716712320220229), (10711, 0.36675943511711484)]
joomla/joomla-cms 20549 : [(19635, 0.971302024093545), (20525, 0.7703248394112271), (20650, 0.7690596925374338), (21196, 0.7360171119713892), (20261, 0.7037417354653144), (19758, 0.6661386543410341), (19373, 0.6475112315162835), (19545, 0.6434227278769558), (21137, 0.58318371357403), (19554, 0.5553517247408142)]
joomla/joomla-cms 20548 : [(235, 0.9087377104153065), (9634, 0.5797833083572058), (7644, 0.418602245306999), (4135, 0.37048235118317385), (13942, 0.32015065585245833), (1505, 0.3110946048677612), (6931, 0.3047437430622156), (12087, 0.2887924749680602), (19736, 0.28875735466445074), (9809, 0.28453513685453696)]
joomla/joomla-cms 20544 : [(2356, 0.7747292291139867), (9211, 0.7628413005073079), (243, 0.7075332429836031), (2139, 0.40178295693472305), (15743, 0.3941715169142363), (6589, 0.3760966380290467), (16653, 0.3675164152536101), (10723, 0.3418111286309119), (2159, 0.337076036618966), (17881, 0.31734554519762226)]
joomla/joomla-cms 20525 : [(19758, 0.8011288555952333), (20168, 0.7547490346858802), (19635, 0.6966567165796741), (20873, 0.6613762016886091), (19981, 0.578929351666693), (19642, 0.5770145678229942), (20743, 0.5768615878058392), (21196, 0.56870735927694), (20963, 0.5675162640110573), (19373, 0.5623325063182543)]
joomla/joomla-cms 20521 : [(20261, 0.5735229966932871), (21007, 0.4399622980967998), (19635, 0.4335647254502567), (20604, 0.4299273936207499), (20962, 0.4257835815272689), (7094, 0.4215764472638695), (20733, 0.42120459595066423), (20519, 0.41897863661449564), (20938, 0.41799733623324187), (20873, 0.41752434807585165)]
joomla/joomla-cms 20508 : [(19822, 0.8810099656385145), (884, 0.699114579023404), (6960, 0.5697365506849618), (12681, 0.44847896570490015), (1256, 0.4363207687604465), (19300, 0.430172565762104), (11517, 0.4250931128059713), (20570, 0.39942895013803076), (2173, 0.36042432705558647), (2910, 0.3539604087583888)]
joomla/joomla-cms 20440 : [(21164, 0.814060335984025), (21133, 0.7756967252918728), (21026, 0.7186781401141044), (21180, 0.7173346204962701), (3721, 0.6958839804662813), (20770, 0.6819851579650285), (21085, 0.6347384196189908), (19682, 0.6243100680684747), (21137, 0.6235536072511564), (5469, 0.6084454748925617)]
joomla/joomla-cms 20438 : [(7962, 0.9523242589283085), (7180, 0.9448129713200448), (1590, 0.9364617912525932), (1589, 0.9364617912525932), (12049, 0.9278302705785787), (18030, 0.7990589582379201), (16878, 0.787105198342673), (10681, 0.7396278708711308), (1111, 0.5634787397618445), (327, 0.5)]
joomla/joomla-cms 20436 : [(17749, 0.5649540200959328), (11482, 0.3943507099751302), (532, 0.24770768290094303), (2715, 0.17825973734906203), (16355, 0.16540792155575257), (19996, 0.10104179974201985), (20943, 0.09269402020087111), (19781, 0.07811058793904688), (6782, 0.07022821204443304), (2753, 0.06815518546301516)]
joomla/joomla-cms 20426 : [(19891, 0.4427298671726104), (8862, 0.28407040025483493), (16727, 0.24588563968151192), (4453, 0.23751301899976449), (15742, 0.23676536472316906), (19001, 0.22296823948615352), (6608, 0.16789447015989625), (18528, 0.16339793478032988), (19708, 0.15954925740453174), (1152, 0.1554677287982774)]
joomla/joomla-cms 20404 : [(17375, 0.47945696616857825), (19642, 0.24622874461842184), (18894, 0.22123618122690172), (14785, 0.21275419764610354), (12617, 0.19460271088879594), (20120, 0.19435360042648067), (6467, 0.1849877136867861), (8599, 0.17967371117405764), (8147, 0.16166592890651954), (14799, 0.15810559179998335)]
joomla/joomla-cms 20401 : [(8293, 0.3364249935222996), (8055, 0.2307246760716045), (8281, 0.21244894870013523), (18732, 0.18568473087740875), (3831, 0.1825663575211795), (19266, 0.16056778345135259), (6914, 0.14810192193451013), (6997, 0.14729313096196794), (6353, 0.1420972508953924), (6797, 0.13375165629974536)]
joomla/joomla-cms 20386 : [(6972, 0.8650115495961868), (6326, 0.7859583928510719), (19402, 0.7704058122670749), (16083, 0.7541871561553546), (3292, 0.7539607127661843), (4436, 0.7469568871720758), (6314, 0.7207769601733175), (4842, 0.685008183511508), (6265, 0.6775316625147755), (3446, 0.6425367956569387)]
joomla/joomla-cms 20383 : [(11516, 0.7879351179963942), (4135, 0.5612689096960243), (7676, 0.44031909744032705), (9634, 0.4036619955926553), (20142, 0.3886027571851644), (5408, 0.3395935524343734), (1371, 0.273410519959576), (7644, 0.2686698046765622), (20548, 0.2531868221786099), (765, 0.23026219971665535)]
joomla/joomla-cms 20381 : [(21022, 0.8167372616373333), (16104, 0.7787637853169738), (19023, 0.7536548035126721), (18937, 0.7351911537418636), (20525, 0.7080318698662921), (19635, 0.6841805937968942), (20962, 0.6700843487863087), (9840, 0.6464984189716303), (20873, 0.5595806882586005), (12529, 0.5458982227254207)]
joomla/joomla-cms 20380 : [(20120, 0.9423679002566128), (6682, 0.8568860107632763), (13268, 0.8482031980758983), (8899, 0.7953535800961405), (16104, 0.5574494768281486), (15180, 0.5521235197768122), (20192, 0.5345632115012331), (19023, 0.530840400128387), (1343, 0.5233372187641027), (17740, 0.5179657015266624)]
joomla/joomla-cms 20344 : [(11524, 0.9944792688101795), (12841, 0.972064195727462), (11288, 0.9089548705774908), (20294, 0.5937439545840889), (17125, 0.5831105445242509), (1684, 0.240281804001375), (11207, 0.20950341658888214), (7602, 0.16759224070794265), (16715, 0.1665000038498853), (14127, 0.1631891512795598)]
joomla/joomla-cms 20339 : [(4971, 0.41939495688392725), (4973, 0.3719997472936533), (18353, 0.35204236003572076), (21187, 0.28812417039576244), (9852, 0.2806429261336638), (3244, 0.20915957153900822), (20668, 0.18800449933063443), (2561, 0.1648859518266628), (7985, 0.16447547401009194), (13747, 0.1560713415973929)]
joomla/joomla-cms 20334 : [(20333, 0.8370628133214457), (6632, 0.6659830999342932), (6676, 0.6233732274606775), (6710, 0.5612614666781202), (6714, 0.5609073031777464), (6666, 0.5568766667203227), (6716, 0.5429683687986399), (6711, 0.5408295548939114), (6707, 0.5174733793922202), (6691, 0.516840976562505)]
joomla/joomla-cms 20322 : [(1570, 0.951239488754904), (14069, 0.9374158925637655), (11530, 0.27130545063624684), (8472, 0.2364652455313064), (14634, 0.19445783067305655), (11763, 0.15733727903224878), (14885, 0.15390223669480677), (10139, 0.14634798962751297), (11696, 0.13865858971200865), (1343, 0.13340066778452572)]
joomla/joomla-cms 20318 : [(3401, 0.7500723839372878), (9741, 0.7336094911555083), (17553, 0.41959277118164384), (8083, 0.40145555780946673), (7692, 0.3720279651212997), (8132, 0.23219407563935646), (8623, 0.21676469976361512), (2775, 0.20602228809028808), (4106, 0.17495039284787758), (19278, 0.17371056272059776)]
joomla/joomla-cms 20310 : [(2150, 0.8456640275157572), (21007, 0.8437701689206871), (17677, 0.517621517964672), (20843, 0.513335449303362), (17312, 0.39040868872696105), (12112, 0.36602692281234894), (13755, 0.27764602478670336), (18554, 0.2435578194624046), (14521, 0.2318579463664952), (425, 0.19403405641586804)]
joomla/joomla-cms 20303 : [(5611, 0.8832318414073255), (13232, 0.8597147703048746), (2850, 0.8460408787887792), (3050, 0.8433620201414906), (4508, 0.745428187230449), (11247, 0.7256939962329317), (20202, 0.6232708662657711), (19373, 0.5778358619161718), (20604, 0.5141729402639522), (21199, 0.5)]
joomla/joomla-cms 20294 : [(12841, 0.9645859033810277), (11524, 0.8618748577865466), (11288, 0.7750480982845752), (20344, 0.5937439545840889), (20812, 0.2336792416400901), (13336, 0.1951539378240869), (5469, 0.18118487180362478), (17490, 0.1688776295493053), (3738, 0.16324719102795665), (15808, 0.1607041757658384)]
joomla/joomla-cms 20288 : [(19043, 0.9084140367616699), (10723, 0.7409860472072736), (15743, 0.6831497835904088), (20763, 0.6515758774883371), (226, 0.6477369778439097), (19286, 0.6204797420510655), (5664, 0.5655564741162498), (10976, 0.5590568900083955), (1603, 0.5220217500606366), (4177, 0.45526443725171944)]
joomla/joomla-cms 20282 : [(6886, 0.719817080975943), (13942, 0.5845168220734479), (11516, 0.47421230547050164), (20192, 0.42397723140258153), (19544, 0.4164389479911525), (20978, 0.4123063683586581), (7705, 0.403466922113282), (6595, 0.4031691699149629), (6462, 0.39205148848542687), (12958, 0.3882157904188821)]
joomla/joomla-cms 20275 : [(6632, 0.7593792011728596), (1477, 0.700777849435327), (9924, 0.4037647395762143), (3025, 0.35164775179291297), (17881, 0.31190867307102915), (10462, 0.30545938922005555), (10360, 0.28560103903467216), (6718, 0.27284566855859743), (9999, 0.21005718194154954), (10143, 0.20750877898135725)]
joomla/joomla-cms 20259 : [(1067, 0.4048417589923877), (19047, 0.2609958465375346), (3118, 0.19401469404658594), (1913, 0.19311674837169943), (2464, 0.15908736115788125), (17536, 0.15694439216077027), (12367, 0.14445310940143014), (3390, 0.13922078357213116), (6886, 0.13833308132179595), (2004, 0.1306200991709307)]
joomla/joomla-cms 20232 : [(19693, 0.611727221134711), (17552, 0.35480899825581647), (19722, 0.22619484020044583), (14189, 0.17675491154968373), (12419, 0.15240522372706633), (17740, 0.1418408064191691), (2004, 0.137374433259365), (4287, 0.127092479644507), (5257, 0.12056594509132038), (11922, 0.09551202234666577)]
joomla/joomla-cms 20231 : [(19693, 0.6438665145201534), (17552, 0.4757285819739611), (19722, 0.3437538781931495), (14189, 0.32784132910569147), (12419, 0.2261145112486005), (4287, 0.17279566111030875), (20209, 0.15355247472965688), (13730, 0.153217847705018), (19606, 0.13505455539017464), (899, 0.12114868449381809)]
joomla/joomla-cms 20230 : [(10788, 0.664914926787413), (19693, 0.6116752370432781), (17552, 0.4133331716193661), (19722, 0.3181260677415987), (14189, 0.3025672296693881), (12419, 0.2139261360142366), (4287, 0.1618535479558145), (7122, 0.1490074897865531), (13730, 0.14389543192704946), (20209, 0.14246162357835027)]
joomla/joomla-cms 20225 : [(2266, 0.9999939205328225), (12029, 0.9624287806023393), (366, 0.4913274370228591), (3784, 0.48064998070088827), (1776, 0.44871489538085796), (778, 0.4064090031838393), (18387, 0.3949389466744836), (359, 0.3806259504200139), (2610, 0.3565350060760403), (2516, 0.3565350060760403)]
joomla/joomla-cms 20221 : [(6401, 0.9591336761660105), (6896, 0.9558121006766501), (5956, 0.9551112025329692), (2111, 0.9525746755156378), (9243, 0.9229300600412287), (6696, 0.8219966554692115), (7024, 0.6499601332559934), (172, 0.5385701443628257), (11421, 0.5366401791862464), (7185, 0.4633739946380531)]
joomla/joomla-cms 20213 : [(19587, 0.7182561447608203), (21072, 0.6513144739866717), (13501, 0.3349982259932069), (7003, 0.2322667824853407), (9683, 0.19916993622630233), (974, 0.194095565354488), (17730, 0.16940420771662426), (762, 0.14977906599982493), (7302, 0.1455988197366744), (2625, 0.1343182831612109)]
joomla/joomla-cms 20212 : [(19991, 0.912248069358582), (10598, 0.7279496401033642), (17423, 0.704599876064199), (263, 0.5549026953182761), (5117, 0.5126523182566062), (262, 0.3633673654482663), (19985, 0.28868176210500107), (20718, 0.24903800238189364), (7747, 0.1986647027160078), (1032, 0.15034839029625305)]
joomla/joomla-cms 20206 : [(19559, 0.4412507058389505), (8987, 0.28704629011305804), (12149, 0.19977395489296423), (14043, 0.17274055049853396), (11870, 0.14775737304384498), (19672, 0.13384568374489758), (19669, 0.1324583707830997), (20580, 0.10242044452513246), (10455, 0.10049021316311921), (4797, 0.09995642293713838)]
joomla/joomla-cms 20191 : [(1928, 0.6946607680163508), (6418, 0.6123847464080993), (20051, 0.6048020139140103), (9548, 0.5823524429361376), (3123, 0.4921837699552925), (20243, 0.3599054326108787), (13355, 0.3484170325661221), (2136, 0.27994689605582906), (20507, 0.24736208851076227), (12061, 0.24630250518839186)]
joomla/joomla-cms 20158 : [(2906, 0.4251261493546032), (17837, 0.2330001777717856), (6886, 0.21541280556855505), (20555, 0.19968220320010063), (13755, 0.13257823567615878), (8985, 0.11441008755697259), (20093, 0.10795248600510166), (16193, 0.09544868646921996), (11575, 0.083629909856135), (6373, 0.08244008258121659)]
joomla/joomla-cms 20152 : [(10351, 0.9806788694650653), (8795, 0.27382728311860627), (8208, 0.16516586926088114), (8207, 0.16516586926088114), (7644, 0.14043785248820104), (6290, 0.1393412978612895), (13888, 0.11629069352017264), (6320, 0.11140954154607888), (5271, 0.10889497962391677), (2846, 0.1078281429787972)]
joomla/joomla-cms 20142 : [(7073, 0.7192871365817782), (7456, 0.4437429191613672), (2065, 0.4309674703584003), (14279, 0.4192074392640097), (12839, 0.4139534605603073), (7453, 0.40542791865785205), (11530, 0.40267938001737724), (2115, 0.3995035014560147), (11526, 0.3985241274253795), (20383, 0.3886027571851644)]
joomla/joomla-cms 20133 : [(4449, 0.9068349427987771), (585, 0.9000198621879889), (19587, 0.6882209870320771), (562, 0.39351653898656025), (21072, 0.2866345049500193), (986, 0.180599946598501), (21168, 0.17406748613355238), (1191, 0.15907514984480883), (21169, 0.1426958580760697), (17730, 0.14048820256366792)]
joomla/joomla-cms 20112 : [(7276, 0.8696478660678473), (17528, 0.32011326692020087), (19612, 0.28547117705457725), (20786, 0.2186545671991219), (18757, 0.1546683676238953), (6608, 0.13146160365278436), (19891, 0.12895264917855617), (20431, 0.12487451715166652), (2743, 0.11974519286029406), (3973, 0.11834440406907165)]
joomla/joomla-cms 20095 : [(3681, 0.5732420241403249), (4373, 0.5190464492757858), (14999, 0.5189026604660958), (5460, 0.42000390176341335), (7561, 0.37819423575929906), (19981, 0.37600330586974723), (4196, 0.3706322453828449), (6562, 0.2028365430364564), (7783, 0.20039907209165744), (2764, 0.18273488691026615)]
joomla/joomla-cms 20073 : [(17536, 0.8006648244362717), (10804, 0.6510669187951665), (17537, 0.5078983484860256), (816, 0.5), (11977, 0.4859812319070424), (19758, 0.45067207765950074), (20854, 0.44838457716804225), (19981, 0.4410675362615262), (20525, 0.4344643546300642), (21022, 0.43180125984084383)]
joomla/joomla-cms 20064 : [(19454, 0.6745913260447425), (15686, 0.29945837547376), (12961, 0.1522479587372011), (3831, 0.13259985039969854), (13835, 0.1130625567553216), (10242, 0.11197313519508628), (5803, 0.10522875140967781), (10346, 0.10202873562017281), (3681, 0.09939485921955864), (7022, 0.09798417675919208)]
joomla/joomla-cms 20037 : [(20047, 0.9722587699496126), (20028, 0.9511342964256387), (20439, 0.8976342824482192), (20077, 0.7624260813852705), (20025, 0.7365111378097403), (16777, 0.5223820275583996), (16776, 0.5223820275583996), (20045, 0.4433751121678824), (7869, 0.43597369057827284), (9683, 0.42186767274419346)]
joomla/joomla-cms 20003 : [(20776, 0.412243462854745), (19047, 0.25841747157137784), (9083, 0.1956404150663471), (20751, 0.19254805681444467), (20197, 0.18776380236198276), (13217, 0.17325955591684056), (4908, 0.13889964419931042), (7196, 0.12314091037684069), (20721, 0.12230754101071087), (6516, 0.11740487084616312)]
joomla/joomla-cms 20001 : [(3919, 0.9179961756783048), (723, 0.3741254894557377), (17490, 0.30654466221121945), (18387, 0.25905622064138834), (6555, 0.24912566766184488), (7478, 0.24782978343353684), (522, 0.23375697718794175), (16595, 0.2110282618503868), (18571, 0.20593063865683128), (2000, 0.17925991524596183)]
joomla/joomla-cms 19978 : [(17859, 0.7734321536080897), (17895, 0.5340555426674273), (15808, 0.48992085025756343), (20596, 0.4407052249113603), (18474, 0.41006102531046296), (14884, 0.36173686701211993), (18743, 0.3497753020461457), (17837, 0.29864322993618153), (13182, 0.2794674754012305), (13336, 0.23724765239112192)]
joomla/joomla-cms 19972 : [(11671, 0.8858435732917969), (10632, 0.7464596915331999), (11829, 0.5098447690263133), (21007, 0.3660566114163146), (7320, 0.22602506880949014), (17009, 0.22556348874368307), (3836, 0.16407994253287833), (12399, 0.10953222124495507), (13716, 0.10546363618023444), (16944, 0.10444547115814379)]
joomla/joomla-cms 19945 : [(18272, 0.9783107688544852), (18123, 0.9109479332910246), (20683, 0.8846734652679005), (18043, 0.7264083825991084), (18474, 0.45651359696387533), (11624, 0.44417216466355264), (6343, 0.4392515731729096), (15839, 0.41668590548733375), (11717, 0.38089371627344537), (20243, 0.3806600103124831)]
joomla/joomla-cms 19905 : [(11970, 0.7636599311333618), (4392, 0.4725893379988311), (1213, 0.45932555886857573), (3002, 0.45401313475934796), (4196, 0.45273503542646704), (12527, 0.4031198631632974), (7575, 0.3840851480401055), (19642, 0.3705116476102483), (10764, 0.3685936150614977), (1516, 0.22468946473154364)]
joomla/joomla-cms 19886 : [(3991, 0.9859584825494419), (2512, 0.979810924330868), (13990, 0.5453139484807665), (7004, 0.3531344684137206), (11139, 0.35272756126003796), (1182, 0.3176490934395007), (10653, 0.3015689671913365), (1183, 0.29161777527475613), (11184, 0.28419368363274583), (4966, 0.27686398438483406)]
joomla/joomla-cms 19879 : [(5118, 0.704160095941085), (21060, 0.29649132223222674), (18757, 0.2939992509107333), (1509, 0.23295435581001228), (13788, 0.201413997662987), (13787, 0.1974273146634311), (4967, 0.19207247890274556), (5899, 0.15849618035442223), (4323, 0.14716472879508316), (19900, 0.14230686090580774)]
joomla/joomla-cms 19870 : [(20922, 0.8233191149035329), (2160, 0.549802361435916), (16572, 0.5253760536359449), (3638, 0.44588851462329493), (21048, 0.44001924575130286), (5264, 0.43913560818473263), (20911, 0.4217991316146353), (5105, 0.3882493589193722), (11060, 0.3550528873478861), (5285, 0.3334337249191875)]
joomla/joomla-cms 19866 : [(12367, 0.6897971424628442), (16572, 0.6217352173314362), (20659, 0.4656208575727283), (20326, 0.444452423978502), (20565, 0.44263379411035886), (21048, 0.41833022849838725), (7819, 0.41715579071926234), (20417, 0.36141569099885285), (17450, 0.3298342930552403), (13567, 0.2705535018070529)]
joomla/joomla-cms 19844 : [(11292, 0.547531632955447), (6322, 0.4317739499706329), (3260, 0.3763391960599073), (8808, 0.3691130835340246), (4116, 0.358421002596629), (6681, 0.3569386052618387), (1960, 0.3565353671907995), (19635, 0.35413461901043447), (846, 0.35413461901043447), (21123, 0.30116600301854946)]
joomla/joomla-cms 19837 : [(21174, 0.3112729098735851), (658, 0.3029913254494766), (575, 0.2775195858023937), (15979, 0.231439068249474), (1084, 0.2075711269340027), (2490, 0.19875225376606465), (2717, 0.19073168757626366), (10630, 0.1740123258822014), (16790, 0.1461042744828914), (7616, 0.1419016802148412)]
joomla/joomla-cms 19834 : [(6363, 0.9142368263434139), (15478, 0.7364426809397718), (14258, 0.6725829335778815), (18679, 0.6683120849076475), (7414, 0.3819522201539946), (20382, 0.28485800280260637), (19907, 0.27027120458545956), (4308, 0.2449790909760568), (2572, 0.23922792244980365), (12473, 0.21792579301688997)]
joomla/joomla-cms 19822 : [(19821, 0.9256225573310733), (20508, 0.8810099656385145), (6943, 0.838285551531635), (2035, 0.6777160719719951), (20680, 0.5739923638754714), (4634, 0.5623956693527872), (11920, 0.5120110175606681), (3906, 0.510296018206113), (4965, 0.4915101466525898), (1202, 0.461969894836407)]
joomla/joomla-cms 19819 : [(416, 0.9446957821149686), (18298, 0.8532779373926594), (3038, 0.8345290925258574), (5740, 0.8120486236884411), (3385, 0.7976381440963155), (5756, 0.5482592470013077), (6490, 0.5132269246946868), (3266, 0.5), (21138, 0.4393919613878663), (21168, 0.42512515455028693)]
joomla/joomla-cms 19782 : [(4261, 0.9857139681824115), (9463, 0.9511552050968953), (6163, 0.9470564690415779), (2659, 0.9056261426326223), (12447, 0.8105950845554377), (2193, 0.5409934365340303), (8524, 0.42687409918098557), (16141, 0.39107109389212225), (14521, 0.3366880290969304), (8250, 0.3345534562340048)]
joomla/joomla-cms 19781 : [(20710, 0.8965372052251251), (2753, 0.556500075288684), (19431, 0.5509024023928056), (6266, 0.4861245571506795), (18937, 0.4430988662820529), (6797, 0.3424943273940327), (19048, 0.3399730866468227), (4673, 0.3034467668673534), (377, 0.3034064068585158), (7478, 0.2785368544163003)]
joomla/joomla-cms 19780 : [(19916, 0.7319126999558333), (19981, 0.7049118318977531), (20906, 0.5916640770454821), (21164, 0.5273810436464373), (20854, 0.5239872756820189), (21022, 0.5141808087435192), (19888, 0.5120286046045507), (21085, 0.510247480482441), (21137, 0.5068488465010867), (20873, 0.5063374811622408)]
joomla/joomla-cms 19730 : [(18961, 0.5178233634573106), (7119, 0.44995175613641675), (12602, 0.4436437611013709), (13291, 0.37843416515610373), (12839, 0.337162086469103), (20209, 0.2900687715663757), (3877, 0.2889481699012459), (1318, 0.252061478672898), (497, 0.22622894127441864), (7583, 0.22122883566791862)]
joomla/joomla-cms 19708 : [(8862, 0.8569136144654645), (19578, 0.6773505639711448), (13075, 0.6483915034067097), (19891, 0.6151193673540029), (4453, 0.5446596359698808), (19485, 0.39974630055906507), (20323, 0.3879793661165872), (17184, 0.38030376740489263), (9221, 0.3628907295871945), (3628, 0.3625822870363048)]
joomla/joomla-cms 19707 : [(20873, 0.9477755681069244), (9549, 0.8771872530138823), (14423, 0.8569792638522135), (13128, 0.8021550010327099), (8268, 0.7306024103777345), (19402, 0.6396591938197231), (19964, 0.6279946307175304), (17537, 0.6001596030708464), (17752, 0.5990106748073701), (11858, 0.5288774324382305)]
joomla/joomla-cms 19699 : [(11300, 0.41229985944137454), (4319, 0.3032119274024951), (19766, 0.21188696709866944), (8431, 0.19604091328193748), (17821, 0.1800085475931136), (5358, 0.160308163483109), (5357, 0.160308163483109), (5365, 0.1554414694223212), (14908, 0.1546901493531625), (16653, 0.1537425730867107)]
joomla/joomla-cms 19684 : [(16143, 0.9237792419108237), (20601, 0.7894380944638102), (1850, 0.6995278756900959), (3222, 0.5327679923143811), (2066, 0.5190253033223722), (11031, 0.4807574830657806), (6792, 0.3855293338002625), (19959, 0.3372265539760795), (20550, 0.309052798453701), (1561, 0.27000278174982184)]
joomla/joomla-cms 19682 : [(8914, 0.933086288482851), (2942, 0.8626015888202735), (20024, 0.660336102900446), (19821, 0.6408750391973169), (7901, 0.6377264323612561), (20440, 0.6243100680684747), (2939, 0.6229024942834904), (21133, 0.6191198724536119), (2736, 0.5881055605529822), (19544, 0.5731165411022145)]
joomla/joomla-cms 19671 : [(17859, 0.8488279837140071), (8634, 0.7890221002752046), (8632, 0.769870871088681), (8635, 0.7483383454392719), (17769, 0.6273760260415663), (11920, 0.5090882064592367), (20680, 0.4769460250011463), (11354, 0.47233322229692115), (11857, 0.458248910781138), (12887, 0.4508180498584127)]
joomla/joomla-cms 19642 : [(12617, 0.7135818946811164), (19983, 0.6537961217021327), (19758, 0.6450476330840447), (21164, 0.6296477811576268), (19828, 0.5777958143532088), (20525, 0.5770145678229942), (19635, 0.5317479059388497), (21022, 0.5206281792153958), (13754, 0.5205040932301387), (20854, 0.5170330541742948)]
joomla/joomla-cms 19616 : [(2004, 0.31051967078218373), (11061, 0.27435198339525707), (237, 0.21327021016032016), (3695, 0.20920007648666303), (11042, 0.20074187689961726), (21055, 0.16657068397967015), (7624, 0.16518039110689647), (21056, 0.16296695334589498), (19266, 0.16092748417204758), (4090, 0.16005675386340867)]
joomla/joomla-cms 19606 : [(19981, 0.4936904696601301), (7099, 0.41245835195088526), (12946, 0.3906267307650754), (6934, 0.38250545125221574), (14884, 0.30410148317434993), (17552, 0.24833064137387031), (12419, 0.23596634282390835), (14189, 0.21790503058659774), (20209, 0.1887212970646526), (19850, 0.1811874100261061)]
joomla/joomla-cms 19594 : [(19838, 0.6515840825905057), (19548, 0.5260888670926028), (19891, 0.3815737407139123), (16918, 0.33874777099458736), (19708, 0.21108385435433857), (20027, 0.20731384448701895), (15742, 0.17967378636945816), (19199, 0.14498483264197978), (20426, 0.11704136506510421), (2197, 0.11294988163584645)]
joomla/joomla-cms 19590 : [(10804, 0.5332020264706565), (16880, 0.4239511970832387), (7901, 0.39923017715878967), (9967, 0.3709555403191871), (20164, 0.30540261593454776), (12961, 0.27331810555813474), (4197, 0.26267917332230606), (5141, 0.24457653867256537), (6682, 0.22820647039656228), (19635, 0.20757149910187359)]
joomla/joomla-cms 19587 : [(19647, 0.9468949321448685), (20213, 0.7182561447608203), (20133, 0.6882209870320771), (20978, 0.3743541260719135), (7819, 0.3675026659861902), (9118, 0.3614153726181656), (13098, 0.3604322942452538), (13501, 0.3448869683016562), (16989, 0.3277943442470159), (19370, 0.2314470724667821)]
joomla/joomla-cms 19581 : [(11941, 0.28305440628397416), (19702, 0.2437318856026685), (19650, 0.18484574662464212), (15364, 0.1371019754882593), (2215, 0.1153090045034065), (18183, 0.10783416672366543), (6608, 0.09878764551926984), (61, 0.09804223466252808), (20039, 0.09215732705558159), (12297, 0.08644199807962591)]
joomla/joomla-cms 19552 : [(9347, 0.42390999338501173), (5141, 0.38822811573074706), (4197, 0.37687286771504963), (12961, 0.3660446220565145), (5803, 0.33095783762150344), (20164, 0.3162469716158352), (15686, 0.2843191671646833), (13835, 0.2843001833836901), (19635, 0.2815268942315385), (10242, 0.26974680927746975)]
joomla/joomla-cms 19535 : [(20890, 0.8563014813851976), (21084, 0.6412504731433146), (19981, 0.5568986908621928), (20787, 0.552044323011337), (20873, 0.5487541547785426), (19890, 0.5455344432067641), (20963, 0.5421392337876765), (20743, 0.5333465220405949), (21196, 0.5333133586119639), (20604, 0.5304928955141862)]
joomla/joomla-cms 19530 : [(2099, 0.7099076454555923), (3619, 0.5294650944477672), (924, 0.3350568955050027), (20402, 0.2753262644609208), (19795, 0.19561540711829803), (16363, 0.12407089127075421), (16076, 0.11765411427139222), (19686, 0.10860154256993414), (11762, 0.10361756116704526), (12367, 0.09719127678621381)]
joomla/joomla-cms 19525 : [(4894, 0.26223781796999945), (3337, 0.24971138689877106), (7742, 0.14768567317236905), (1242, 0.09881119121556081), (1247, 0.09763404981321763), (19914, 0.0830521465117694), (9839, 0.07729341674723818), (20016, 0.07694358302699045), (4231, 0.06848568021024647), (20905, 0.06654387760265808)]
joomla/joomla-cms 19485 : [(19110, 0.4129262005315546), (19708, 0.39974630055906507), (17652, 0.39505108686874124), (17184, 0.3784528894110945), (20708, 0.37449334992046884), (8825, 0.3698152068594208), (3628, 0.3693266363498593), (15479, 0.36576227496307673), (4670, 0.36176907996129587), (4669, 0.36176907996129587)]
joomla/joomla-cms 19467 : [(8280, 0.8339515949874516), (4393, 0.6831472073593614), (4521, 0.6109713520667319), (3768, 0.3510568882764791), (12350, 0.2597534623865148), (12004, 0.22658386456304822), (3708, 0.2160623420425042), (10989, 0.1984340734166115), (19303, 0.18470806138795107), (20978, 0.15600565205644998)]
joomla/joomla-cms 19466 : [(4165, 0.9999971014270405), (4157, 0.9657138847840764), (997, 0.9608019039564406), (9362, 0.8999080555735691), (2369, 0.8510429385348961), (6314, 0.6634686236915173), (7173, 0.6528489640622548), (18917, 0.5247069918120123), (1158, 0.5158412816895965), (19402, 0.43497787061124726)]
joomla/joomla-cms 19460 : [(15030, 0.9483582870468188), (3185, 0.9036260543876472), (4229, 0.8271156282414374), (4298, 0.8190071092433724), (4306, 0.8048127048667836), (4300, 0.8039922763552039), (4311, 0.7195026109330113), (4259, 0.63797186949152), (6914, 0.6238589025478296), (21100, 0.5325556590732803)]
joomla/joomla-cms 19454 : [(2332, 0.6878252793477876), (20064, 0.6745913260447425), (3574, 0.6358714930866021), (8591, 0.6223394505138722), (6917, 0.6195355585935794), (19758, 0.6039174251022621), (4284, 0.5538891421033069), (9504, 0.5529521735446666), (12399, 0.4913844888451056), (10641, 0.4894259553222499)]
joomla/joomla-cms 19431 : [(3999, 0.8251363584403335), (2466, 0.6574248363925467), (19781, 0.5509024023928056), (19891, 0.4576511533631552), (16509, 0.37130011332826107), (8596, 0.3427150467721811), (8565, 0.31553451157261314), (2753, 0.27925387927371037), (20831, 0.24904592359205316), (6797, 0.21852439002681043)]
joomla/joomla-cms 19416 : [(20734, 0.7414586337584322), (18966, 0.5970073918310991), (7594, 0.5258492677784539), (7606, 0.4824171213198626), (19062, 0.3323309909834441), (18449, 0.28638756609388816), (20991, 0.2558184175686769), (17490, 0.2231785149949228), (19418, 0.21475215772392703), (2572, 0.19987186717378866)]
joomla/joomla-cms 19393 : [(1124, 0.6606692489781896), (925, 0.5), (909, 0.3008436981158109), (20266, 0.27680748192035093), (4785, 0.2686676433130031), (7644, 0.2349170000570323), (1505, 0.21794543844467426), (4135, 0.214485983471846), (16193, 0.21248569166622405), (6931, 0.21071263386811548)]
joomla/joomla-cms 19373 : [(20733, 0.7971534840525563), (20652, 0.745981314997234), (19890, 0.6623175112999196), (19426, 0.6522082251960122), (19900, 0.6460439287615127), (19821, 0.6091676558626701), (19916, 0.6072072878236747), (21196, 0.5991705857115083), (20202, 0.5906310097320716), (20120, 0.5810880409889617)]
joomla/joomla-cms 19368 : [(19840, 0.5776053428502627), (20551, 0.19751415744440184), (19528, 0.17238074380631616), (3681, 0.1722842323458326), (15686, 0.1707651566508416), (12961, 0.16936008038443162), (20113, 0.1624340267488384), (20619, 0.1618526976050148), (20453, 0.15630583464087205), (20611, 0.1515869773524943)]
joomla/joomla-cms 19367 : [(5445, 0.8769588876236095), (8899, 0.8734209033814286), (321, 0.8660470804586392), (600, 0.816574854236231), (39, 0.7873755463586782), (1275, 0.7665494283817568), (504, 0.698630833065298), (2268, 0.6606460022086846), (2691, 0.5199245321836065), (21126, 0.49231607609114975)]
joomla/joomla-cms 19357 : [(17926, 0.9999916931466161), (2715, 0.45884847091025793), (19310, 0.37562331805857807), (5271, 0.2781462858760122), (1379, 0.21320015814671373), (1370, 0.21315434885433232), (1380, 0.20989210342332615), (10014, 0.2089035756182163), (1024, 0.20845248414832698), (4133, 0.2072550207593074)]
joomla/joomla-cms 19353 : [(9119, 0.429014643903927), (12961, 0.2777843734597938), (17398, 0.27672208275452415), (15686, 0.23445107320920375), (15221, 0.2308643987031655), (16262, 0.2217377056121573), (5803, 0.2021170027667887), (13835, 0.19937412432821003), (10346, 0.18658943097822406), (7022, 0.18115708692932533)]
joomla/joomla-cms 19312 : [(39, 0.8462618602188321), (49, 0.7536571896078619), (504, 0.6985402195413629), (1656, 0.6788145060440821), (7279, 0.6602958911383938), (2268, 0.6591780953209724), (11700, 0.6451066894185521), (1058, 0.6169239199714825), (20167, 0.5905451681690533), (6284, 0.5905380466492195)]
joomla/joomla-cms