mrdoob/three.js 14475 : [(4242, 0.9940804904134348), (3999, 0.9755734252346236), (4000, 0.9754484484456905), (4070, 0.9687203147414516), (11121, 0.9616685828338478), (5966, 0.9563032005209284), (13255, 0.9414901424778563), (3079, 0.9413512741134002), (3991, 0.9360035819699327), (12614, 0.9311524128760601)]
mrdoob/three.js 14471 : [(14015, 0.9999913242933856), (14163, 0.9865724165325774), (12877, 0.964623400525846), (14267, 0.9586923910949305), (12697, 0.9570107893678452), (12042, 0.9565384047211025), (13536, 0.9529873728666457), (13327, 0.9430520163385773), (12967, 0.9351136232051134), (13650, 0.9083354950921482)]
mrdoob/three.js 14470 : [(13831, 0.8767151566045166), (13596, 0.86838855129194), (13570, 0.8384411686799667), (13055, 0.7885040154767364), (13620, 0.7609336300817158), (13826, 0.726824932476939), (13820, 0.6447468993283569), (12216, 0.566615231167122), (14451, 0.5147999366075968), (13056, 0.5)]
mrdoob/three.js 14466 : [(4580, 0.993324555839921), (13023, 0.9702042796384812), (13121, 0.9594221725407847), (8797, 0.8291895358505629), (5595, 0.7046675746052893), (5594, 0.6843041641066674), (4188, 0.6639003390585583), (3737, 0.6555201313243095), (14349, 0.6361155628568723), (2920, 0.5548288627532943)]
mrdoob/three.js 14447 : [(4527, 0.8369394218345702), (9420, 0.5469581724266416), (13391, 0.5261919128175325), (13277, 0.5200225118004196), (7131, 0.4422643923085049), (13190, 0.4388255517475961), (10022, 0.4238809507307564), (4862, 0.4120628479512314), (9745, 0.41166330298663084), (9389, 0.4093623242609979)]
mrdoob/three.js 14444 : [(13023, 0.824443515142526), (8797, 0.8085056873641799), (5207, 0.7069224550558434), (8129, 0.624715675155094), (13121, 0.6236086967769352), (8178, 0.6095766962569766), (12685, 0.5994664758871974), (9163, 0.5816677350130615), (9158, 0.5791498437280446), (8603, 0.5679874668668273)]
mrdoob/three.js 14443 : [(8953, 0.9538655111301508), (8978, 0.8985090981137445), (6911, 0.8976132339219227), (2597, 0.7975225411932108), (3518, 0.6674910115231092), (9082, 0.6310562206516355), (10807, 0.6192811740982979), (5966, 0.6073360738134622), (12219, 0.5545190806173811), (7679, 0.5380330766010996)]
mrdoob/three.js 14442 : [(6342, 0.7235559576740168), (9164, 0.7231693169662382), (14231, 0.679857161040617), (2168, 0.6203918754161385), (6220, 0.5750992177009058), (10841, 0.5488738294152894), (6346, 0.5184398390163499), (5630, 0.5091586258554301), (7025, 0.5), (12301, 0.49134002070908517)]
mrdoob/three.js 14436 : [(12317, 0.9854544426008642), (12446, 0.95622746020494), (12004, 0.9550592105192107), (12308, 0.9423438512788299), (12943, 0.9323995826192117), (12479, 0.9050327192380808), (10317, 0.9017176177118689), (12694, 0.8999464524480002), (11771, 0.8948106187707653), (11339, 0.8839664440532311)]
mrdoob/three.js 14427 : [(14330, 0.06198270937372723), (14237, 0.0598328446542599), (14149, 0.05603803954531871), (3174, 0.05052544157030912), (13826, 0.04464474443488957), (13637, 0.04430278606348169), (11524, 0.044076958013572566), (9994, 0.04244117597782294), (4177, 0.04165013230834607), (6503, 0.03995179411441389)]
mrdoob/three.js 14418 : [(13636, 0.9625839920447491), (13787, 0.9383871416342222), (13842, 0.9205681847479291), (13803, 0.9056888199406656), (13771, 0.8908555577006695), (13843, 0.883786578191527), (13878, 0.867764665933345), (13919, 0.8033083986029792), (13774, 0.7940028166639646), (13772, 0.7880559310571459)]
mrdoob/three.js 14413 : [(12629, 0.7747352502013228), (11925, 0.6894404715039048), (14243, 0.6597780881864408), (11376, 0.4736717609983694), (11083, 0.4509831605668037), (10679, 0.37986434501725314), (8047, 0.304343081107684), (12112, 0.2928117079067041), (12401, 0.2738874718853439), (9655, 0.26531029950946533)]
mrdoob/three.js 14408 : [(10487, 0.9912572941759423), (12887, 0.9445535091906708), (10465, 0.7977669442473426), (14024, 0.7150795509994552), (12472, 0.7064145075552463), (10851, 0.6606188226111191), (14030, 0.639692843997481), (12500, 0.5626539821018872), (13905, 0.5576175776901096), (13495, 0.5)]
mrdoob/three.js 14403 : [(13801, 0.6739169605075037), (425, 0.1891165208922566), (4167, 0.09665042130114442), (5929, 0.08657496363943151), (10621, 0.07953174879869358), (3484, 0.07635744974211156), (6176, 0.07518783900540085), (6509, 0.07297403530650838), (5335, 0.07263933980555526), (7897, 0.07055819025317567)]
mrdoob/three.js 14388 : [(11893, 0.9714050900942361), (14273, 0.9697892113693525), (10555, 0.8179845686466246), (10281, 0.7468435181454575), (10788, 0.7203291668902657), (11082, 0.7164797350298406), (5997, 0.25840990415699344), (12271, 0.1918268123628446), (13972, 0.12524122509938207), (6858, 0.1074427402005703)]
mrdoob/three.js 14385 : [(10984, 0.7557139722716174), (10795, 0.6631360568651596), (8918, 0.5625419577423375), (9530, 0.5440390579246766), (10004, 0.5392260451732032), (8719, 0.41596002952008293), (10070, 0.3532202491371226), (10911, 0.3513466086336548), (11153, 0.3432755783246346), (8909, 0.31286901343622747)]
mrdoob/three.js 14369 : [(3408, 0.9157344509842738), (10577, 0.8083869126677146), (8064, 0.7520804598068865), (3632, 0.7444073208275663), (4097, 0.7035388328663816), (8063, 0.6943391312041507), (7695, 0.6883620496413573), (7694, 0.6883620496413573), (7492, 0.6724925056691315), (3757, 0.6723471890282073)]
mrdoob/three.js 14357 : [(11043, 0.8567535384029779), (10043, 0.7860937755340109), (12617, 0.7071949720490994), (6175, 0.7064580088822329), (8561, 0.6105116062469291), (13244, 0.6019324569450338), (6067, 0.5829300017083394), (8599, 0.561365811420373), (13187, 0.5522306560836653), (8978, 0.5085209512241825)]
mrdoob/three.js 14340 : [(8925, 0.9314688651726307), (10984, 0.9214715034046832), (13100, 0.8832091823125854), (5908, 0.8101910169498175), (14274, 0.7650784997453163), (6872, 0.7248045978160399), (12932, 0.642720546575986), (6820, 0.541515478964487), (12206, 0.5), (6108, 0.45900082877848947)]
mrdoob/three.js 14337 : [(2499, 0.8473753167536736), (10458, 0.8270134971007232), (8933, 0.6183409757372227), (11932, 0.6144500006539655), (9407, 0.6110582666576729), (4052, 0.5813306236236954), (9351, 0.5467931772352691), (9343, 0.5467931772352691), (9620, 0.5367984324754594), (10911, 0.5299618381122506)]
mrdoob/three.js 14315 : [(10584, 0.9090019992128335), (10625, 0.8977429111534208), (10548, 0.8295912958565177), (10504, 0.8084709536353161), (12551, 0.7755824441663222), (10515, 0.7591182715976061), (10318, 0.7490409102221087), (12752, 0.7389482872099418), (10605, 0.7274357194438203), (10289, 0.7197800413503288)]
mrdoob/three.js 14303 : [(13512, 0.733374027961967), (9912, 0.7026908953553551), (12947, 0.702250820131757), (11040, 0.6241984209027471), (11666, 0.5755566457487249), (12371, 0.46480996606807484), (10941, 0.4268195504665765), (4263, 0.4174165243744037), (11376, 0.3998911244514384), (8535, 0.3813257676753974)]
mrdoob/three.js 14298 : [(9659, 0.8742384478583088), (12001, 0.761750637551975), (13053, 0.5369572361224114), (6787, 0.46003270894253284), (12695, 0.45789798078560046), (7787, 0.44988736838211785), (3022, 0.4275163567230776), (6771, 0.39805496193601686), (3003, 0.38709283152506724), (12654, 0.3822483474219618)]
mrdoob/three.js 14283 : [(10454, 0.9241866247757436), (10429, 0.5449249014589693), (11186, 0.4279869798196965), (8510, 0.4008857202788532), (13713, 0.3963300600837336), (10973, 0.3805708582335249), (10740, 0.33351589565190976), (10441, 0.20658581767849885), (2814, 0.18108910630145153), (4624, 0.11243269129700807)]
mrdoob/three.js 14274 : [(6108, 0.9833208966743913), (5908, 0.9771898387387963), (13100, 0.9742957970127466), (6872, 0.9714143807700534), (8369, 0.9610015347796869), (11263, 0.9381140416059165), (12206, 0.8424901963785321), (8925, 0.8219106000169997), (14340, 0.7650784997453163), (4037, 0.7611449343904939)]
mrdoob/three.js 14273 : [(10555, 0.9974178382520549), (11893, 0.9950694437848276), (10788, 0.9917134156055204), (11082, 0.9916800768965045), (10281, 0.9813184007728182), (14388, 0.9697892113693525), (12271, 0.6667965934105216), (10240, 0.47549055568230914), (5997, 0.31683801789042826), (10984, 0.1880248354024624)]
mrdoob/three.js 14233 : [(10551, 0.792586789952093), (13937, 0.7750495485105527), (12912, 0.7238260219414905), (13949, 0.5724702729313655), (14260, 0.4701762350209324), (13587, 0.3768453717639155), (13795, 0.36108729274461354), (13127, 0.3362293284196329), (10701, 0.2753345000895858), (11728, 0.26189597424621736)]
mrdoob/three.js 14218 : [(13327, 0.954577685333317), (14286, 0.9221290600200276), (14075, 0.914748169598892), (12003, 0.9065042268743998), (11971, 0.9011846313994474), (12043, 0.894494294365667), (12877, 0.8781432562269235), (12042, 0.8739523817611692), (13220, 0.8632078487870646), (13209, 0.8457990355157043)]
mrdoob/three.js 14198 : [(11078, 0.8133940973843534), (10948, 0.5553447419347941), (2973, 0.46812904295035285), (6623, 0.39730984418321413), (2499, 0.3546927436994521), (7737, 0.31348848581807515), (5592, 0.31000196963361215), (5056, 0.2811254390355223), (11208, 0.24857969129294658), (4798, 0.23081355152284386)]
mrdoob/three.js 14182 : [(3408, 0.993446675257467), (3758, 0.9775977368576679), (4680, 0.9761458067082033), (3485, 0.9726569715349529), (3474, 0.9705068179558762), (3411, 0.9701103036149243), (6612, 0.9653925001055117), (3073, 0.9501042812672144), (7406, 0.9415266832241603), (12057, 0.937714534889968)]
mrdoob/three.js 14170 : [(9913, 0.8237478725897268), (13776, 0.4888360310136793), (12456, 0.48110263675003156), (11524, 0.46142292961610765), (12371, 0.4609447134186566), (13134, 0.4581691660006505), (5163, 0.4456528458844106), (14377, 0.4443841127992494), (11212, 0.44300584378363006), (7547, 0.43006735860193857)]
mrdoob/three.js 14166 : [(14149, 0.29252761980407926), (11666, 0.19022916572745438), (12808, 0.18670944193554587), (13544, 0.16122525892036083), (11376, 0.15647811826898866), (7863, 0.14589983183121147), (12720, 0.1404218641797369), (2339, 0.13642366203400907), (5812, 0.11207992366927601), (9734, 0.11150365150540335)]
mrdoob/three.js 14164 : [(13242, 0.9813298546525178), (7513, 0.9281043677223217), (3141, 0.9173607358990564), (6888, 0.908037054853607), (7544, 0.9049879586615317), (3733, 0.8691554565561864), (3734, 0.8677934458138685), (3730, 0.8099508903048034), (13706, 0.7987096533437165), (7586, 0.7621336646608843)]
mrdoob/three.js 14138 : [(13068, 0.7747807039450663), (14149, 0.7594439170522663), (10941, 0.7376255478204162), (11283, 0.6644705316451435), (11289, 0.6336262360487797), (6851, 0.6276149109680254), (7196, 0.6012555124139649), (14027, 0.5514079988094227), (7174, 0.5476661203585809), (13840, 0.546320721576912)]
mrdoob/three.js 14131 : [(11456, 0.2868917008953229), (9157, 0.27780149744876753), (13815, 0.2611611983990605), (7285, 0.19471083353688043), (4183, 0.11767558928871154), (12379, 0.11698881091698576), (13086, 0.11569999890443605), (11846, 0.11344596004210043), (6670, 0.11137082173437568), (547, 0.10159787315126999)]
mrdoob/three.js 14116 : [(10445, 0.927781191005839), (5262, 0.913437198129304), (8531, 0.9102897952434885), (13748, 0.8910544062950924), (9529, 0.8281079699301586), (6324, 0.8037927055280792), (11596, 0.7446996010349378), (13921, 0.7111345860218131), (13241, 0.5875756029361893), (7457, 0.5869467530663505)]
mrdoob/three.js 14115 : [(14354, 0.8752705100412752), (12461, 0.8171993299202132), (12288, 0.7268274036731637), (12082, 0.44501365071237836), (13414, 0.41780670570233225), (11548, 0.3879052252260756), (14362, 0.3796335319851876), (12651, 0.3468359603329196), (12803, 0.33351589565190976), (11970, 0.33351589565190976)]
mrdoob/three.js 14114 : [(11376, 0.9938309967502633), (12082, 0.9275882532366033), (11794, 0.9025268927992568), (13276, 0.7874617440308411), (6477, 0.703764690113734), (14354, 0.6974717504403802), (14126, 0.526371025427408), (6497, 0.45103626149561654), (2990, 0.34701336037859243), (14353, 0.3161947972208983)]
mrdoob/three.js 14111 : [(10755, 0.8932008883236859), (12137, 0.8678113631642709), (14209, 0.8646280021565004), (12274, 0.8635668117617757), (12791, 0.8595066687065738), (12799, 0.858452888608679), (12824, 0.8440493572195842), (13178, 0.8266883178422041), (12351, 0.8224777798043458), (12374, 0.8184806424381506)]
mrdoob/three.js 14099 : [(13905, 0.9649698844851732), (10771, 0.9443975897369776), (10536, 0.9392195399497825), (12274, 0.8961925198807005), (9849, 0.8920427782955507), (9895, 0.8900593970930936), (11601, 0.8898989605760569), (12752, 0.875368054990158), (9897, 0.8625638588254676), (12017, 0.8521875529379324)]
mrdoob/three.js 14094 : [(11782, 0.9795234949435764), (11752, 0.9453810606934716), (14171, 0.8608517584657275), (11336, 0.8029331794125891), (8905, 0.7378984890456312), (9839, 0.7200202763121638), (14149, 0.48800546246096616), (13680, 0.4785444071197765), (13791, 0.47207145537388434), (13848, 0.4682162245308122)]
mrdoob/three.js 14087 : [(13277, 0.5745301509396006), (8483, 0.44672955427794064), (7621, 0.3912035624492153), (8555, 0.3731735939232968), (8485, 0.3537538182251436), (6947, 0.2973872350792499), (10368, 0.2764652406967168), (10668, 0.27505326365476646), (10270, 0.2743141443008157), (8232, 0.27037122155491744)]
mrdoob/three.js 14076 : [(9415, 0.9637174244568341), (12196, 0.9032289575056175), (13904, 0.8983449158407028), (9448, 0.7931682354395583), (12031, 0.6806660655182922), (10020, 0.5796901490160076), (10019, 0.5796901490160076), (10018, 0.5796901490160076), (14259, 0.5629309033660961), (10657, 0.5074531089465459)]
mrdoob/three.js 14030 : [(13831, 0.9016064044134233), (13826, 0.7858250906426902), (14451, 0.701034558938184), (12472, 0.6643790958596297), (14408, 0.639692843997481), (14470, 0.4149183713296506), (12374, 0.3135949593777792), (14209, 0.3065872266790433), (14386, 0.3008400282828166), (12799, 0.2987515198838616)]
mrdoob/three.js 14022 : [(11141, 0.9884220622006098), (12572, 0.9805093946805541), (7618, 0.9737093201141783), (13134, 0.9495386788598207), (10733, 0.916421326482708), (5277, 0.9141239420500664), (13254, 0.8894471875175899), (7674, 0.8286535621509771), (9627, 0.7568676770165956), (10514, 0.67377569453042)]
mrdoob/three.js 14016 : [(9848, 0.0796375879536024), (9432, 0.0707422686239442), (11788, 0.06774170438276389), (6690, 0.06462472388237844), (7060, 0.06325877302271941), (2372, 0.05818566150057747), (12254, 0.05691068032166182), (8485, 0.05499150909603133), (13001, 0.05396164515825163), (3586, 0.05304341484852789)]
mrdoob/three.js 13982 : [(7400, 0.7182923344012222), (7337, 0.2721942575770441), (13010, 0.16216661397409163), (12502, 0.1167759449605804), (3377, 0.10703341440350081), (8992, 0.10584036131377998), (12604, 0.1039045179845251), (7845, 0.10079969559187581), (13878, 0.09423857417918427), (3946, 0.0936342101398187)]
mrdoob/three.js 13971 : [(10857, 0.9999944948812719), (1569, 0.4218656577692782), (9841, 0.41219745292182375), (8192, 0.3871992612366883), (11389, 0.3756013784166189), (5679, 0.30171625004765784), (2667, 0.29131297461590855), (4933, 0.2391990695704571), (7303, 0.16222067239909885), (13846, 0.11397436506980048)]
mrdoob/three.js 13965 : [(4373, 0.9953468434864309), (6888, 0.9829441676464509), (7331, 0.9778415723909057), (7310, 0.9778415723909057), (7544, 0.9749437844384897), (10133, 0.9720393236222974), (7540, 0.9340353566504956), (4499, 0.9253133062638302), (4401, 0.9183468880912652), (5583, 0.9011479797371691)]
mrdoob/three.js 13938 : [(14235, 0.9938514561393957), (9538, 0.9824764107532522), (12189, 0.9740645685123619), (6753, 0.8703238341353199), (6539, 0.7997522579829176), (7121, 0.7262936002559949), (2681, 0.6887303683779734), (13068, 0.6536539248320227), (6509, 0.6368907146676742), (9335, 0.5976664781803894)]
mrdoob/three.js 13917 : [(11458, 0.9053638363709758), (11932, 0.8365117651247799), (10941, 0.7418512651368472), (7860, 0.7028132997210691), (8047, 0.4925016381563928), (13873, 0.31102871499317347), (9158, 0.3013474291144153), (9407, 0.29859321930577964), (8178, 0.288157056370203), (8129, 0.288157056370203)]
mrdoob/three.js 13915 : [(6539, 0.9462707191049435), (6538, 0.9131248614500342), (9538, 0.8914614615006644), (6509, 0.87824385590114), (14235, 0.8210004261789007), (12196, 0.7946382040214655), (12189, 0.7072739491950518), (9416, 0.7003580387274464), (9335, 0.6187990774865277), (13451, 0.5891160637944762)]
mrdoob/three.js 13847 : [(9641, 0.8727105555983131), (5752, 0.5317605188457252), (8003, 0.4556382580354015), (7196, 0.4485034050537632), (2821, 0.44582917598141536), (13420, 0.4441377487453682), (4916, 0.44351158413769526), (8138, 0.43095696737011846), (12872, 0.4247595295000866), (9121, 0.42447159131805284)]
mrdoob/three.js 13845 : [(5854, 0.9972952372499498), (7189, 0.9971249087551511), (7180, 0.9971249087551511), (3554, 0.9895957094901788), (5921, 0.9895341772992701), (5848, 0.9435718277289666), (11093, 0.8928773396214859), (6612, 0.4084439342375362), (10284, 0.3362352677473784), (6129, 0.17475947558546698)]
mrdoob/three.js 13831 : [(12920, 0.9667800360134857), (14451, 0.95694691621705), (13357, 0.9074753782704323), (14030, 0.9016064044134233), (14470, 0.8767151566045166), (13392, 0.8533111074575229), (14386, 0.8452558553471424), (12538, 0.8445196351423484), (12772, 0.8030728625384125), (10771, 0.7694773149950567)]
mrdoob/three.js 13782 : [(8421, 0.8691256351007669), (6377, 0.718929268986117), (6402, 0.4561250589953736), (3390, 0.38396934338641925), (6721, 0.3629285194085409), (5752, 0.3189049055232284), (13420, 0.30790647617888656), (6365, 0.2688045699435633), (13428, 0.24382818689784802), (2336, 0.23746566784579307)]
mrdoob/three.js 13776 : [(7075, 0.9707294680052477), (8948, 0.9451973664490747), (11524, 0.47266293953610444), (11212, 0.46481859881811144), (13959, 0.4643273207375825), (6530, 0.4241595959672357), (14287, 0.24070252870265524), (6458, 0.2002222610150343), (9259, 0.19674859823218135), (12051, 0.17877864836284013)]
mrdoob/three.js 13764 : [(11685, 0.9901066270861264), (11657, 0.9710201299688003), (8043, 0.9367421405626066), (8136, 0.8634233083466241), (13715, 0.7437438785683387), (13263, 0.6992366364075063), (13541, 0.5757896099126242), (12654, 0.5659365820014018), (12213, 0.5385243392083396), (12863, 0.4529612191529625)]
mrdoob/three.js 13748 : [(13217, 0.9112120329074123), (14116, 0.8910544062950924), (5262, 0.8876094747148933), (9529, 0.8616078568131503), (12795, 0.852807592103051), (13921, 0.8209698173883264), (11596, 0.7973536654850152), (8162, 0.7918717484151946), (11621, 0.7668145028654284), (6194, 0.7656386985976215)]
mrdoob/three.js 13634 : [(9164, 0.8976937449493424), (6477, 0.8962306717011107), (6342, 0.48546199999755507), (6883, 0.4633195533243085), (7555, 0.46260175302499346), (5061, 0.45959232596997185), (9760, 0.4546808228158748), (13152, 0.4521728024830745), (1014, 0.4441682098374875), (858, 0.4441682098374875)]
mrdoob/three.js 13621 : [(10524, 0.9715113969569783), (9084, 0.9696868446703084), (10626, 0.969282843914623), (9362, 0.9427582800689838), (9330, 0.9122547043339917), (12973, 0.8553117668063657), (10292, 0.8072091446613828), (9064, 0.7732960342998757), (12968, 0.6359287804224459), (10859, 0.4424864384032813)]
mrdoob/three.js 13544 : [(14119, 0.6275028210130181), (10758, 0.24185122060588346), (11070, 0.17629803123348872), (14166, 0.16122525892036083), (3447, 0.14153684463988095), (6521, 0.1413097939052559), (6207, 0.13844196300963535), (4465, 0.12197515957724445), (3550, 0.11923242824299701), (3516, 0.1099116665736443)]
mrdoob/three.js 13504 : [(9158, 0.8702587016244492), (9163, 0.8294620334837375), (13939, 0.5953381070474933), (9817, 0.3813898278268996), (11875, 0.33983171420813724), (13692, 0.2882716053644776), (11413, 0.19984207535782303), (8223, 0.1963497529308354), (8123, 0.1892091045139657), (8252, 0.1845978307492844)]
mrdoob/three.js 13485 : [(7700, 0.6078840851770052), (7504, 0.462253825735889), (6875, 0.34452093548793566), (5316, 0.18917575502189637), (14072, 0.13139676447640536), (13684, 0.11188126238905381), (2930, 0.11162646433268436), (13438, 0.10434011741981243), (13603, 0.10107370370180897), (13404, 0.08071003562097998)]
mrdoob/three.js 13484 : [(7700, 0.9947168074066759), (7504, 0.9767461173544134), (13421, 0.7413752344984772), (13427, 0.7390475312681126), (7457, 0.6550189035770683), (6875, 0.6234134017597089), (4491, 0.576901114560983), (4426, 0.576901114560983), (4396, 0.576901114560983), (4390, 0.576901114560983)]
mrdoob/three.js 13456 : [(5429, 0.7986698014093525), (5446, 0.7977282686859442), (10984, 0.7779770747403796), (13162, 0.6523202068727917), (7088, 0.4666494326076872), (7337, 0.45638961410459195), (5802, 0.4095609324636365), (5897, 0.3978483154646801), (3516, 0.3875812276911018), (3550, 0.3864082061791651)]
mrdoob/three.js 13430 : [(9292, 0.5), (11603, 0.4570736862669012), (8003, 0.446361825509216), (13838, 0.44556158675230156), (8555, 0.44197739232539185), (6697, 0.44133786885328635), (2982, 0.4399800669549303), (5041, 0.4398908106102497), (5042, 0.4398326223462136), (2821, 0.4383798981512153)]
mrdoob/three.js 13428 : [(8421, 0.9999961930600355), (14105, 0.907353829889565), (14257, 0.887039280487015), (6721, 0.6315872173779155), (13378, 0.5404779853814201), (10796, 0.3405783521701002), (10092, 0.2676516521442083), (13782, 0.24382818689784802), (6377, 0.1918515059887058), (6402, 0.156982043400529)]
mrdoob/three.js 13402 : [(7328, 0.7417296717393561), (12055, 0.6692525742681138), (8188, 0.668483639092094), (12265, 0.47602982035696606), (7327, 0.36498824515980166), (7559, 0.31371554377496486), (10209, 0.24006660757218062), (10170, 0.18302728278448277), (10177, 0.15703348258564243), (4675, 0.07094882624599548)]
mrdoob/three.js 13393 : [(6500, 0.9735753167010999), (13467, 0.9182533609281569), (10510, 0.9066532728729251), (6802, 0.901775007424947), (11477, 0.8436000957976642), (5273, 0.7051640966042986), (13196, 0.7001247859048557), (13824, 0.6717722706979737), (9806, 0.6451253425233504), (6827, 0.6410793147325952)]
mrdoob/three.js 13343 : [(8131, 0.993475914899668), (8135, 0.9933921682638531), (8444, 0.9921695887330525), (4312, 0.991183996271273), (5457, 0.986517816114893), (13409, 0.977166862171543), (7706, 0.9619021908894918), (8427, 0.9501145741579243), (11063, 0.9451974400281257), (7541, 0.9372198348744052)]
mrdoob/three.js 13337 : [(28, 0.5637246359200186), (5986, 0.37641569711639733), (13034, 0.28991453190065997), (2928, 0.15191461230517553), (7979, 0.1510688650515319), (12972, 0.1272829024286481), (2400, 0.09803534289517063), (7443, 0.09229600645668667), (13435, 0.09036557390604706), (11926, 0.0765552433904124)]
mrdoob/three.js 13314 : [(11979, 0.4417260811677352), (9533, 0.42819241645312645), (28, 0.20180769614622576), (13597, 0.10529603011707873), (9816, 0.1025937502619868), (6839, 0.09670733781803086), (12041, 0.0791921496779956), (4448, 0.07771315248942501), (6312, 0.07621263365969005), (4303, 0.07379683381191797)]
mrdoob/three.js 13284 : [(156, 0.9955748937982328), (11547, 0.9912708558154513), (8910, 0.9906634511162901), (8911, 0.9822096238170921), (2960, 0.908089794040003), (4657, 0.5), (2829, 0.44234519690669794), (1833, 0.41965183165530323), (11886, 0.21869800966699093), (2959, 0.17123908916867958)]
mrdoob/three.js 13282 : [(14348, 0.8766390160862751), (11041, 0.8158324686768185), (7428, 0.7887290995468718), (11144, 0.6518278677524184), (14231, 0.6275253270926983), (10791, 0.5881026933150393), (8223, 0.5569360563237412), (13198, 0.5333930454216206), (7136, 0.4721191299264619), (6903, 0.4113364099145984)]
mrdoob/three.js 13276 : [(11083, 0.9291540139196879), (10984, 0.8266827172731789), (10030, 0.812892011498531), (14114, 0.7874617440308411), (13969, 0.7853378706347591), (10782, 0.7762341330528787), (12334, 0.7607551064566479), (11497, 0.7073702616987779), (8771, 0.678043326036761), (13677, 0.6177005696726959)]
mrdoob/three.js 13254 : [(13531, 0.9610789191546796), (9627, 0.9539527543467821), (11451, 0.9478633466389574), (5389, 0.9384458805718201), (6532, 0.9034341372554012), (14022, 0.8894471875175899), (3798, 0.8785261637894717), (12572, 0.8598129280958222), (7618, 0.8330441266113079), (7674, 0.8281107822272314)]
mrdoob/three.js 13244 : [(14101, 0.9999997249547748), (9474, 0.9924328131913444), (9287, 0.9816679167420088), (8561, 0.9712662208400087), (8553, 0.9654644846762355), (6081, 0.9552199540601034), (12617, 0.9541226039264582), (7077, 0.9087227796387863), (10516, 0.9085453007497791), (13068, 0.9079413129564097)]
mrdoob/three.js 13196 : [(10984, 0.7928015883292355), (14012, 0.7040073846452276), (13393, 0.7001247859048557), (10683, 0.6172415370411958), (13253, 0.5843377018591945), (10566, 0.5507006863329079), (11083, 0.43851788815611725), (5759, 0.43278424095674023), (10091, 0.4215582666788882), (10480, 0.4018346373887894)]
mrdoob/three.js 13144 : [(13143, 0.9282066282509397), (11580, 0.8648180699185225), (7987, 0.8342138947953487), (10842, 0.4693665432137481), (7531, 0.41022886683581467), (5446, 0.19946128018381223), (10300, 0.19508161252177145), (5429, 0.17770990934710904), (13778, 0.17560148378706567), (13948, 0.15876075633500286)]
mrdoob/three.js 13134 : [(7618, 0.9912596045346473), (10733, 0.9901297393905344), (12572, 0.9861320365861294), (11141, 0.9502931291072032), (14022, 0.9495386788598207), (6565, 0.8406677891578647), (13254, 0.787350317285766), (6563, 0.7613710776155592), (9627, 0.7341260050042493), (7674, 0.7227572167633822)]
mrdoob/three.js 13115 : [(13057, 0.9521857091587098), (11040, 0.9515769745524115), (10041, 0.9502108250666792), (9620, 0.9355293200004317), (9912, 0.9334057443634033), (10791, 0.9303676615320433), (7131, 0.9199634246790002), (10984, 0.9085487828676642), (8250, 0.8317797022806256), (8278, 0.8185813121675536)]
mrdoob/three.js 13111 : [(6909, 0.9694910137022151), (2287, 0.9538559453270545), (5762, 0.9518915808252665), (8276, 0.9515727860547232), (6252, 0.9502523505896279), (2306, 0.9455298177531275), (2299, 0.942720021859894), (4621, 0.9420584310878444), (5812, 0.9405067801872207), (6318, 0.9368124671322846)]
mrdoob/three.js 13096 : [(10683, 0.45864023183554903), (8625, 0.45304355998788765), (9796, 0.4270614131415857), (10935, 0.2560804337908268), (14166, 0.19006659338158405), (14149, 0.15212082079141495), (6703, 0.13328996210247085), (14303, 0.12703376570916697), (2339, 0.11459608098186407), (7275, 0.11202887435074094)]
mrdoob/three.js 13084 : [(6524, 0.4305646567372953), (5397, 0.3413382077443926), (5897, 0.1555356946652118), (11111, 0.09662918046448846), (12016, 0.08401786326167479), (11109, 0.06899699515504876), (11338, 0.0618767680202083), (12041, 0.06124105987516665), (3688, 0.06082226623528234), (7992, 0.06009153635025567)]
mrdoob/three.js 13083 : [(13057, 0.7833210862032821), (13115, 0.7214461921769743), (8483, 0.6533599032077845), (8485, 0.6474092097490526), (14266, 0.5463872734774649), (13529, 0.5345253709407973), (13582, 0.5181538402751509), (11232, 0.41833971247522656), (10378, 0.3965329767948566), (11099, 0.3783756181440912)]
mrdoob/three.js 13082 : [(14072, 0.9999989859525652), (12050, 0.9456999486904774), (12458, 0.9212201723168852), (12860, 0.8530629077364504), (10708, 0.7871431875678019), (12434, 0.7599328630110287), (8622, 0.485356401980434), (6697, 0.4530932829414017), (3894, 0.44920082129011074), (10848, 0.4462054011225966)]
mrdoob/three.js 13057 : [(13115, 0.9521857091587098), (10984, 0.946274064153842), (10041, 0.9450322149168058), (8260, 0.9412984006270024), (10668, 0.9404019587492597), (11764, 0.93996415697678), (5056, 0.9373355831172197), (11040, 0.9346870492654543), (7131, 0.921017080840231), (9620, 0.8789395622273021)]
mrdoob/three.js 13027 : [(8103, 0.34213656611584037), (12037, 0.23435013689937362), (11465, 0.20384931757526212), (10761, 0.18859631462552562), (13724, 0.17197472705881914), (13303, 0.12577871425934145), (10291, 0.12358220772271962), (10535, 0.11151192992767167), (3259, 0.10087818579879972), (3311, 0.07436741576059754)]
mrdoob/three.js 13017 : [(11015, 0.11964193869477231), (5902, 0.11020739177573824), (4999, 0.10900503663924832), (11926, 0.10054368803182182), (7275, 0.09231582739292594), (5835, 0.07618153011411832), (13555, 0.07310999511060802), (13195, 0.07062064457872927), (3040, 0.0704033932424035), (11338, 0.06282239703579008)]
mrdoob/three.js 12972 : [(10984, 0.9406307329357111), (13154, 0.836276764573329), (13034, 0.8075296289895307), (5802, 0.7927238483038875), (5897, 0.7908693874963149), (8784, 0.5268050917389138), (7979, 0.49245513982877104), (5759, 0.4291127696793013), (8771, 0.3523269347268001), (8852, 0.2635127036874826)]
mrdoob/three.js 12923 : [(4034, 0.8271760976808502), (3980, 0.5132564273181658), (3895, 0.3295233337589252), (5939, 0.32861888184537863), (5928, 0.27404932436662927), (8617, 0.21113967307708043), (5938, 0.20561748428063478), (2503, 0.1765528833445053), (4677, 0.14639799180002372), (12261, 0.14052799316249104)]
mrdoob/three.js 12886 : [(10779, 0.7481381992358301), (11989, 0.1503633421608296), (3730, 0.11373696492126481), (3265, 0.10577195253904807), (12276, 0.1011941248988036), (12992, 0.09787305328341557), (12446, 0.09542211082901368), (8302, 0.09311956366951601), (10641, 0.08950938762726077), (6704, 0.07946588899659517)]
mrdoob/three.js 12880 : [(10230, 0.9419861712265645), (9512, 0.5588355744831528), (7174, 0.45954915524679235), (7196, 0.45312483067478915), (11594, 0.4476918283253561), (11293, 0.41965183165530323), (10304, 0.25749500203373954), (9094, 0.0947474081433268), (87, 0.07717429429153976), (12576, 0.06780556762045904)]
mrdoob/three.js 12849 : [(7163, 0.9551824946382512), (10984, 0.7788501794069842), (10873, 0.6024840480233672), (2982, 0.45284806480855244), (12959, 0.4525094549879141), (8989, 0.4492232653965797), (13493, 0.44672376991321994), (12936, 0.43850776021160515), (11289, 0.43662328080982166), (5627, 0.436501218711902)]
mrdoob/three.js 12693 : [(8008, 0.9007507076652285), (9273, 0.9003393336606258), (13261, 0.7508658499418063), (2953, 0.46950523135255834), (4390, 0.4417781314486354), (4396, 0.4394901053294551), (4348, 0.3762963642550317), (12346, 0.36764511743912504), (14064, 0.36156340021043154), (5406, 0.3527294496323273)]
mrdoob/three.js 12617 : [(14101, 0.9848145496147248), (13244, 0.9541226039264582), (13187, 0.9529216815739862), (7801, 0.9447586878197209), (10516, 0.8930835891635255), (9287, 0.8473880264731922), (8561, 0.832646354717199), (7077, 0.8125302897437574), (13068, 0.807342184293076), (13950, 0.8065526165863725)]
mrdoob/three.js 12520 : [(5713, 0.993389384461046), (7064, 0.7973386577791485), (5901, 0.7966199690743838), (13147, 0.6378892541448073), (9654, 0.33686484632448305), (6625, 0.2426503530856281), (3629, 0.1530554380815515), (5056, 0.1440646657974584), (4301, 0.13556545033994805), (2814, 0.1317330617880275)]
mrdoob/three.js 12464 : [(13249, 0.9716758810466806), (13152, 0.8418422517201957), (6477, 0.5813452738820662), (673, 0.5476616007302002), (14433, 0.48259391870257845), (6951, 0.4548845166033301), (4040, 0.3761583717592517), (11794, 0.3533559626362681), (13465, 0.32244944374299095), (3560, 0.3199503270391147)]
mrdoob/three.js 12445 : [(8255, 0.6597210138546836), (8350, 0.5369918332899265), (8852, 0.4640261737035979), (6124, 0.4632512337431403), (14076, 0.4387447007149519), (6344, 0.4212404317210103), (7836, 0.40279501922203204), (6318, 0.39782847895771506), (2288, 0.3644293341326986), (8962, 0.3506258224840545)]
mrdoob/three.js 12319 : [(13254, 0.06129718861860336), (6975, 0.05578665895902219), (13484, 0.0555902572272216), (5414, 0.05337703784784551), (13427, 0.05297264732205879), (13421, 0.05114843586610367), (6402, 0.04956176316525018), (6563, 0.04787183378438763), (5444, 0.04764701647479615), (6565, 0.046497092984018815)]
mrdoob/three.js 12118 : [(12145, 0.9853553125558631), (12076, 0.9853553125558631), (3612, 0.9034924125623061), (9311, 0.8981705888548963), (5990, 0.8752420815537828), (8689, 0.8575341592375505), (11827, 0.6925663496987319), (6453, 0.6806524594568202), (7194, 0.6633025845232546), (9207, 0.6471733244193275)]
mrdoob/three.js 12033 : [(8003, 0.4655836148817159), (7196, 0.459364020168883), (13847, 0.44895979146280257), (13838, 0.437347399790349), (2821, 0.43596466365662984), (12872, 0.43443032422397276), (5909, 0.07785231033573665), (7836, 0.07557277130434856), (6761, 0.06730419241098486), (12080, 0.06701975214204384)]
mrdoob/three.js 12024 : [(12334, 0.9999969090930221), (11463, 0.9428276288662496), (14038, 0.8893753658602316), (8883, 0.7897865997213341), (14025, 0.7322262589389587), (14045, 0.7150400332539503), (13667, 0.5849480670664268), (5628, 0.5), (14040, 0.48969837788074044), (2982, 0.4782277146840347)]
mrdoob/three.js 11978 : [(11846, 0.8983594862702321), (10984, 0.8015733471615681), (8838, 0.6902041819600689), (13717, 0.5993147458040681), (13701, 0.5730009432182881), (13552, 0.5070366935810354), (14075, 0.5), (12772, 0.4915286596969082), (13767, 0.4560238770115796), (10536, 0.43116361175834833)]
mrdoob/three.js 11934 : [(8323, 0.9965513569244948), (7971, 0.9964226180555737), (7989, 0.9634035360924472), (7991, 0.9632028361261865), (8108, 0.8567628035207691), (5097, 0.5702821735365281), (8617, 0.38067117956751384), (5301, 0.3466040028630081), (5288, 0.3466040028630081), (4388, 0.15680539467590895)]
mrdoob/three.js 11875 : [(13939, 0.8062885133518093), (2990, 0.5369918332899265), (2006, 0.5368903142128427), (12301, 0.5), (4315, 0.4590737721721067), (13504, 0.33983171420813724), (9259, 0.2777055842721282), (4343, 0.2774016641578381), (5083, 0.2661639789650974), (6308, 0.2544028804928614)]
mrdoob/three.js 11788 : [(7025, 0.6038535079686447), (7441, 0.5853039928950126), (5036, 0.5221086890614701), (6982, 0.5145997570740058), (5835, 0.5), (5024, 0.5), (5057, 0.4842762091000696), (3206, 0.4796396043775597), (10841, 0.4750947742941945), (9164, 0.47064872808060015)]
mrdoob/three.js 11603 : [(10164, 0.8712762555999685), (13840, 0.857049423130182), (6174, 0.8121518339837012), (4812, 0.8094695248858689), (6175, 0.8015228312387139), (7404, 0.69253743552467), (9451, 0.6057361176841636), (10248, 0.6052440283923558), (6702, 0.5906600959592331), (6703, 0.583829991923444)]
mrdoob/three.js 11596 : [(5262, 0.8988878801086903), (5294, 0.8011002668770435), (13748, 0.7973536654850152), (14116, 0.7446996010349378), (9529, 0.7199603069757382), (5752, 0.6861399070863132), (10445, 0.6766468718731498), (9451, 0.6675259296787123), (9184, 0.6433021280727829), (7457, 0.5746200350775563)]
mrdoob/three.js 11523 : [(5725, 0.9062032661116413), (6477, 0.3691192697211085), (10660, 0.27261177984106727), (14354, 0.24703569312774573), (3709, 0.23626498261849688), (2865, 0.23609868771976483), (12, 0.23433047918862693), (10797, 0.2281617100751156), (236, 0.21172275522429276), (5270, 0.1992112598829606)]
mrdoob/three.js 11472 : [(4640, 0.9966564034562827), (13627, 0.9949515873039797), (12071, 0.9943138650103222), (9283, 0.9199302171998714), (9455, 0.8789339471899618), (11884, 0.7948035221381899), (13618, 0.3548990348340032), (13803, 0.18565489843429156), (13491, 0.17210894039905691), (3447, 0.16251138828137102)]
mrdoob/three.js 11459 : [(10864, 0.8227772966262207), (4982, 0.7084665340636406), (11482, 0.6904217174383581), (8388, 0.47252643994565313), (6164, 0.46189353713102516), (526, 0.4212217845425236), (8414, 0.41093109921333476), (11283, 0.3947192696664609), (8611, 0.3867817255760805), (5658, 0.2435968303457579)]
mrdoob/three.js 11376 : [(14114, 0.9938309967502633), (8534, 0.9264544997412635), (13850, 0.7860665101515982), (13969, 0.698959829724875), (11458, 0.6804076015826593), (8006, 0.5855212054416943), (10984, 0.5800118216274088), (14274, 0.5674756598608717), (6872, 0.51361368262911), (11115, 0.4867755859662694)]
mrdoob/three.js 11312 : [(8950, 0.9834531434570787), (8601, 0.9481799489124212), (2979, 0.8930626585650322), (4789, 0.8507652901411422), (3692, 0.8443919202851186), (3708, 0.7647438835209053), (6086, 0.7544658799916945), (3475, 0.7499765292539087), (4672, 0.7443302799939063), (4283, 0.7289509930992143)]
mrdoob/three.js 11289 : [(4031, 0.9602201570446748), (3906, 0.8498463817484422), (11482, 0.7593760069079868), (526, 0.7135289446825277), (3153, 0.713297661613575), (6160, 0.7066571330173311), (5658, 0.7014144100765461), (11334, 0.6804474174024753), (14459, 0.6408278402743544), (14138, 0.6336262360487797)]
mrdoob/three.js 11244 : [(8900, 0.9107169188181253), (5354, 0.7483163974997278), (5362, 0.7408207725554722), (5101, 0.3970961127480194), (5096, 0.36465095379892454), (5120, 0.3360208983061901), (6104, 0.12733173689004382), (4433, 0.09233307881082731), (11009, 0.07110600037198783), (12761, 0.0710840291381344)]
mrdoob/three.js 11134 : [(8003, 0.9703691583968705), (6997, 0.9036482612939164), (4031, 0.8601048940162328), (6160, 0.7688123255950878), (4831, 0.7360480666896787), (562, 0.7357907460735568), (4890, 0.7056963749438426), (3153, 0.6856212330874638), (526, 0.675413487701415), (5958, 0.6749202916566195)]
mrdoob/three.js 11093 : [(3554, 0.9690653342040499), (5854, 0.960861367514669), (7189, 0.9574268819451759), (7180, 0.9574268819451759), (13845, 0.8928773396214859), (5921, 0.8641016181461715), (5848, 0.8626509411757061), (5056, 0.16623677279945415), (10284, 0.14441071988719564), (3432, 0.08222929629882224)]
mrdoob/three.js 11026 : [(5502, 0.9652790867328207), (10516, 0.9355616925732386), (14101, 0.9026060571320137), (6106, 0.8674024998676785), (9909, 0.8595456769228609), (13244, 0.8550637159123083), (13514, 0.8240344381577698), (9287, 0.8157373890306724), (13187, 0.8017788277426412), (12617, 0.7823976269829067)]
mrdoob/three.js 10991 : [(5020, 0.2691718211470159), (9133, 0.2544281766337489), (7934, 0.2448524130122707), (6306, 0.24038582069875794), (8221, 0.23963901196019352), (9771, 0.22707015522418303), (9825, 0.1938184613782634), (1734, 0.16519689692858794), (7054, 0.16148839889486954), (6924, 0.15719344001254323)]
mrdoob/three.js 10941 : [(7116, 0.9128117027530566), (7860, 0.8306613737014839), (13481, 0.769849888585989), (11932, 0.7629010788238303), (11458, 0.743089598471151), (13917, 0.7418512651368472), (14138, 0.7376255478204162), (5658, 0.6833161850146758), (6851, 0.6219031896991599), (5420, 0.5879445690762742)]
mrdoob/three.js 10821 : [(9415, 0.9618300798146248), (13904, 0.9250449420763573), (13358, 0.8889408536096571), (9507, 0.8105764720480737), (8995, 0.7886194954015957), (8993, 0.7886194954015957), (7459, 0.7009279430953768), (7461, 0.630199221591585), (7778, 0.6080538203198872), (14259, 0.49372057014856713)]
mrdoob/three.js 10820 : [(7023, 0.8192788854065742), (10024, 0.6473522378715331), (13888, 0.4788213108657626), (14235, 0.35418418205904195), (12189, 0.3499361827579847), (4570, 0.2601087646999426), (12868, 0.21739109046966762), (10012, 0.19240428528182554), (12196, 0.17845547760602554), (13930, 0.16890443393041615)]
mrdoob/three.js 10750 : [(5056, 0.7906960305416009), (14012, 0.7534874074096117), (5816, 0.6673817897631105), (11703, 0.6449092182825233), (11666, 0.5867919509376411), (6494, 0.5179671830175265), (7555, 0.47520628008894283), (7381, 0.43353458143699886), (10643, 0.4237129584182349), (6743, 0.4074445444298352)]
mrdoob/three.js 10674 : [(9043, 0.969266518233266), (9118, 0.9613329781916843), (9644, 0.6242636752847632), (13766, 0.57410849054077), (11251, 0.1643154073941079), (10984, 0.12300512253210913), (3758, 0.08887023020007828), (11151, 0.074026360354614), (6545, 0.06889268602829675), (5494, 0.06825340189559505)]
mrdoob/three.js 10597 : [(13706, 0.9999977229317728), (3733, 0.9965338364610346), (3734, 0.9964475001475793), (7584, 0.9939726629357936), (6888, 0.9883784147163043), (3141, 0.9859109735279421), (12433, 0.9805416910276092), (7544, 0.9800591947446836), (7692, 0.9750898404567481), (13534, 0.9652561795879622)]
mrdoob/three.js 10589 : [(12163, 0.18108062442989897), (10562, 0.08419513357121278), (12445, 0.07809730530854704), (7845, 0.0735133444497696), (13824, 0.07237697393887327), (7603, 0.06672395816820197), (5626, 0.0656224352982386), (12181, 0.06178186472250504), (7465, 0.06100037388080165), (8218, 0.060375843225569895)]
mrdoob/three.js 10555 : [(11082, 0.999992193915465), (14273, 0.9974178382520549), (10788, 0.9962098583346453), (11893, 0.9932123638092423), (10281, 0.9922981503174383), (14388, 0.8179845686466246), (12271, 0.7250860222087654), (10240, 0.4448372681259064), (5997, 0.26010745248696104), (13972, 0.19631995141742126)]
mrdoob/three.js 10508 : [(13271, 0.895035085264881), (9176, 0.8879721275503747), (7276, 0.7120253708206878), (4116, 0.6945137867686572), (9093, 0.6843007636154028), (9701, 0.6656458229918898), (4113, 0.5123152365410376), (10363, 0.4829347866843589), (11399, 0.4569145799993461), (9834, 0.4414120085612335)]
mrdoob/three.js 10477 : [(7230, 0.1807559152251004), (2216, 0.166688795986973), (5648, 0.15384983355667892), (3320, 0.1533332460676554), (7082, 0.15170574069327114), (8350, 0.1391574657704819), (3301, 0.12958873686227948), (3827, 0.12901344848381677), (3300, 0.12042177012421083), (9053, 0.10838550399733053)]
mrdoob/three.js 10287 : [(4059, 0.9835412365510635), (3805, 0.9682252421916044), (4605, 0.9427118955485224), (8761, 0.9231579515889076), (7605, 0.775400935480225), (14328, 0.7495261168524715), (11161, 0.7114597358879909), (3231, 0.6234413535376149), (12976, 0.5786625556288589), (7599, 0.5296136818961963)]
mrdoob/three.js 10284 : [(3408, 0.9757726021021678), (3485, 0.8453360798591034), (14182, 0.8107789254659742), (3411, 0.7822808355277737), (3554, 0.7577244935410211), (3474, 0.6985818495564147), (4680, 0.6299761990109909), (5921, 0.6033566628235836), (7695, 0.5848852346264507), (7694, 0.5848852346264507)]
mrdoob/three.js 10260 : [(6752, 0.6165873300434536), (7245, 0.5274969001064754), (7506, 0.5204895761429102), (5907, 0.489295593960186), (8361, 0.4361666874519679), (11445, 0.2696576733533009), (8577, 0.25462677474764395), (4343, 0.24437739865295546), (11703, 0.18947520007200794), (5402, 0.1816530017215889)]
mrdoob/three.js 10216 : [(8103, 0.33140560761262083), (11686, 0.14032921582928032), (3101, 0.09188608375605109), (5471, 0.08749786842742584), (5935, 0.07434677665039517), (4427, 0.07324969704631447), (4425, 0.07324969704631447), (8184, 0.06720660121036187), (13597, 0.06469592626342613), (11338, 0.06403972294338198)]
mrdoob/three.js 10133 : [(6888, 0.9914888373276233), (7584, 0.990484829427001), (4499, 0.9902497410514015), (11174, 0.985288976195971), (7544, 0.9842840007512538), (5583, 0.9770719279305812), (10861, 0.9726846557233354), (13965, 0.9720393236222974), (4373, 0.9685667744369855), (4401, 0.9676700037894035)]
mrdoob/three.js 10104 : [(5429, 0.8019549762369106), (5446, 0.7965697411710151), (10863, 0.7878654024899509), (10984, 0.7873027354214731), (7210, 0.6635275235594259), (7209, 0.6634101231530031), (13529, 0.6508936316125227), (7088, 0.5999431401630722), (12534, 0.5914395085345818), (5802, 0.579528014021207)]
mrdoob/three.js 10054 : [(10245, 0.9919829442583714), (14301, 0.9303115610868338), (11240, 0.6363130322608381), (5931, 0.6336249781346517), (10698, 0.5727865968597943), (1362, 0.47214248303792966), (9892, 0.3590931536735603), (9738, 0.35630466330994304), (10995, 0.3455502307448243), (562, 0.33906454467478647)]
mrdoob/three.js 10013 : [(7152, 0.9824276269709223), (7534, 0.9085398810117136), (5167, 0.8770090156041126), (6890, 0.8535821493442072), (11594, 0.8494564007931478), (10390, 0.7930817165876576), (11754, 0.7911582564981093), (6302, 0.7569535051815905), (7320, 0.7473918557996463), (5615, 0.7471483097264502)]
mrdoob/three.js 9962 : [(10656, 0.9831865563516207), (4180, 0.9821332961940974), (8564, 0.9629571180690734), (7202, 0.9108432960288629), (10732, 0.9082279849642847), (10008, 0.8347206502339536), (7049, 0.7862065602124438), (10962, 0.7544322616700653), (9692, 0.7185674992491309), (11481, 0.6464386965340025)]
mrdoob/three.js 9929 : [(9738, 0.9441332494622672), (11638, 0.7212020426787915), (3153, 0.6967458606466813), (9545, 0.6925053512788747), (7806, 0.6642196171052203), (562, 0.631974318661526), (12449, 0.5669412940337275), (11283, 0.5298817763934555), (9927, 0.47610162814419166), (11288, 0.43524908783241567)]
mrdoob/three.js 9927 : [(9738, 0.9144661201535134), (8375, 0.8071119696075313), (8883, 0.80320091248948), (14045, 0.6891188635350417), (10270, 0.6829834988248898), (11635, 0.640679651760757), (14040, 0.5656743983827558), (13667, 0.5612715766656352), (11203, 0.4604237753104811), (7806, 0.4000756103067297)]
mrdoob/three.js 9915 : [(5658, 0.9687837683561449), (4890, 0.9043573452026666), (526, 0.779809367183072), (5701, 0.771326208668438), (5420, 0.6838060970377297), (7351, 0.6806824099197714), (11482, 0.6751321056771067), (11283, 0.6698286938085021), (4982, 0.6663123399901971), (3906, 0.6426037795167809)]
mrdoob/three.js 9913 : [(8582, 0.9783906251812473), (7183, 0.9041084854196201), (7158, 0.8871762814508048), (3827, 0.8701546042729369), (3400, 0.8640753645748035), (4456, 0.8427453633943602), (3320, 0.8255045272315358), (6795, 0.7469671020573966), (3369, 0.7089985346416892), (3373, 0.7012964883668236)]
mrdoob/three.js 9865 : [(10444, 0.9952894103510462), (12039, 0.8227897647727358), (9792, 0.6478665179196264), (9586, 0.5344959112432858), (11719, 0.5), (9494, 0.21127105332031573), (9544, 0.20080090606732912), (9605, 0.1678384676120321), (9141, 0.15311950231602697), (10829, 0.1444090670044816)]
mrdoob/three.js 9746 : [(6839, 0.8202038281351041), (8535, 0.8179257108129491), (8505, 0.7930927757224632), (8326, 0.695631531071487), (13877, 0.595668289954848), (6477, 0.4588872380137072), (13122, 0.3990600537770888), (6838, 0.3716012715982428), (3873, 0.328199147661187), (7793, 0.31752119361500614)]
mrdoob/three.js 9654 : [(5713, 0.9741771004352209), (9341, 0.9725045350863174), (5905, 0.9477311823493141), (10763, 0.907067768388702), (5901, 0.8991967961640538), (9329, 0.8784049192991609), (6032, 0.8456997562929871), (13334, 0.8310680828308499), (7064, 0.798058998289542), (12872, 0.6781798688985345)]
mrdoob/three.js 9620 : [(10668, 0.9545609797869913), (11764, 0.9533686581143801), (8933, 0.9531865887659511), (13115, 0.9355293200004317), (10984, 0.8952643116761483), (10041, 0.8847212849355318), (13057, 0.8789395622273021), (11040, 0.8465080520373087), (8260, 0.8245959461945476), (7420, 0.8077734337049849)]
mrdoob/three.js 9605 : [(9586, 0.9999891977669545), (9494, 0.47578951764043736), (6058, 0.16962863149070917), (9865, 0.1678384676120321), (9544, 0.11730330761769407), (12039, 0.1046694297838798), (9141, 0.09044136727912552), (10658, 0.08281368700419287), (13965, 0.07591798413202633), (12584, 0.07472623201218151)]
mrdoob/three.js 9600 : [(7089, 0.9707390887306866), (7801, 0.952335219360769), (11259, 0.9376088171641282), (5689, 0.8847981357212863), (9176, 0.8120983767562113), (12887, 0.6832427069979085), (12617, 0.5), (4113, 0.49298459344282486), (12421, 0.4634390229176618), (12166, 0.4634346142993744)]
mrdoob/three.js 9561 : [(6721, 0.7936822965576387), (8421, 0.5302315666096042), (4615, 0.28039270091014745), (4570, 0.27125582906337325), (6565, 0.26355703539654013), (6563, 0.24764431442323429), (5277, 0.24477680084146253), (5389, 0.24391293215328805), (7889, 0.2436481121463316), (7649, 0.22758480723313973)]
mrdoob/three.js 9537 : [(10984, 0.38555815564704365), (10683, 0.3665838811931146), (8724, 0.2885182137263437), (7343, 0.2809518403891148), (6898, 0.27919285408954986), (8324, 0.2668668586301972), (3432, 0.24979388430475152), (7978, 0.24843120356715043), (8302, 0.23712606619122886), (10064, 0.19595346522894636)]
mrdoob/three.js 9490 : [(9558, 0.9505205494312337), (10796, 0.9493093732269714), (6343, 0.9484254673110734), (8775, 0.9484161115981938), (12156, 0.9477644844340467), (5056, 0.9457484098739948), (7131, 0.9457348502970235), (10984, 0.9457348502962177), (12808, 0.9411895109468454), (6231, 0.9392330695099445)]
mrdoob/three.js 9455 : [(12071, 0.9434319868951238), (13627, 0.8833699885903133), (11472, 0.8789339471899618), (11359, 0.856895146651554), (4640, 0.8283714773348368), (11379, 0.8198047545793655), (11299, 0.7454304991789062), (11380, 0.48610386224715696), (13618, 0.29877573907896815), (6153, 0.26509088808165127)]
mrdoob/three.js 9410 : [(3447, 0.9487942327596413), (6287, 0.9476352245998412), (2400, 0.9474785182926191), (2928, 0.9467783483634847), (5802, 0.9460247269989452), (5897, 0.9459894480756056), (10984, 0.9457348502962177), (2299, 0.939256037009699), (2306, 0.9391209733578458), (3516, 0.9377425134885621)]
mrdoob/three.js 9378 : [(5446, 0.15776498754428014), (4546, 0.11099119782602884), (13003, 0.08507877253924424), (5976, 0.0728619880634714), (10457, 0.06119770615468753), (5635, 0.06115689746686973), (10861, 0.05994189763893767), (10458, 0.05986532213906525), (10434, 0.05880448218112106), (6228, 0.05875654323916907)]
mrdoob/three.js 9296 : [(4669, 0.7602902606359225), (9675, 0.5781824782340262), (13079, 0.5761019858085562), (4170, 0.5740739972747455), (8627, 0.5), (10984, 0.45341716844710606), (3311, 0.4438684863876332), (8575, 0.3377815998752241), (6392, 0.33016533001616244), (6487, 0.2969664584724804)]
mrdoob/three.js 9163 : [(10984, 0.9371820046075684), (8529, 0.8819271007549252), (13504, 0.8294620334837375), (6743, 0.7426601534194053), (13198, 0.6988776313579316), (14411, 0.6376067445420668), (7591, 0.6333512151879036), (11040, 0.6202597297117003), (9912, 0.618978368244022), (7381, 0.6160129755017237)]
mrdoob/three.js 8985 : [(10763, 0.9974798603919434), (3655, 0.7691549619582627), (3659, 0.7438607013476346), (8657, 0.5369918332899265), (9654, 0.42114329527309585), (4815, 0.2983211245976294), (11034, 0.259701864637831), (6032, 0.22303997350016133), (5037, 0.19797723329957284), (4747, 0.15198050509305325)]
mrdoob/three.js 8953 : [(6911, 0.9945240585769112), (3518, 0.9863174535190147), (9082, 0.986097208998879), (8978, 0.9754697516368038), (14443, 0.9538655111301508), (7320, 0.9143580400340027), (2597, 0.9066402818467629), (10807, 0.8708472678192306), (7679, 0.8584121500709941), (14227, 0.8228184675358432)]
mrdoob/three.js 8952 : [(3837, 0.9681593778085313), (3839, 0.8760849115182713), (12357, 0.798912707784851), (6953, 0.6339274630256313), (9169, 0.5669545834934894), (7662, 0.5102566329045122), (6989, 0.44415257463538255), (6001, 0.3869037671301659), (9168, 0.3614679594236556), (11599, 0.1906685887248108)]
mrdoob/three.js 8834 : [(9216, 0.06375372711877576), (4230, 0.05811019426773898), (996, 0.05383112193079175), (5453, 0.05350548510189563), (8703, 0.05279908917618295), (9611, 0.05089866449312863), (9884, 0.050655508025226934), (5013, 0.04585973443490725), (2808, 0.0442109881545465), (1134, 0.044189204039701155)]
mrdoob/three.js 8767 : [(7131, 0.16739014225620014), (11159, 0.10509093560995175), (6494, 0.08976266635170443), (10750, 0.08123455955444299), (7534, 0.0759168106164783), (13767, 0.07361501669141132), (13467, 0.06933453590264865), (5969, 0.06644042437170088), (5964, 0.06644042437170088), (13741, 0.06443218463688301)]
mrdoob/three.js 8676 : [(8577, 0.5164545022037607), (6477, 0.4114931960990497), (11497, 0.3851664772614903), (8853, 0.3229312092848214), (1014, 0.22070913487884455), (6782, 0.20874518427775027), (7076, 0.1867415525878878), (8439, 0.18442868219714306), (6308, 0.17963858584195166), (4343, 0.175673314551804)]
mrdoob/three.js 8543 : [(8245, 0.7397999510508277), (13877, 0.5979875650592893), (12947, 0.46482756236459893), (13512, 0.34147629543814034), (7793, 0.31866089077989285), (8250, 0.3030091528375526), (8577, 0.2688902200400898), (13049, 0.24987278537703567), (8549, 0.24540625037065392), (3873, 0.2234063975678309)]
mrdoob/three.js 8510 : [(13713, 0.95176956380855), (3764, 0.8681775114771322), (7974, 0.8401689090464962), (10296, 0.7068552150064971), (5109, 0.6668057979283321), (4624, 0.5549186664102368), (4433, 0.46829207950797347), (10445, 0.42672158951320177), (7457, 0.4232149994496123), (14283, 0.4008857202788532)]
mrdoob/three.js 8422 : [(10164, 0.965859988714224), (5429, 0.925250414403212), (5056, 0.9243682556955228), (5446, 0.9235861392307215), (3550, 0.9230586321093388), (10984, 0.9199270067518523), (7404, 0.8354019880257438), (2597, 0.7041942361716772), (9481, 0.6741727997104385), (4358, 0.6585217135083542)]
mrdoob/three.js 8368 : [(5182, 0.9193040863065991), (7114, 0.6754231926426884), (3909, 0.5404233450931176), (4548, 0.47492447726962683), (7156, 0.4461721677943485), (4543, 0.4444995341512319), (10984, 0.43609604714410566), (4805, 0.4327757971236527), (3910, 0.42462031939433326), (9929, 0.39571979627298215)]
mrdoob/three.js 8353 : [(12248, 0.8224769781506809), (6347, 0.3489332951726672), (6335, 0.3129216472551674), (12151, 0.2192303620446232), (12154, 0.16008911012123703), (10041, 0.14049850131467648), (6337, 0.11163337563366317), (9343, 0.10239122556324655), (9351, 0.08770202108192725), (13106, 0.08339493728994532)]
mrdoob/three.js 8349 : [(8356, 0.9768960640220796), (12154, 0.9768023173735186), (12151, 0.9421304522766555), (8346, 0.8331370319917336), (12141, 0.3542748606784209), (8347, 0.35292521099763563), (8984, 0.35264259771400147), (7625, 0.33351589565190976), (7420, 0.20678610688725474), (7324, 0.20132656058112036)]
mrdoob/three.js 8315 : [(12694, 0.20786669442283126), (11867, 0.1951513558665719), (9892, 0.1824462268080351), (13718, 0.17572010069597924), (10054, 0.1493364994100151), (10245, 0.13960949708445872), (5931, 0.1371994573544223), (4177, 0.13662722780687936), (11312, 0.13543373435185785), (9290, 0.10575835437965855)]
mrdoob/three.js 8278 : [(14174, 0.9865672521857989), (4987, 0.9509022346461442), (7591, 0.9440038323009576), (5056, 0.9437381124541797), (10984, 0.9371989298623086), (6743, 0.9359556198781032), (7381, 0.9316718111672939), (7918, 0.8866116347600796), (10041, 0.8842965050260323), (7382, 0.8378954962377624)]
mrdoob/three.js 8064 : [(10577, 0.9075476278392667), (3408, 0.90060874115133), (7492, 0.8845618459006104), (3587, 0.8062210839729587), (14369, 0.7520804598068865), (3632, 0.6463338877384304), (3757, 0.6328028299212304), (4097, 0.5975491513608217), (8286, 0.5864777298640749), (7405, 0.5126422399057557)]
mrdoob/three.js 7534 : [(14227, 0.9827818421862524), (11860, 0.9819562802369237), (11754, 0.9773561589748695), (6302, 0.9707067517771039), (7317, 0.9705878572147566), (13906, 0.9630259422063154), (6890, 0.9542826024718365), (9278, 0.9524490740515704), (10413, 0.9507032392518368), (10390, 0.9500546464801397)]
mrdoob/three.js 6230 : [(6301, 0.9999999362688534), (6297, 0.9999986736237063), (9098, 0.9854490997424986), (3423, 0.9536566139337822), (4747, 0.7533774876542012), (4283, 0.7423536675403684), (3475, 0.6876687705296973), (4765, 0.5960786457697858), (2979, 0.5926856777295938), (11312, 0.5788106381702889)]
mrdoob/three.js 5687 : [(8252, 0.16939231223393292), (6568, 0.10419696753326098), (13504, 0.10370593702401795), (14437, 0.08272412884517998), (2609, 0.0825477103354094), (8638, 0.07787976420298955), (6273, 0.07768563569729077), (9140, 0.07133862051086275), (9139, 0.07133862051086275), (8547, 0.06471947357293131)]
mrdoob/three.js 5561 : [(9622, 0.7928734676177315), (7148, 0.35522400981817626), (7147, 0.3528131694487796), (7151, 0.30796368410859254), (6943, 0.2638703468467844), (10984, 0.17320395270415212), (11907, 0.165952263625572), (11010, 0.1406424258505072), (14195, 0.12471026651765019), (14196, 0.10517354876744707)]
mrdoob/three.js 5280 : [(7848, 0.9484795751038196), (9222, 0.9368268290084153), (4216, 0.9301630494639898), (6581, 0.7165578043191604), (10514, 0.6465954894011748), (13254, 0.5420259756629217), (9627, 0.5265452544382618), (7674, 0.5078487888405355), (6563, 0.5), (6565, 0.48426434326522233)]
