JuliaLang/julia 18936 18658 0.8440428803 0.3036763507239898 0.5403665295760102 0 [0.2839226104273029, 0.3036763507239898]
JuliaLang/julia 13062 10835 0.03680429679 0.026453864418804873 0.01035043237119513 0 [0.026129437347307494, 0.026453864418804873]
JuliaLang/julia 16255 16253 0.8893137373 0.903145957231303 -0.013832219931303014 1 [0.903145957231303, 0.519792715361462]
JuliaLang/julia 12058 11242 0.8396035355 0.8903216313361534 -0.05071809583615339 0 [0.19246466348341884, 0.671268175506024, 0.13102920720865727, 0.12441922608320427, 0.09753476733259064, 0.162926167111361, 0.10828202241180107, 0.18788334062303533, 0.8903216313361534]
JuliaLang/julia 22233 22169 0.6024955936 0.7207231346761738 -0.11822754107617373 0 [0.7207231346761738]
angular/angular.js 15110 15106 0.9935966265 0.12968063453807044 0.8639159919619296 0 [0.12968063453807044]
angular/angular.js 8492 8233 0.9940287647 0.24041110916865743 0.7536176555313425 3 [0.24041110916865743, 0.05424885577697852, 0.10241593734737466, 0.0873441773598214]
ansible/ansible 5275 5140 0.9953655575 0.30857912068170656 0.6867864368182934 0 [0.30857912068170656]
ansible/ansible 15811 15688 0.6805739783 0.11161710624851445 0.5689568720514855 0 [0.07819640471463199, 0.11161710624851445]
ansible/ansible 6164 5480 0.9999984899 0.48760515618136124 0.5123933337186387 1 [0.43997324814463695, 0.1607093946945687, 0.17131095702317625, 0.48760515618136124, 0.11392242333856523]
angular/angular.js 9917 9265 0.771318395 0.4072136796646188 0.3641047153353812 1 [0.4072136796646188, 0.23258811911493574]
ansible/ansible 25698 21100 0.9942138685 0.7441854269796053 0.2500284415203947 0 [0.7441854269796053]
ansible/ansible 22383 22301 0.9655521417 0.7714141624266545 0.19413797927334553 1 [0.7252203724951675, 0.2951348886459604, 0.7603664560720524, 0.41595051961960133, 0.5158860328869451, 0.7714141624266545, 0.4383259511233026]
ansible/ansible 24056 23936 0.9894234469 0.8207143131404495 0.16870913375955043 0 [0.8207143131404495]
angular/angular.js 4940 4529 0.9999999093 0.8624694233300234 0.13753048596997663 0 [0.8624694233300234]
ansible/ansible 15811 15796 0.9202391636 0.8178984181221541 0.10234074547784588 0 [0.7653066355778023, 0.8178984181221541]
angular/angular.js 6215 6098 0.9999926815 0.9360946937799342 0.06389798772006583 0 [0.9360946937799342]
ansible/ansible 7480 6931 0.9999964032 0.9702652231057833 0.029731180094216714 1 [0.9702652231057833, 0.9668468922018619]
ansible/ansible 2366 2282 0.9945553192 0.9828292261155208 0.011726093084479139 0 [0.9828292261155208]
ansible/ansible 4508 4189 0.9999841607 0.9939688449922046 0.006015315707795343 0 [0.9939688449922046]
ansible/ansible 22620 22521 0.9969919817 0.9962478270194479 0.0007441546805521115 3 [0.9962478270194479, 0.9371428747250975, 0.9471741221977042, 0.9922986415666761]
angular/angular.js 6807 6801 0.9999999716 0.9999999994641144 -2.7864114460207645e-08 2 [0.9999999994641144, 0.9999999994641144, 0.9999988838409981]
ansible/ansible 7943 6049 0.9999973036 0.9999998678557075 -2.5642557074379013e-06 2 [0.9999998678557075, 0.9999974499549306, 0.9594135429185294]
angular/angular.js 1851 1701 0.9999944719 0.9999999251316661 -5.453231666119329e-06 1 [0.9999996925305586, 0.9999999251316661, 0.9999996952796184]
angular/angular.js 14967 6412 0.992943251 0.9968855606515131 -0.003942309651513098 1 [0.9968855606515131, 0.9965087484778798]
ansible/ansible 5287 4034 0.9952611701 0.9999831939604072 -0.0047220238604072096 0 [0.9690638646572924, 0.9999831939604072]
ansible/ansible 19228 19049 0.9939471062 0.9999925443870573 -0.006045438187057273 1 [0.996551815581826, 0.9813564005424762, 0.981956835420336, 0.9863231386181357, 0.9999925443870573, 0.9904386371677562]
angular/angular.js 9481 9478 0.02296127621 0.029389028354887815 -0.006427752144887815 0 [0.029389028354887815]
ansible/ansible 15738 14300 0.9730250934 0.985594244496393 -0.012569151096393005 0 [0.985594244496393]
ansible/ansible 9032 7639 0.9763802787 0.9919176674078387 -0.015537388707838717 0 [0.9919176674078387]
ansible/ansible 6638 6595 0.8183702189 0.8346899856658994 -0.016319766765899413 0 [0.8346899856658994]
ansible/ansible 11461 11459 0.9754552459 0.9999998918774208 -0.024544645977420787 0 [0.9999998918774208]
angular/angular.js 12933 12166 0.8982365037 0.9299417946826766 -0.031705290982676604 1 [0.9299417946826766, 0.7875350717371501]
ansible/ansible 23748 23732 0.9565748216 0.9999996340378402 -0.04342481243784024 1 [0.9852921397397829, 0.9999996340378402, 0.9999848390884658]
angular/angular.js 7582 5674 0.9506329651 0.9999868472212851 -0.04935388212128511 0 [0.9999868472212851]
angular/angular.js 14635 12682 0.8162848372 0.8668964090057278 -0.05061157180572784 0 [0.8668964090057278]
ansible/ansible 24789 24722 0.9189292381 0.9792829212949297 -0.06035368319492962 8 [0.9792829212949297, 0.44348455979270995, 0.4513383397839834, 0.23567109328718006, 0.2488711984300299, 0.24744355525617603, 0.14280340705914443, 0.10102388352908215, 0.09421440912140867]
angular/angular.js 12524 12477 0.9306181875 0.9999999992083781 -0.0693818117083781 10 [0.9999999992083781, 0.9999998646947579, 0.9999996766173147, 0.9943651416558241, 0.994095122667571, 0.9842621496419762, 0.9963272216066483, 0.9955208399259474, 0.995145123725117, 0.9820174373846765, 0.9954477652875718]
ansible/ansible 6597 6595 0.4360942194 0.8827220316933546 -0.44662781229335463 0 [0.8827220316933546]
ansible/ansible 11127 10819 0.02283313987 0.5973485940120891 -0.574515454142089 1 [0.5973485940120891, 0.02332400482469391]
angular/angular.js 3025 2522 0.3221959542 0.9999999490990247 -0.6778039948990247 0 [0.9999998288803489, 0.9999999234463193, 0.9999999490990247]
ansible/ansible 12528 12140 0.2584219185 0.9846164623873808 -0.7261945438873807 0 [0.8709502708589483, 0.9846164623873808]
cocos2d/cocos2d-x 10526 10485 0.8903049126 0.30453350567986387 0.5857714069201361 0 [0.019014155267582246, 0.2516159378545417, 0.2600620674200147, 0.30453350567986387]
ceph/ceph 10411 9263 0.961150061 0.526107251500481 0.435042809499519 1 [0.526107251500481, 0.18241890124964114]
ceph/ceph 14828 14578 0.676996219 0.2773155847993773 0.39968063420062266 0 [0.2773155847993773]
ceph/ceph 7968 7958 0.5 0.1297065133709056 0.3702934866290944 0 [0.1297065133709056]
ceph/ceph 9393 9367 0.8759848352 0.6728797119694553 0.20310512323054475 0 [0.6728797119694553]
cocos2d/cocos2d-x 10909 9118 0.1710893221 0.02669375039955571 0.1443955717004443 1 [0.02669375039955571, 0.022476577497854987]
ceph/ceph 7013 6916 0.9046045588 0.8600169244734654 0.044587634326534564 1 [0.8600169244734654, 0.8321787252918502]
ceph/ceph 7198 7189 0.9746169728 0.9519855265644127 0.022631446235587327 0 [0.9519855265644127]
cocos2d/cocos2d-x 7561 7501 0.02273242799 0.014589508013232506 0.008142919976767495 0 [0.012840203169170424, 0.014589508013232506]
cocos2d/cocos2d-x 13778 12071 0.9999982314 0.9961355479614638 0.0038626834385362407 0 [0.9931327754442949, 0.9961355479614638]
cocos2d/cocos2d-x 9218 9166 0.08586943125 0.08494364564179703 0.0009257856082029725 11 [0.014372133337663257, 0.012342281032839787, 0.08494364564179703, 0.07491693535556809, 0.016521672560366334, 0.025866449786353267, 0.022426376028035204, 0.015242489805035737, 0.017054377543539837, 0.018713497183299784, 0.05294624355235382, 0.018113508084630255, 0.015944541130836123, 0.01550152621648023]
cocos2d/cocos2d-x 5008 3981 0.9999999858 0.9999999986802771 -1.28802770671399e-08 2 [0.9999999986802771, 0.9999896992064624, 0.9999984450615659]
ceph/ceph 13506 13450 0.9999995249 0.9999999990862858 -4.7418628579265487e-07 1 [0.9999999990862858, 0.9999999889751126]
ceph/ceph 7037 7033 0.9999982365 0.9999991477532003 -9.112532003419105e-07 4 [0.9960958687899963, 0.9999988621471039, 0.9999991477532003, 0.9999973358061093, 0.9999982667546051, 0.9956769677565592, 0.9498546725301172]
ceph/ceph 11128 10715 0.9999970857 0.9999994889260739 -2.403226073921516e-06 5 [0.08076349229970045, 0.9999994889260739, 0.9913240875785374, 0.9955313798966651, 0.9943041563463866, 0.64955765556538, 0.9835850865886865]
ceph/ceph 14616 13592 0.9937489734 0.999999999459888 -0.006251026059888032 1 [0.9926726485674452, 0.999999999459888, 0.9999999767400354]
ceph/ceph 13378 13367 0.02324318641 0.030019655248299894 -0.006776468838299892 1 [0.018109580882839902, 0.02404479581269536, 0.030019655248299894, 0.024734889379710377]
ceph/ceph 5208 5205 0.03511812015 0.05066339791273987 -0.015545277762739867 2 [0.04330231353565238, 0.05066339791273987, 0.039531869374376596, 0.029717604213672456]
ceph/ceph 11363 11353 0.01842628415 0.04988182658483253 -0.03145554243483253 0 [0.04988182658483253]
ceph/ceph 6250 6108 0.9620635334 0.9941801438414718 -0.03211661044147185 0 [0.9941801438414718]
ceph/ceph 13643 13450 0.9369662175 0.9833423487236983 -0.046376131223698325 1 [0.9833423487236983, 0.9397362030463515]
cocos2d/cocos2d-x 6726 5978 0.02273242799 0.10684944354611273 -0.08411701555611273 17 [0.012405624132045153, 0.012250190470580433, 0.04365222723289004, 0.029548326556232022, 0.0619519149703063, 0.058670792743505576, 0.10684944354611273, 0.09374073799988632, 0.09896971388990361, 0.08694698723097956, 0.0895029628162292, 0.08514122170755446, 0.0888105368680536, 0.08423243631126864, 0.09657789534637591, 0.07741399230195341, 0.07361666712750002, 0.06922021069357023, 0.07260647630354794, 0.07153008401264678, 0.07243923027898626, 0.07672263456190932, 0.06526536244278656, 0.0611580293885859]
ceph/ceph 8260 7289 0.02589683265 0.14459277897933728 -0.11869594632933728 0 [0.018628530866112717, 0.020227923801372137, 0.031293607232659726, 0.024561868060556945, 0.02794631013199906, 0.14459277897933728]
ceph/ceph 9006 8853 0.02813831553 0.3017927739558828 -0.27365445842588276 2 [0.2628771409782354, 0.22209605631795354, 0.3017927739558828, 0.1452497419389052, 0.1151778844413226]
cocos2d/cocos2d-x 13913 13877 0.3457046797 0.6454284768197206 -0.2997237971197206 0 [0.3474039158105139, 0.6454284768197206]
cocos2d/cocos2d-x 5018 3861 0.07131031144 0.6912451505998608 -0.6199348391598608 0 [0.6912451505998608]
cocos2d/cocos2d-x 7008 6876 0.1783647939 0.9334787071073434 -0.7551139132073433 1 [0.9334787071073434, 0.628623920119123]
django/django 3060 1845 0.9457403174 0.7248580178691229 0.22088229953087712 0 [0.7248580178691229]
django/django 1480 1478 0.9917012278 0.7893334420299182 0.20236778577008185 0 [0.7893334420299182]
docker/docker 31352 29766 0.9911227365 0.875242512791771 0.11588022370822904 0 [0.41339781079784105, 0.6744675166293431, 0.875242512791771]
dotnet/corefx 16069 9537 0.02386651996 0.014205859171477882 0.009660660788522117 0 [0.014205859171477882]
django/django 6267 6266 0.9999999927 0.9999836661623583 1.632653764160885e-05 0 [0.9999836661623583]
django/django 7825 7814 0.999999994 0.9999863549960618 1.3639003938137328e-05 1 [0.9939573823256868, 0.9969842685554332, 0.9960167496326027, 0.9999863549960618, 0.9963111281148422]
django/django 5052 5049 0.9999999428 0.9999991617659544 7.810340456604337e-07 1 [0.9999991617659544, 0.9833446406958267]
django/django 2564 2432 0.9999999226 0.9999996657181318 2.5688186822137027e-07 0 [0.9999996657181318]
docker/docker 4194 3853 0.9923060553 0.9948288756358525 -0.0025228203358524937 2 [0.8254664552839699, 0.9948288756358525, 0.9893859533372118, 0.7860773109959226]
docker/docker 6766 6579 0.02966738417 0.05604285788636141 -0.026375473716361408 0 [0.05604285788636141]
django/django 5404 5378 0.9721691767 0.9999956401880881 -0.027826463488088038 2 [0.973745741344336, 0.5698188945924864, 0.9973435927128027, 0.9999956401880881, 0.997415554084781, 0.9856222528910555]
docker/docker 12768 12180 0.9355650434 0.9999889163281991 -0.06442387292819907 0 [0.9999825871577331, 0.9999868185961919, 0.9999889163281991]
docker/docker 30290 29121 0.02613774346 0.14227768807505667 -0.11613994461505667 2 [0.14227768807505667, 0.019394777650380293, 0.020453061916925846]
dotnet/corefx 19477 19463 0.8279531888 0.989719986275992 -0.16176679747599199 1 [0.989719986275992, 0.020421385838760398]
docker/docker 756 743 0.0288397129 0.24601525165381996 -0.21717553875381995 1 [0.08547154636456786, 0.19789975971713022, 0.24601525165381996, 0.13411825567707958]
django/django 7135 6660 0.7498525974 0.9914138949079371 -0.2415612975079371 1 [0.9914138949079371, 0.2845080598822623]
docker/docker 7666 7658 0.3805254556 0.9184989312556872 -0.5379734756556871 0 [0.8983580408132721, 0.9184989312556872]
django/django 4419 4151 0.2587825582 0.9999990481430944 -0.7412164899430944 1 [0.9999990481430944, 0.9674999631023457]
elastic/elasticsearch 6082 6078 0.9056309855 0.602268185800127 0.303362799699873 0 [0.1931039586762422, 0.602268185800127]
emberjs/ember.js 13278 13270 0.7886463565 0.5781696384967375 0.2104767180032625 1 [0.5781696384967375, 0.12442411775626645]
elastic/elasticsearch 12209 11646 0.1967914833 0.021417258396333114 0.1753742249036669 0 [0.021417258396333114]
elastic/elasticsearch 21912 21447 0.9324324294 0.8021547581558978 0.13027767124410228 4 [0.8021547581558978, 0.792236685385146, 0.7761149014096783, 0.7913562985889296, 0.7992541064441214]
emberjs/ember.js 2212 2030 0.8987854832 0.818604433401442 0.080181049798558 1 [0.818604433401442, 0.47740991917356945]
elastic/elasticsearch 12710 12692 0.1723046911 0.15034222947471682 0.021962461625283175 0 [0.11969168394540983, 0.13293292955410654, 0.13256043250508537, 0.15034222947471682]
elastic/elasticsearch 8729 8148 0.9999983239 0.9930190517323034 0.00697927216769656 1 [0.9930190517323034, 0.10313001868237336]
emberjs/ember.js 3774 3764 0.9999996135 0.9999995953361763 1.8163823667372014e-08 0 [0.9999995953361763]
emberjs/ember.js 2892 2485 0.9999994445 0.9999999996004342 -5.551004341741717e-07 0 [0.9761227723864252, 0.9999999996004342]
emberjs/ember.js 4532 3740 0.9999975738 0.9999983687284161 -7.949284160924108e-07 0 [0.9999978278295908, 0.9999983687284161]
elastic/elasticsearch 18545 16731 0.9999870785 0.9999973567101047 -1.0278210104686103e-05 1 [0.9999973567101047, 0.9649569007636947]
elastic/elasticsearch 11512 8376 0.02628280779 0.04415263939679814 -0.017869831606798142 0 [0.04415263939679814]
emberjs/ember.js 11146 10983 0.9765656987 0.9999996888591564 -0.02343399015915637 10 [0.9999996888591564, 0.9861915474935874, 0.991917968688993, 0.9597530501999122, 0.9886262132986655, 0.9918718273410537, 0.9486232052646169, 0.9862038057028594, 0.9733455364994656, 0.8793876196763832, 0.8939106229707702]
emberjs/ember.js 1070 1066 0.02669992081 0.1844565527746696 -0.1577566319646696 2 [0.1844565527746696, 0.036402867030527974, 0.018364625840380084]
elastic/elasticsearch 10582 10499 0.08374674198 0.3724257211294855 -0.28867897914948554 2 [0.3724257211294855, 0.10682076403298786, 0.29494876615678717]
elastic/elasticsearch 11570 7929 0.485853073 0.8015612942479033 -0.3157082212479033 0 [0.8015612942479033]
facebook/react 4561 4463 0.9631990472 0.10032223000862044 0.8628768171913797 0 [0.10032223000862044]
facebook/react 8112 8106 0.8237578602 0.39477839528742326 0.4289794649125767 4 [0.21485668717278097, 0.39477839528742326, 0.2852114132766565, 0.22219577939490756, 0.2251150446593285, 0.21565661641820666]
facebook/react 5391 5009 0.9862310456 0.5645783941507861 0.4216526514492138 0 [0.5645783941507861]
facebook/react 8612 7402 0.9436377703 0.5587472235584479 0.3848905467415521 0 [0.5587472235584479]
facebook/react 4157 2263 0.9999925895 0.7072503795736405 0.2927422099263596 1 [0.32909270968641496, 0.7072503795736405, 0.35421854134027253]
facebook/react 8647 8328 0.9947336221 0.7379216082955531 0.25681201380444696 0 [0.7379216082955531]
facebook/react 3184 3180 0.8035229146 0.6437183831903818 0.15980453140961826 0 [0.6437183831903818]
facebook/react 2512 2511 0.9999961923 0.999986188336504 1.000396349604138e-05 0 [0.999986188336504]
facebook/react 2121 1301 0.9999937568 0.9999999119872707 -6.155187270651119e-06 0 [0.9999999078219267, 0.9999999119872707]
facebook/react 3281 2549 0.9710660573 0.9939523093128345 -0.022886252012834563 1 [0.9939523093128345, 0.7793263644237134]
facebook/react 3589 3533 0.9521095979 0.9947218065117175 -0.04261220861171744 1 [0.9947218065117175, 0.4727534962362842]
facebook/react 2121 1301 0.9264388924 0.9999999119872707 -0.07356101958727068 0 [0.9999999078219267, 0.9999999119872707]
facebook/react 2512 2511 0.8196260764 0.999986188336504 -0.18036011193650403 0 [0.999986188336504]
facebook/react 722 703 0.5912234686 0.7717555810175537 -0.18053211241755374 0 [0.7717555810175537]
facebook/react 8112 8101 0.2000618848 0.5530869625902993 -0.35302507779029935 5 [0.5530869625902993, 0.43831554933484346, 0.32133015742580795, 0.26717904091602335, 0.28603484672268265, 0.2916995039231885]
facebook/react 8764 8655 0.61244865 0.9999999749118359 -0.38755132491183586 0 [0.9999999749118359]
facebook/react 6419 5884 0.03658700619 0.712979272494479 -0.676392266304479 0 [0.07510994452931573, 0.712979272494479]
hashicorp/terraform 14192 11093 0.9999998605 0.9775638094282516 0.022436051071748397 0 [0.9775638094282516]
hashicorp/terraform 2411 2086 0.9999984857 0.9958871699947685 0.0041113157052316 1 [0.9958871699947685, 0.9866840504379989]
hashicorp/terraform 6344 5893 0.9999986471 0.9999931788834067 5.468216593307318e-06 7 [0.9999931788834067, 0.8154108574169517, 0.772864400279394, 0.7649258568212228, 0.9555713395961652, 0.6886708252142796, 0.6703911079979998, 0.9853239410648348]
hashicorp/terraform 9398 7617 0.9999998201 0.999999603794001 2.163059990012428e-07 1 [0.9962612947355687, 0.9512226597334177, 0.9999927987882774, 0.999999603794001, 0.9849242044257148]
hashicorp/terraform 14514 13852 0.9999999707 0.9999999795565829 -8.856582911498379e-09 0 [0.048708094542218035, 0.9999996542590678, 0.9999999795565829]
hashicorp/terraform 11157 10870 0.9999999841 0.9999999954639015 -1.136390148648303e-08 2 [0.9999999954639015, 0.999999921202798, 0.9999998292504177]
hashicorp/terraform 1764 1697 0.999998679 0.9999996845312324 -1.0055312325008003e-06 0 [0.9999996845312324]
hashicorp/terraform 5299 5285 0.9999826535 0.9999997737560036 -1.7120256003533285e-05 1 [0.9999997737560036, 0.9999984890410528]
hashicorp/terraform 1525 1214 0.9965578784 0.9999994009497885 -0.003441522549788467 6 [0.9999994009497885, 0.9896747974932607, 0.9580394771849567, 0.9507684709587736, 0.9416707221652126, 0.8792565361159794, 0.9215056025673244]
hashicorp/terraform 1974 1952 0.9858176573 0.9999999721425831 -0.014182314842583033 2 [0.9999998679921014, 0.9999999721425831, 0.9999997857916562, 0.9925839424249208]
hashicorp/terraform 1426 1285 0.05488716493 0.9999934578889901 -0.9451062929589901 1 [0.41448732972391994, 0.9999934578889901, 0.5]
joomla/joomla-cms 7274 7235 0.9782386541 0.15318854578871305 0.8250501083112869 0 [0.15318854578871305]
joomla/joomla-cms 14792 14787 0.8585545261 0.6450945153293867 0.21346001077061338 0 [0.6450945153293867]
joomla/joomla-cms 3127 1240 0.1733094654 0.04966627380333912 0.12364319159666087 4 [0.04966627380333912, 0.01781888283767769, 0.017763367873452788, 0.017229889581137796, 0.016936654926747115]
joomla/joomla-cms 8365 7487 0.9577555111 0.8960409153966198 0.061714595703380226 0 [0.8960409153966198]
joomla/joomla-cms 15633 15618 0.9972471295 0.9452062869265279 0.05204084257347219 4 [0.9452062869265279, 0.9358575453984347, 0.9379270542724368, 0.9371621987742749, 0.9253905042045079]
joomla/joomla-cms 1279 1252 0.06581289625 0.027413556764620237 0.03839933948537977 0 [0.027413556764620237]
joomla/joomla-cms 3534 1500 0.9999997262 0.9865939960624212 0.013405730137578842 0 [0.9865939960624212]
joomla/joomla-cms 4739 4517 0.03823370909 0.0316138575419717 0.006619851548028299 0 [0.0316138575419717]
joomla/joomla-cms 7832 5368 0.02300335943 0.017159297629222404 0.005844061800777595 1 [0.017159297629222404, 0.016632781171722514]
joomla/joomla-cms 3222 1469 0.9960119222 0.991465275168853 0.004546647031147044 3 [0.9586101970401686, 0.9792100392512453, 0.991465275168853, 0.557539864544323, 0.7940669911806315, 0.837298135672595]
joomla/joomla-cms 5293 3602 0.02273242799 0.020224372595333707 0.002508055394666295 1 [0.020224372595333707, 0.011918980392259217]
joomla/joomla-cms 7097 6660 0.9999969012 0.9999990224182393 -2.121218239392597e-06 0 [0.9999990224182393]
joomla/joomla-cms 16146 13500 0.9897039579 0.9999984896272408 -0.010294531727240819 0 [0.7178864050438502, 0.04932598610489198, 0.03379671849897332, 0.4244381776535159, 0.9999984896272408]
joomla/joomla-cms 6641 6629 0.8418737551 0.9371632287310411 -0.09528947363104112 0 [0.7679143241595852, 0.9371632287310411]
joomla/joomla-cms 4755 4517 0.4183876399 0.7133030590760243 -0.2949154191760243 4 [0.7133030590760243, 0.6182672481458106, 0.5802983095704592, 0.5815411828681958, 0.38802383154647446]
joomla/joomla-cms 4751 4517 0.1070366418 0.7334940495014967 -0.6264574077014966 0 [0.20096131842720874, 0.7224529775947673, 0.7334940495014967]
kubernetes/kubernetes 5763 5233 0.9999879872 0.06670713187986088 0.9332808553201392 0 [0.060128934655083, 0.03116697367262488, 0.06670713187986088]
kubernetes/kubernetes 11219 10234 0.8598695872 0.017321721112909794 0.8425478660870902 0 [0.017321721112909794]
kubernetes/kubernetes 12980 12895 0.9999989826 0.19412002014354132 0.8058789624564586 0 [0.19412002014354132]
kubernetes/kubernetes 13628 13616 0.8097566699 0.028189231159841902 0.781567438740158 0 [0.011568179366337878, 0.013853356605754721, 0.028189231159841902]
kubernetes/kubernetes 5784 5775 0.975099923 0.6128436066670137 0.3622563163329864 0 [0.6128436066670137]
kubernetes/kubernetes 13322 13144 0.9168988609 0.7231813829875477 0.1937174779124522 0 [0.012370879293007382, 0.7231813829875477]
kubernetes/kubernetes 24881 24201 0.975716138 0.9311962403037544 0.04451989769624565 0 [0.8878100829354425, 0.9311962403037544]
kubernetes/kubernetes 44727 44463 0.102964708 0.06789262600833212 0.03507208199166788 0 [0.06789262600833212]
kubernetes/kubernetes 41942 37571 0.0524080089 0.03187987220027668 0.020528136699723316 0 [0.03187987220027668]
kubernetes/kubernetes 15401 15224 0.04484522513 0.027827875259707195 0.017017349870292804 0 [0.027827875259707195]
kubernetes/kubernetes 28606 28206 0.9999983712 0.9854766189610977 0.014521752238902286 0 [0.9854766189610977]
kubernetes/kubernetes 6949 6938 0.02384433637 0.012722055850758671 0.011122280519241329 0 [0.01201877062452894, 0.012722055850758671]
kubernetes/kubernetes 28414 24299 0.9999997624 0.9919929686952005 0.008006793704799509 0 [0.9919929686952005]
kubernetes/kubernetes 18449 13838 0.02299736757 0.01550379389846166 0.0074935736715383405 1 [0.01550379389846166, 0.013934611771677277]
kubernetes/kubernetes 36195 36186 0.9999999919 0.9999997798725393 2.1202746069981515e-07 0 [0.9999997798725393]
kubernetes/kubernetes 3200 3199 0.999996672 0.9999999966116024 -3.324611602462113e-06 0 [0.014310313811831787, 0.9999999966116024]
kubernetes/kubernetes 11450 11364 0.02201343179 0.022934696773589988 -0.0009212649835899887 1 [0.022934696773589988, 0.014482948736387575]
kubernetes/kubernetes 29995 29447 0.9973455602 0.9999996630115263 -0.0026541028115263376 0 [0.9999996630115263]
kubernetes/kubernetes 43902 43871 0.9956999675 0.9999999640381987 -0.0042999965381986804 0 [0.6509106439170708, 0.9999990376747147, 0.9999999640381987]
kubernetes/kubernetes 43719 42815 0.9952545414 0.9999998637200549 -0.004745322320054868 0 [0.9999998637200549]
kubernetes/kubernetes 46823 46739 0.9715783525 0.9922652002239943 -0.020686847723994317 0 [0.9922652002239943]
kubernetes/kubernetes 15043 14871 0.9522377589 0.9999957200554925 -0.04775796115549258 1 [0.9999957200554925, 0.9959790527592249]
kubernetes/kubernetes 45455 40210 0.4803669784 0.6055193922193867 -0.1251524138193867 0 [0.5, 0.6055193922193867]
kubernetes/kubernetes 5775 5714 0.06165711047 0.6373486752304093 -0.5756915647604093 1 [0.6373486752304093, 0.03887178171014956]
kubernetes/kubernetes 29226 29204 0.1557844436 0.8757333651517033 -0.7199489215517033 1 [0.8757333651517033, 0.8009585242078157]
mozilla-b2g/gaia 13342 12014 0.9999993489 0.9802460202585731 0.01975332864142687 0 [0.9802460202585731]
mozilla-b2g/gaia 13480 12010 0.9999951428 0.9999845013244727 1.0641475527317645e-05 0 [0.9999845013244727]
mozilla-b2g/gaia 10980 10738 0.9358164158 0.9956003352897417 -0.05978391948974171 0 [0.9906969569966892, 0.9956003352897417]
nodejs/node 10937 10525 0.9807909841 0.5528122911601241 0.4279786929398759 0 [0.5528122911601241]
nodejs/node 12437 9961 0.9828464307 0.807117493715185 0.17572893698481495 0 [0.807117493715185]
nodejs/node 11099 10343 0.09760583384 0.025317493780306996 0.07228834005969301 10 [0.025317493780306996, 0.016573006673250613, 0.012124145802123704, 0.011662116408963528, 0.014725026196218979, 0.015991774353882396, 0.01935599854548293, 0.019953654479434448, 0.01834596657932541, 0.015166405779606778, 0.0240094083681145]
nodejs/node 1424 493 0.02441929379 0.01351233415828888 0.010906959631711122 1 [0.01351233415828888, 0.01351233415828888]
nodejs/node 12901 12426 0.9999988692 0.996385311976519 0.003613557223481001 0 [0.996385311976519]
nodejs/node 8923 3062 0.9999964901 0.9972086991985241 0.0027877909014759616 0 [0.9972086991985241]
nodejs/node 12491 12487 0.999997652 0.9999996956180583 -2.0436180583338626e-06 1 [0.9999996956180583, 0.9921891647424322]
nodejs/node 4814 4813 0.9342604494 0.9447943916236015 -0.010533942223601489 0 [0.921815545173093, 0.2615929356349523, 0.9447943916236015]
nodejs/node 8491 8334 0.02669941126 0.15638108836310288 -0.12968167710310288 1 [0.04368215358336503, 0.15638108836310288, 0.0326364413656356]
nodejs/node 12231 12204 0.6621846367 0.8148982062623963 -0.15271356956239623 0 [0.7016357228674721, 0.8148982062623963]
nodejs/node 12231 12230 0.3778763071 0.8077188515370368 -0.42984254443703684 1 [0.8077188515370368, 0.7455297527734275]
nodejs/node 2727 2726 0.2403188627 0.6853953934527678 -0.44507653075276776 0 [0.6853953934527678]
pydata/pandas 5134 5127 0.9123423088 0.6112843718849835 0.3010579369150165 0 [0.6112843718849835]
pydata/pandas 9348 8728 0.974938565 0.7374326140902575 0.23750595090974247 0 [0.7374326140902575]
pydata/pandas 7470 4505 0.9999998122 0.9144667626544845 0.08553304954551555 1 [0.9144667626544845, 0.6445951854837179]
pydata/pandas 7130 6890 0.7447471798 0.7206132108532634 0.024133968946736695 0 [0.7206132108532634]
pydata/pandas 15253 15248 0.9999916193 0.9878931568624867 0.012098462437513335 1 [0.9878931568624867, 0.9848991695040096]
pydata/pandas 12576 12566 0.9999981763 0.989993367630293 0.010004808669706988 2 [0.989993367630293, 0.9879013185320769, 0.9837307098264502]
pydata/pandas 16441 15971 0.9896257061 0.9914466113839441 -0.0018209052839440742 0 [0.7981746219864169, 0.9914466113839441]
pydata/pandas 9292 7462 0.3031460449 0.8255900367459978 -0.5224439918459978 0 [0.8255900367459978]
pydata/pandas 3914 3893 0.1046065183 0.9739472556599893 -0.8693407373599893 3 [0.9501887642883267, 0.9739472556599893, 0.5686674091461498, 0.3834730087885156, 0.24305345007864465]
pydata/pandas 10857 10656 0.1298835216 0.9999901631818643 -0.8701066415818643 0 [0.04939372756124095, 0.8565966642648597, 0.9999901631818643]
rails/rails 25240 24741 0.7790570623 0.23073960864869517 0.5483174536513049 0 [0.23073960864869517]
rails/rails 15674 12717 0.8574304945 0.35085136436045966 0.5065791301395404 0 [0.35085136436045966]
rails/rails 23269 23242 0.3730051614 0.06981100219062088 0.30319415920937914 0 [0.06981100219062088]
rails/rails 19501 16146 0.7398426241 0.518950253547251 0.22089237055274902 0 [0.518950253547251]
rails/rails 15224 5892 0.9663060323 0.7615257341687445 0.20478029813125553 0 [0.7615257341687445]
rails/rails 6557 6477 0.3058944708 0.12534580784261182 0.18054866295738817 1 [0.08930500369029236, 0.12534580784261182, 0.038004929492819375]
rails/rails 20813 13869 0.9933123992 0.8481434278685464 0.14516897133145368 0 [0.8481434278685464]
rust-lang/rust 38152 37493 0.9834861123 0.853883979643071 0.1296021326569291 3 [0.068983432804548, 0.02135998294440795, 0.03923864392449815, 0.853883979643071, 0.061418488945770976, 0.7775615369993757, 0.21048428732464444]
rust-lang/rust 34010 33769 0.2518656407 0.14229928714565343 0.10956635355434657 0 [0.011844578302494855, 0.14229928714565343]
rails/rails 18754 8225 0.9127403775 0.8071446801030088 0.10559569739699126 0 [0.5, 0.8071446801030088]
rails/rails 24157 18313 0.9999870995 0.8997498535271046 0.1002372459728954 0 [0.8997498535271046]
rust-lang/rust 30676 30608 0.9999949824 0.9070369191040224 0.09295806329597756 5 [0.9070369191040224, 0.8172169683731877, 0.34014933522176466, 0.4781609299574483, 0.8418967283115157, 0.12376585567801536]
rust-lang/rust 7547 7494 0.9999924454 0.9134127508479263 0.0865796945520737 2 [0.9100582224035705, 0.9025416664403246, 0.9134127508479263, 0.9102831842393153, 0.907939740592813]
rails/rails 19021 11183 0.9999944339 0.9581804433244648 0.04181399057553514 0 [0.9581804433244648]
rails/rails 13455 8920 0.991968173 0.9821526430354218 0.009815529964578129 0 [0.9821526430354218]
rails/rails 18706 9052 0.9366702167 0.9281376657863457 0.008532550913654235 0 [0.8472445184385169, 0.6831120417067609, 0.8160160427854474, 0.9281376657863457]
rust-lang/rust 27100 26955 0.03571491733 0.0278228230147662 0.0078920943152338 0 [0.0278228230147662]
rails/rails 20697 20050 0.9950352196 0.9890232270959946 0.0060119925040054145 0 [0.9776230651246351, 0.9890232270959946]
rails/rails 10992 10920 0.9999998589 0.9999884121669258 1.144673307418298e-05 0 [0.9999884121669258]
rails/rails 28355 27198 0.9999973786 0.9999940955314295 3.2830685705587115e-06 0 [0.9999940955314295]
rails/rails 13900 13715 0.9999998646 0.999999989857018 -1.252570179799406e-07 0 [0.999999989857018]
rails/rails 20828 12286 0.9999998272 0.9999999704274355 -1.432274354673524e-07 2 [0.9999999704274355, 0.9999999683659763, 0.9999999642254424]
rust-lang/rust 30719 30718 0.9999993723 0.9999999307668453 -5.584668453240127e-07 2 [0.9999999307668453, 0.9534490330180954, 0.9894362049773628]
rails/rails 16796 13548 0.9931429841 0.9934195427289579 -0.0002765586289579236 0 [0.9934195427289579]
rails/rails 25828 25355 0.9956695424 0.9973597037407542 -0.0016901613407541705 0 [0.023390914519053972, 0.9973597037407542]
rails/rails 6936 1777 0.995094537 0.9969827848667863 -0.001888247866786319 1 [0.9882225415441255, 0.9969827848667863, 0.966522579323436]
rails/rails 8064 5384 0.9969999227 0.9999999897224411 -0.003000067022441044 0 [0.9999999897224411]
rails/rails 2062 1139 0.9933786167 0.9999894784721248 -0.0066108617721247764 5 [0.9999894784721248, 0.060103275025563674, 0.053356372016937555, 0.048926967333757926, 0.5629652678625238, 0.05961927107358732]
rails/rails 28399 28068 0.02936555444 0.050596408473169624 -0.021230854033169624 0 [0.050596408473169624]
rust-lang/rust 19486 18770 0.4490119788 0.4743532947561875 -0.025341315956187493 0 [0.4743532947561875]
rust-lang/rust 14014 13832 0.8947151452 0.9999997406667726 -0.1052845954667726 1 [0.9999997406667726, 0.9969485713866506]
rust-lang/rust 11388 11364 0.1064417976 0.24031008139303944 -0.13386828379303944 0 [0.24031008139303944]
rust-lang/rust 25837 25816 0.1740713579 0.3361380992142175 -0.1620667413142175 0 [0.31441005829178387, 0.26739104953908993, 0.3361380992142175]
rust-lang/rust 5663 5660 0.8207393187 0.9999910922961885 -0.1792517735961885 0 [0.9999910922961885]
rails/rails 15674 13792 0.2791250817 0.49394074492345164 -0.21481566322345164 0 [0.49394074492345164]
rust-lang/rust 42631 42059 0.07755988571 0.3790852439449011 -0.3015253582349011 3 [0.027518425875211232, 0.027577290927659974, 0.057862804262385374, 0.06726726013430658, 0.024116197985277123, 0.02647358387825243, 0.3790852439449011, 0.025441076157218967, 0.020543240877202714, 0.08500722203874414]
rails/rails 18706 10891 0.09466732349 0.5 -0.40533267651 3 [0.5, 0.4348821893510588, 0.47120140226121177, 0.4584373556329612]
rails/rails 24608 24493 0.4348976085 0.8423885680165591 -0.40749095951655917 0 [0.8423885680165591]
rails/rails 14030 12413 0.03649790247 0.5215717978501362 -0.4850738953801362 2 [0.5215717978501362, 0.4057566558515965, 0.19313930426902645]
rust-lang/rust 19980 19974 0.1438707034 0.7778373209122091 -0.6339666175122092 0 [0.1788898121711421, 0.7778373209122091]
rust-lang/rust 42089 42081 0.2497674608 0.9724007838236982 -0.7226333230236982 3 [0.3689774136704297, 0.9724007838236982, 0.9643267555536327, 0.9346944612049815, 0.9656724994215998]
rails/rails 15674 13428 0.1631140183 0.9751055022941156 -0.8119914839941156 0 [0.9751055022941156]
symfony/symfony 13587 12355 0.9674182179 0.1107857655039308 0.8566324523960692 0 [0.1107857655039308]
symfony/symfony 22983 22968 0.9774100107 0.21751897467085876 0.7598910360291412 0 [0.21751897467085876]
symfony/symfony-docs 3685 3650 0.9557404348 0.2085946211130743 0.7471458136869258 0 [0.2085946211130743]
scikit-learn/scikit-learn 3735 3310 0.9285574269 0.2634867801256435 0.6650706467743565 0 [0.2634867801256435]
symfony/symfony 12773 11883 0.9878689255 0.432115490102273 0.555753435397727 0 [0.013377727025073274, 0.432115490102273]
scikit-learn/scikit-learn 7978 7902 0.7190890359 0.20032480997236962 0.5187642259276304 2 [0.20032480997236962, 0.19406673048101664, 0.19510773311092183]
saltstack/salt 22510 22347 0.9836199321 0.4811325915982515 0.5024873405017485 0 [0.4811325915982515]
scikit-learn/scikit-learn 6313 5372 0.5454192632 0.060704329555484327 0.4847149336445157 1 [0.023317505887868937, 0.060704329555484327, 0.021743783928906742]
scikit-learn/scikit-learn 3125 2694 0.5681175127 0.12931294756993622 0.4388045651300638 3 [0.12931294756993622, 0.08063839179403348, 0.09823038967439222, 0.027945147826816365]
servo/servo 6823 6741 0.932759256 0.526796136940435 0.40596311905956495 5 [0.526796136940435, 0.036178068455844835, 0.09391559818146539, 0.11601510220129292, 0.14006427700551582, 0.051671909949757316]
symfony/symfony-docs 7824 7770 0.6332329434 0.2426456908926549 0.39058725250734516 1 [0.2426456908926549, 0.13237457683894505]
scikit-learn/scikit-learn 1961 1787 0.9540269922 0.567062332918199 0.386964659281801 0 [0.33479124989279263, 0.567062332918199]
saltstack/salt 32086 31660 0.6925372191 0.33267763070384304 0.35985958839615695 0 [0.33267763070384304]
symfony/symfony-docs 4221 4105 0.3905481776 0.0617983702667685 0.3287498073332315 0 [0.0617983702667685]
symfony/symfony-docs 5946 5942 0.9957448366 0.7271845817798296 0.26856025482017043 0 [0.7271845817798296]
symfony/symfony 11757 11431 0.8664166753 0.6903949423232931 0.17602173297670687 0 [0.17913835807048972, 0.6903949423232931]
symfony/symfony-docs 1488 1013 0.9468437002 0.7977115787266823 0.14913212147331767 0 [0.3320193616710175, 0.7977115787266823]
symfony/symfony 13636 13634 0.9965245271 0.8751062505079692 0.12141827659203075 0 [0.8751062505079692]
servo/servo 7232 6579 0.9999983642 0.8826511629717335 0.11734720122826647 1 [0.8826511629717335, 0.8255398571682466]
symfony/symfony-docs 7344 6610 0.2637984452 0.1717235123151441 0.09207493288485591 1 [0.1717235123151441, 0.02335561254305331]
symfony/symfony 11295 9719 0.9970789094 0.9140163505136041 0.08306255888639591 0 [0.9140163505136041]
servo/servo 6261 6258 0.1339689561 0.08266629360707024 0.051302662492929765 0 [0.08266629360707024]
symfony/symfony-docs 6150 5942 0.9829267929 0.9489511964317883 0.03397559646821169 0 [0.9489511964317883]
symfony/symfony 10179 8313 0.05528884141 0.029185467846602465 0.026103373563397533 0 [0.02880505427518844, 0.029185467846602465]
symfony/symfony-docs 6283 6172 0.9194620256 0.8957648047481935 0.023697220851806478 1 [0.11217076070755158, 0.2955361424791163, 0.8957648047481935, 0.09941040738816524]
servo/servo 10082 8641 0.034488273 0.013231210326287811 0.02125706267371219 0 [0.01240262834636253, 0.013231210326287811]
symfony/symfony 8764 8213 0.9999997998 0.9792138344337712 0.020785965366228787 0 [0.9792138344337712]
scikit-learn/scikit-learn 6582 6376 0.98656137 0.9660347930985699 0.020526576901430116 0 [0.9660347930985699]
symfony/symfony 9015 9002 0.9972791936 0.9781634285399359 0.01911576506006407 0 [0.9781634285399359]
servo/servo 14664 14312 0.0416493796 0.024333829082245205 0.017315550517754796 0 [0.01649452188155987, 0.016231424650746788, 0.01727478638137326, 0.016090040235025176, 0.024333829082245205]
symfony/symfony 11651 11516 0.999999762 0.9873405488105476 0.0126592131894524 0 [0.9873405488105476]
symfony/symfony 12109 11327 0.02417385578 0.014779393746268297 0.009394462033731702 0 [0.014779393746268297]
symfony/symfony-docs 2957 2904 0.9973337061 0.9934573943641544 0.0038763117358456833 0 [0.9934573943641544]
scikit-learn/scikit-learn 5835 5771 0.9910426255 0.9872773952975981 0.003765230202401937 2 [0.9872773952975981, 0.8004533762770165, 0.8751569410555554]
scikit-learn/scikit-learn 6087 5513 0.9999982859 0.9962460013301846 0.003752284569815356 1 [0.9942015773239543, 0.9957200089759601, 0.9947009004860666, 0.9962460013301846, 0.9949458411615706]
symfony/symfony 3057 3002 0.9966927114 0.9947353722674996 0.001957339132500402 0 [0.9947353722674996]
symfony/symfony 15530 9682 0.9999997783 0.9999938658937771 5.912406222829958e-06 0 [0.9999938658937771]
symfony/symfony 20858 20743 0.9999998584 0.9999982049952408 1.6534047592164924e-06 0 [0.9999982049952408]
symfony/symfony 17760 17372 0.9999998572 0.999999024613842 8.325861579061566e-07 1 [0.999999024613842, 0.9884080885165384]
saltstack/salt 35382 35376 0.9999988836 0.9999986052013391 2.783986609022904e-07 3 [0.9957061059829555, 0.9999986052013391, 0.9933812476120875, 0.9881575957775066, 0.9961722769971216]
symfony/symfony 16177 16100 0.9999999794 0.9999999820684661 -2.6684661147413635e-09 1 [0.9999999820684661, 0.9999990712684085]
symfony/symfony 9377 8133 0.9999998931 0.9999999985294586 -1.0542945860780861e-07 2 [0.9999999985294586, 0.9946703086704094, 0.9999999953063275]
servo/servo 12384 10942 0.9999998452 0.9999999605376458 -1.1533764587845496e-07 0 [0.9999996556712041, 0.9999999605376458]
symfony/symfony 5522 4937 0.999999517 0.9999998970711789 -3.8007117886262876e-07 0 [0.9999997689450536, 0.9999998970711789]
symfony/symfony 19186 18788 0.9999903189 0.9999925963660599 -2.277466059852351e-06 4 [0.9999925963660599, 0.9761662843190831, 0.9731356221877254, 0.9794863185596275, 0.9747368031227713]
symfony/symfony 17543 10539 0.9999909626 0.9999937723718224 -2.8097718224318058e-06 1 [0.9999937723718224, 0.9999937723718224]
symfony/symfony 10970 10179 0.9999969107 0.999999885931489 -2.97523148906631e-06 0 [0.9999995804169551, 0.9999998816649397, 0.999999885931489]
servo/servo 9401 7832 0.05956657552 0.060020251597543255 -0.0004536760775432566 0 [0.02120306162969732, 0.012256762320268937, 0.060020251597543255]
symfony/symfony-docs 5605 5188 0.9964888148 0.9970852794904683 -0.0005964646904683679 1 [0.9056360386523816, 0.9970852794904683, 0.928749852230783]
symfony/symfony-docs 4591 4545 0.9953344475 0.9972823963177665 -0.0019479488177664983 2 [0.9972823963177665, 0.9174936817246426, 0.8905839195372866]
symfony/symfony-docs 7800 7128 0.9870067814 0.9895091179359815 -0.002502336535981531 6 [0.9895091179359815, 0.9794481847849901, 0.985962904755816, 0.9692880483858861, 0.9693303507654508, 0.8966316694554467, 0.8991520757489108]
symfony/symfony 5457 5391 0.9956388657 0.9999995500003924 -0.004360684300392381 2 [0.9999995500003924, 0.9114066306207982, 0.9583418462693191]
symfony/symfony-docs 3495 3477 0.9919016787 0.9999842864315573 -0.008082607731557334 0 [0.9657466185485147, 0.9999842864315573]
symfony/symfony 15975 14235 0.9889719868 0.9999999471161413 -0.011027960316141283 1 [0.9999999471161413, 0.9768189171273747]
scikit-learn/scikit-learn 5784 2073 0.986503496 0.9999990139317317 -0.01349551793173176 0 [0.9999990139317317]
symfony/symfony-docs 5214 4773 0.9794115895 0.9956231255903532 -0.016211536090353196 2 [0.9956231255903532, 0.9882473224112391, 0.60744845270807]
symfony/symfony 9148 7999 0.9786471624 0.996079952647391 -0.017432790247390972 0 [0.996079952647391]
scikit-learn/scikit-learn 6307 5642 0.8704961744 0.8994270094460789 -0.02893083504607885 2 [0.8994270094460789, 0.04355926102077719, 0.3302305798725769]
saltstack/salt 23500 23497 0.9657224272 0.9999997501533733 -0.03427732295337327 1 [0.9999997501533733, 0.9999995567944291]
scikit-learn/scikit-learn 6717 1939 0.02671287577 0.061727473438542416 -0.03501459766854242 0 [0.061727473438542416]
servo/servo 14737 12154 0.9424707496 0.9860696962072324 -0.0435989466072324 1 [0.9692547565596696, 0.578161913032004, 0.9614747035121592, 0.959567690761645, 0.9860696962072324, 0.9811352552579653]
scikit-learn/scikit-learn 7350 7312 0.9440742062 0.9880468787017639 -0.04397267250176384 38 [0.9880468787017639, 0.7048343172880479, 0.4277860088788126, 0.3979013720658117, 0.330297730950757, 0.3221476562626096, 0.6211349752305545, 0.3565722759499935, 0.29578143418658887, 0.20612596910669817, 0.28383483509652124, 0.2773737686592369, 0.3125920683985654, 0.3683291289751564, 0.31806210148422254, 0.28197298012954414, 0.27171393524663245, 0.5885342233958378, 0.30226306945319864, 0.25446238833328594, 0.757900515231184, 0.2937623454031017, 0.5460646721260904, 0.5, 0.48972672091663955, 0.2915200694617099, 0.40685655587013736, 0.3597179186098199, 0.35539698234933403, 0.297469196095464, 0.31079085217950575, 0.6461094765603819, 0.3483103900346322, 0.5516421516358085, 0.3452948624202902, 0.6581660415734742, 0.6139469599130036, 0.3991886991291694, 0.3621616114469458]
saltstack/salt 33916 33670 0.05555848599 0.11313769678525754 -0.05757921079525753 0 [0.11313769678525754]
servo/servo 11235 11191 0.06031210133 0.1230774302246197 -0.06276532889461969 3 [0.1230774302246197, 0.09655048981350305, 0.10649355635503488, 0.05610678962554725]
scikit-learn/scikit-learn 7261 6028 0.9371096966 0.9999999371254231 -0.06289024052542314 0 [0.96465872418685, 0.9967479786061475, 0.9999809993051978, 0.9959643199833593, 0.9839947826553576, 0.9999997140437059, 0.9999997286415465, 0.9999951759626223, 0.9853376275650464, 0.9880254691938865, 0.9999961061703712, 0.9882048369065316, 0.9860987209082235, 0.9999997894270892, 0.9999999371254231]
scikit-learn/scikit-learn 6841 5064 0.9020111718 0.9758913949447555 -0.07388022314475551 2 [0.9758913949447555, 0.8666564849770712, 0.8323309150842866]
symfony/symfony 19888 19614 0.4438800625 0.5233789587481105 -0.07949889624811046 0 [0.5233789587481105]
scikit-learn/scikit-learn 7350 5393 0.03845598564 0.11990608339591344 -0.08145009775591344 5 [0.027298439239883867, 0.012998708497913881, 0.010752066177952702, 0.012790912266692427, 0.013908826598575178, 0.01130359321103544, 0.012458443370088973, 0.012576348512844778, 0.009638640979887455, 0.014200725676394188, 0.011857249648618638, 0.017928259231434554, 0.013489293928602826, 0.012711683677060527, 0.011715779153374394, 0.013316069570512918, 0.013544258503791356, 0.012562141909359812, 0.01605119386238277, 0.010571455878139133, 0.013454389476789029, 0.011624113436674115, 0.012546825847923944, 0.012990856377668286, 0.01391865250872216, 0.012691915658611521, 0.011466529840770996, 0.012597506559814826, 0.010613637264925797, 0.012568509087815538, 0.01280024851106379, 0.012740129484482731, 0.013337496395056962, 0.11990608339591344, 0.1195602330401731, 0.014279634052942566, 0.013992200275224955, 0.016961733302199387, 0.013706646756680032]
symfony/symfony-docs 6152 6089 0.8604924371 0.9453834818453568 -0.0848910447453568 0 [0.9323495961063587, 0.9453834818453568]
servo/servo 8900 8884 0.2544234417 0.3537337155151402 -0.09931027381514024 0 [0.3537337155151402]
symfony/symfony-docs 7830 7547 0.06111782793 0.17380389817217434 -0.11268607024217434 0 [0.17380389817217434]
saltstack/salt 15352 15333 0.8741956933 0.9999978884851372 -0.12580219518513713 0 [0.9955435329895472, 0.9999978884851372]
saltstack/salt 25843 25835 0.5912234686 0.7625605746273207 -0.17133710602732077 0 [0.7625605746273207]
symfony/symfony 233 228 0.8046806046 0.9967112049105842 -0.19203060031058417 7 [0.9967112049105842, 0.9902783056536594, 0.9876862715804863, 0.9844334298941244, 0.962662810989693, 0.4531071286786671, 0.9842644908339844, 0.974043561426938]
symfony/symfony-docs 4981 4644 0.5912234686 0.786259108077704 -0.19503563947770408 1 [0.786259108077704, 0.7843865552508281]
scikit-learn/scikit-learn 5152 4845 0.0836825839 0.2962180811007341 -0.2125354972007341 2 [0.2962180811007341, 0.0850100524929168, 0.11086707483398138]
saltstack/salt 11989 11988 0.2337750907 0.5161982420754666 -0.2824231513754666 0 [0.013737862682603994, 0.5161982420754666]
scikit-learn/scikit-learn 7819 6077 0.6149653942 0.9072328172324453 -0.29226742303244535 3 [0.7762720358635417, 0.9072328172324453, 0.14166515298665225, 0.07720572201671719, 0.06820118254200826]
scikit-learn/scikit-learn 7825 6307 0.531340412 0.8578939821758953 -0.32655357017589526 8 [0.23705603309613066, 0.035039451590609776, 0.40016560881917457, 0.2894308709674017, 0.04843349780686978, 0.4147177427392152, 0.04891049516587551, 0.3153404395877442, 0.2652843913846271, 0.8578939821758953, 0.06183403733561883, 0.3358581964107673, 0.059299189366838735, 0.061626340829533, 0.055269704665351464, 0.05428471608108827, 0.06381127441540875, 0.06821140971202326]
scikit-learn/scikit-learn 4308 4087 0.2059373493 0.5413896676994282 -0.33545231839942824 0 [0.5413896676994282]
scikit-learn/scikit-learn 3735 2979 0.09547403159 0.5 -0.40452596841 0 [0.5]
scikit-learn/scikit-learn 7015 5900 0.3441807331 0.9312908973976803 -0.5871101642976804 4 [0.9010201568275253, 0.9312908973976803, 0.8283584159474537, 0.8343088411645109, 0.8189111599110919, 0.8327181675367956]
scikit-learn/scikit-learn 7026 1742 0.1465948928 0.8807469975649102 -0.7341521047649102 2 [0.6071123029105358, 0.10968918190396564, 0.8807469975649102, 0.043985134760088744, 0.7540164833449164]
scikit-learn/scikit-learn 3181 2632 0.1600167553 0.8980430535110313 -0.7380262982110313 0 [0.8980430535110313]
symfony/symfony-docs 5727 5695 0.211985454 0.9999816759004462 -0.7879962219004462 1 [0.8128910193608714, 0.9999816759004462, 0.9954922318740477]
scikit-learn/scikit-learn 6337 6332 0.1209688868 0.979396603607365 -0.8584277168073651 2 [0.01575195576880373, 0.0288871009174805, 0.02932316802434674, 0.979396603607365, 0.8318085843702887, 0.8403055747548992]
twbs/bootstrap 13502 13014 0.9562625379 0.9299116280694422 0.026350909830557878 1 [0.6218653950355519, 0.6503719736220909, 0.9299116280694422, 0.12631130653510136]
twbs/bootstrap 19863 19387 0.8978395024 0.6366903375529332 0.26114916484706674 1 [0.6366903375529332, 0.03441285542558127]
twbs/bootstrap 5445 5308 0.9285953021 0.8952377787511473 0.03335752334885267 0 [0.8952377787511473]
twbs/bootstrap 21136 18462 0.03336204608 0.01924501610713005 0.014117029972869947 0 [0.01924501610713005]
twbs/bootstrap 13519 13014 0.04692148784 0.03889016302252637 0.00803132481747363 2 [0.03375118178287155, 0.03889016302252637, 0.025040446423057364, 0.025557001502987328]
twbs/bootstrap 20795 20174 0.9999991383 0.9935347978099912 0.006464340490008769 1 [0.9874987543952517, 0.9865973258683737, 0.9935347978099912, 0.9147135232005997]
twbs/bootstrap 14360 13718 0.9955112332 0.9957811233557176 -0.0002698901557175448 0 [0.9957811233557176]
twbs/bootstrap 14630 13965 0.9967033555 0.9999997398797216 -0.003296384379721573 1 [0.9999997398797216, 0.9999940500547776]
twbs/bootstrap 11664 11215 0.9952404486 0.9999992781712675 -0.004758829571267498 5 [0.8511430650400889, 0.9999992781712675, 0.9801205405723994, 0.9999967724648268, 0.965180662113805, 0.9594446260196657, 0.9319174186735285]
twbs/bootstrap 15895 15801 0.9917712841 0.999999847123491 -0.008228563023490953 1 [0.999999847123491, 0.9892436078596032]
twbs/bootstrap 16628 14552 0.9848732644 0.9999999976892247 -0.015126733289224648 1 [0.9999999976892247, 0.9999997923133578]
twbs/bootstrap 13165 12604 0.9833297699 0.9999995165548656 -0.016669746654865647 1 [0.9999995165548656, 0.9999935117485085]
twbs/bootstrap 3610 3593 0.7254764994 0.9778482248970296 -0.2523717254970296 0 [0.9778482248970296]
twbs/bootstrap 20745 19541 0.5 0.8803082184489952 -0.3803082184489952 3 [0.8803082184489952, 0.8039360130960852, 0.8358023285415176, 0.04463621328880077]
twbs/bootstrap 17080 17051 0.02273242799 0.8590057043939547 -0.8362732764039548 0 [0.012203751638784942, 0.014447575664551904, 0.8590057043939547]
zendframework/zf2 7647 7583 0.9999846408 0.9330339862789937 0.06695065452100635 0 [0.9330339862789937]
zendframework/zf2 3291 2973 0.9999999507 0.9935130799215958 0.006486870778404263 1 [0.9935130799215958, 0.9929059557375423]
zendframework/zf2 754 747 0.9917562571 0.9855569414181602 0.006199315681839845 0 [0.9855569414181602]
zendframework/zf2 5064 4973 0.9999992171 0.999999996532605 -7.794326050136746e-07 1 [0.999999996532605, 0.9999998939133001]
zendframework/zf2 4761 4749 0.928987177 0.9961276867721944 -0.06714050977219443 1 [0.9891329799397711, 0.9948864768684481, 0.9961276867721944, 0.9947793076835436]
zendframework/zf2 5904 5802 0.04812305168 0.9937628073425878 -0.9456397556625878 3 [0.9534909104891958, 0.691822768898286, 0.993394135294881, 0.9876567112802869, 0.9480665719151509, 0.9448830516685769, 0.6983622361279653, 0.9937628073425878, 0.974982631388799, 0.984403492631083, 0.7726581230708102]
