django/django 767 344 : 0.9872617893022511 1 [0.9872617893022511, 0.9842102615381163] 0.9702026525909587
facebook/react 2121 1301 : 0.9999999119872707 0 [0.9999999078219267, 0.9999999119872707] 0.9264388923645227
facebook/react 2512 2511 : 0.999986188336504 0 [0.999986188336504] 0.8196260763602885
JuliaLang/julia 22233 22169 : 0.7207231346761738 0 [0.7207231346761738] 0.6024955936231954
JuliaLang/julia 12058 11242 : 0.8903216313361534 0 [0.19246466348341884, 0.671268175506024, 0.13102920720865727, 0.12441922608320427, 0.09753476733259064, 0.162926167111361, 0.10828202241180107, 0.18788334062303533, 0.8903216313361534] 0.8396035354761926
JuliaLang/julia 13062 10835 : 0.026453864418804873 0 [0.026129437347307494, 0.026453864418804873] 0.03680429679080975
JuliaLang/julia 18936 18658 : 0.3036763507239898 0 [0.2839226104273029, 0.3036763507239898] 0.8440428803266943
JuliaLang/julia 16255 16253 : 0.903145957231303 1 [0.903145957231303, 0.519792715361462] 0.8893137373459761
JuliaLang/julia 19863 19856 : 2 -1 [] 0.9936616903682592
angular/angular.js 14635 12682 : 0.8668964090057278 0 [0.8668964090057278] 0.8162848372180876
angular/angular.js 3025 2522 : 0.9999999490990247 0 [0.9999998288803489, 0.9999999234463193, 0.9999999490990247] 0.322195954177874
angular/angular.js 9481 9478 : 0.029389028354887815 0 [0.029389028354887815] 0.022961276207992997
angular/angular.js 3699 3697 : 0.08517642152329996 2 [0.012960456684835434, 0.08517642152329996, 0.06156784857727321, 0.05591727758312132] 0.0335615892366165
angular/angular.js 12933 12166 : 0.9299417946826766 1 [0.9299417946826766, 0.7875350717371501] 0.8982365037405464
ansible/ansible 6638 6595 : 0.8346899856658994 0 [0.8346899856658994] 0.8183702189078825
ansible/ansible 12528 12140 : 0.9846164623873808 0 [0.8709502708589483, 0.9846164623873808] 0.25842191851271296
ansible/ansible 11127 10819 : 0.5973485940120891 1 [0.5973485940120891, 0.02332400482469391] 0.0228331398723114
ansible/ansible 6597 6595 : 0.8827220316933546 0 [0.8827220316933546] 0.4360942194411939
ansible/ansible 25698 21100 : 0.7441854269796053 0 [0.7441854269796053] 0.9942138684999582
ansible/ansible 20840 14583 : 0.9798166728424126 1 [0.7839732807861494, 0.9798166728424126, 0.953342379266717] 0.9907096213631004
ansible/ansible 20840 16160 : 0.9285698837961047 1 [0.2101306780391627, 0.9285698837961047, 0.2682060218254641] 0.9735840973633364
ansible/ansible 15811 15796 : 0.8178984181221541 0 [0.7653066355778023, 0.8178984181221541] 0.92023916361977
angular/angular.js 9917 9265 : 0.4072136796646188 1 [0.4072136796646188, 0.23258811911493574] 0.7713183949970754
angular/angular.js 2260 2216 : 0.9999999994932138 1 [0.9999999994932138, 0.9919564931068546] 0.9758076933073809
ansible/ansible 15811 15688 : 0.11161710624851445 0 [0.07819640471463199, 0.11161710624851445] 0.6805739782917959
ansible/ansible 24789 24722 : 0.9792829212949297 8 [0.9792829212949297, 0.44348455979270995, 0.4513383397839834, 0.23567109328718006, 0.2488711984300299, 0.24744355525617603, 0.14280340705914443, 0.10102388352908215, 0.09421440912140867] 0.9189292380725518
ansible/ansible 15738 14300 : 0.985594244496393 0 [0.985594244496393] 0.9730250934057066
ansible/ansible 24056 23936 : 0.8207143131404495 0 [0.8207143131404495] 0.9894234469307138
angular/angular.js 12524 12477 : 0.9999999992083781 10 [0.9999999992083781, 0.9999998646947579, 0.9999996766173147, 0.9943651416558241, 0.994095122667571, 0.9842621496419762, 0.9963272216066483, 0.9955208399259474, 0.995145123725117, 0.9820174373846765, 0.9954477652875718] 0.9306181875110142
ansible/ansible 2366 2282 : 0.9828292261155208 0 [0.9828292261155208] 0.9945553191880224
ansible/ansible 11461 11459 : 0.9999998918774208 0 [0.9999998918774208] 0.9754552459487656
angular/angular.js 14967 6412 : 0.9968855606515131 1 [0.9968855606515131, 0.9965087484778798] 0.9929432509722963
angular/angular.js 12072 4282 : 0.01008728175737503 0 [0.01008728175737503] 0.5562246550380284
ansible/ansible 5275 5140 : 0.30857912068170656 0 [0.30857912068170656] 0.9953655574722616
ansible/ansible 9032 7639 : 0.9919176674078387 0 [0.9919176674078387] 0.9763802786885317
ansible/ansible 22383 22301 : 0.7714141624266545 1 [0.7252203724951675, 0.2951348886459604, 0.7603664560720524, 0.41595051961960133, 0.5158860328869451, 0.7714141624266545, 0.4383259511233026] 0.965552141663101
ansible/ansible 23748 23732 : 0.9999996340378402 1 [0.9852921397397829, 0.9999996340378402, 0.9999848390884658] 0.9565748215954597
ansible/ansible 7480 6931 : 0.9702652231057833 1 [0.9702652231057833, 0.9668468922018619] 0.9999964031511739
angular/angular.js 8492 8233 : 0.24041110916865743 3 [0.24041110916865743, 0.05424885577697852, 0.10241593734737466, 0.0873441773598214] 0.9940287646634176
angular/angular.js 1851 1701 : 0.9999999251316661 1 [0.9999996925305586, 0.9999999251316661, 0.9999996952796184] 0.9999944719397699
angular/angular.js 4940 4529 : 0.8624694233300234 0 [0.8624694233300234] 0.9999999092639044
ansible/ansible 19228 19049 : 0.9999925443870573 1 [0.996551815581826, 0.9813564005424762, 0.981956835420336, 0.9863231386181357, 0.9999925443870573, 0.9904386371677562] 0.9939471061645825
angular/angular.js 6215 6098 : 0.9360946937799342 0 [0.9360946937799342] 0.9999926815448545
angular/angular.js 6807 6801 : 0.9999999994641144 2 [0.9999999994641144, 0.9999999994641144, 0.9999988838409981] 0.9999999715844524
angular/angular.js 15110 15106 : 0.12968063453807044 0 [0.12968063453807044] 0.9935966265316728
ansible/ansible 7943 6049 : 0.9999998678557075 2 [0.9999998678557075, 0.9999974499549306, 0.9594135429185294] 0.9999973035882411
ansible/ansible 5287 4034 : 0.9999831939604072 0 [0.9690638646572924, 0.9999831939604072] 0.9952611700920041
angular/angular.js 7582 5674 : 0.9999868472212851 0 [0.9999868472212851] 0.9506329651035439
ansible/ansible 22620 22521 : 0.9962478270194479 3 [0.9962478270194479, 0.9371428747250975, 0.9471741221977042, 0.9922986415666761] 0.996991981654383
ansible/ansible 6164 5480 : 0.48760515618136124 1 [0.43997324814463695, 0.1607093946945687, 0.17131095702317625, 0.48760515618136124, 0.11392242333856523] 0.999998489905708
ansible/ansible 4508 4189 : 0.9939688449922046 0 [0.9939688449922046] 0.9999841606946674
ceph/ceph 4276 4245 : 2 -1 [] 0.991727603794319
ceph/ceph 8260 7289 : 0.14459277897933728 0 [0.018628530866112717, 0.020227923801372137, 0.031293607232659726, 0.024561868060556945, 0.02794631013199906, 0.14459277897933728] 0.025896832654352924
ceph/ceph 5208 5205 : 0.05066339791273987 2 [0.04330231353565238, 0.05066339791273987, 0.039531869374376596, 0.029717604213672456] 0.03511812015496326
ceph/ceph 11363 11353 : 0.04988182658483253 0 [0.04988182658483253] 0.018426284145817772
ceph/ceph 13378 13367 : 0.030019655248299894 1 [0.018109580882839902, 0.02404479581269536, 0.030019655248299894, 0.024734889379710377] 0.023243186409118814
ceph/ceph 9006 8853 : 0.3017927739558828 2 [0.2628771409782354, 0.22209605631795354, 0.3017927739558828, 0.1452497419389052, 0.1151778844413226] 0.028138315531431125
cocos2d/cocos2d-x 6951 6939 : 2 -1 [] 0.8077110963067534
cocos2d/cocos2d-x 13913 13877 : 0.6454284768197206 0 [0.3474039158105139, 0.6454284768197206] 0.3457046797213559
cocos2d/cocos2d-x 7008 6876 : 0.9334787071073434 1 [0.9334787071073434, 0.628623920119123] 0.17836479388512483
ceph/ceph 7199 7136 : 0.4832291059949969 3 [0.4832291059949969, 0.17641089987010322, 0.40599537454857415, 0.04211837077451466] 0.5176369587623867
ceph/ceph 14828 14578 : 0.2773155847993773 0 [0.2773155847993773] 0.6769962189972445
ceph/ceph 9393 9367 : 0.6728797119694553 0 [0.6728797119694553] 0.8759848351510476
ceph/ceph 6250 6108 : 0.9941801438414718 0 [0.9941801438414718] 0.9620635333649108
ceph/ceph 6039 5714 : 2 -1 [] 0.9999972702716404
ceph/ceph 3236 3233 : 2 -1 [] 0.9945000944091944
ceph/ceph 7968 7958 : 0.1297065133709056 0 [0.1297065133709056] 0.5
cocos2d/cocos2d-x 10526 10485 : 0.30453350567986387 0 [0.019014155267582246, 0.2516159378545417, 0.2600620674200147, 0.30453350567986387] 0.8903049125593374
cocos2d/cocos2d-x 6726 5978 : 0.10684944354611273 17 [0.012405624132045153, 0.012250190470580433, 0.04365222723289004, 0.029548326556232022, 0.0619519149703063, 0.058670792743505576, 0.10684944354611273, 0.09374073799988632, 0.09896971388990361, 0.08694698723097956, 0.0895029628162292, 0.08514122170755446, 0.0888105368680536, 0.08423243631126864, 0.09657789534637591, 0.07741399230195341, 0.07361666712750002, 0.06922021069357023, 0.07260647630354794, 0.07153008401264678, 0.07243923027898626, 0.07672263456190932, 0.06526536244278656, 0.0611580293885859] 0.022732427988779447
ceph/ceph 14487 14394 : 2 -1 [] 0.9999999904554849
cocos2d/cocos2d-x 13778 12071 : 0.9961355479614638 0 [0.9931327754442949, 0.9961355479614638] 0.9999982314189901
cocos2d/cocos2d-x 5018 3861 : 0.6912451505998608 0 [0.6912451505998608] 0.07131031143520473
ceph/ceph 9581 8754 : 2 -1 [] 0.9960427005891929
ceph/ceph 7198 7189 : 0.9519855265644127 0 [0.9519855265644127] 0.9746169727855001
cocos2d/cocos2d-x 9218 9166 : 0.08494364564179703 11 [0.014372133337663257, 0.012342281032839787, 0.08494364564179703, 0.07491693535556809, 0.016521672560366334, 0.025866449786353267, 0.022426376028035204, 0.015242489805035737, 0.017054377543539837, 0.018713497183299784, 0.05294624355235382, 0.018113508084630255, 0.015944541130836123, 0.01550152621648023] 0.08586943125070738
cocos2d/cocos2d-x 7561 7501 : 0.014589508013232506 0 [0.012840203169170424, 0.014589508013232506] 0.022732427988779447
ceph/ceph 14577 14535 : 2 -1 [] 0.9478805709441205
cocos2d/cocos2d-x 10909 9118 : 0.02669375039955571 1 [0.02669375039955571, 0.022476577497854987] 0.17108932207839392
ceph/ceph 11466 11056 : 2 -1 [] 0.9999999875117666
ceph/ceph 13179 13001 : 2 -1 [] 0.9999997267735455
ceph/ceph 14088 13658 : 2 -1 [] 0.9800551068293747
ceph/ceph 7013 6916 : 0.8600169244734654 1 [0.8600169244734654, 0.8321787252918502] 0.9046045587990119
ceph/ceph 5730 4861 : 2 -1 [] 0.9999994683066101
ceph/ceph 11128 10715 : 0.9999994889260739 5 [0.08076349229970045, 0.9999994889260739, 0.9913240875785374, 0.9955313798966651, 0.9943041563463866, 0.64955765556538, 0.9835850865886865] 0.99999708565195
cocos2d/cocos2d-x 5008 3981 : 0.9999999986802771 2 [0.9999999986802771, 0.9999896992064624, 0.9999984450615659] 0.9999999857872519
ceph/ceph 7037 7033 : 0.9999991477532003 4 [0.9960958687899963, 0.9999988621471039, 0.9999991477532003, 0.9999973358061093, 0.9999982667546051, 0.9956769677565592, 0.9498546725301172] 0.9999982364883245
ceph/ceph 9300 7973 : 0.21012134699484442 0 [0.21012134699484442] 0.9262508227385061
ceph/ceph 14576 14535 : 2 -1 [] 0.9548307594556149
ceph/ceph 8027 8024 : 2 -1 [] 0.9999985804678201
ceph/ceph 10411 9263 : 0.526107251500481 1 [0.526107251500481, 0.18241890124964114] 0.9611500610420154
ceph/ceph 5309 5173 : 2 -1 [] 0.9449825461854074
ceph/ceph 13178 12997 : 2 -1 [] 0.9999999775655464
ceph/ceph 13643 13450 : 0.9833423487236983 1 [0.9833423487236983, 0.9397362030463515] 0.9369662174929084
ceph/ceph 4890 4687 : 2 -1 [] 0.9999999881419996
ceph/ceph 4887 4776 : 2 -1 [] 0.9999999928087746
ceph/ceph 13506 13450 : 0.9999999990862858 1 [0.9999999990862858, 0.9999999889751126] 0.9999995249355499
ceph/ceph 847 710 : 2 -1 [] 0.9738136779166854
ceph/ceph 14616 13592 : 0.999999999459888 1 [0.9926726485674452, 0.999999999459888, 0.9999999767400354] 0.9937489734419032
django/django 4419 4151 : 0.9999990481430944 1 [0.9999990481430944, 0.9674999631023457] 0.2587825581636741
django/django 767 344 : 0.9872617893022511 1 [0.9872617893022511, 0.9842102615381163] 0.9733075575372261
docker/docker 30290 29121 : 0.14227768807505667 2 [0.14227768807505667, 0.019394777650380293, 0.020453061916925846] 0.026137743459543682
docker/docker 6766 6579 : 0.05604285788636141 0 [0.05604285788636141] 0.02966738417188498
docker/docker 756 743 : 0.24601525165381996 1 [0.08547154636456786, 0.19789975971713022, 0.24601525165381996, 0.13411825567707958] 0.02883971289705614
dotnet/corefx 16069 9537 : 0.014205859171477882 0 [0.014205859171477882] 0.023866519960666386
dotnet/corefx 4160 4157 : 2 -1 [] 0.5759678887784638
django/django 1480 1478 : 0.7893334420299182 0 [0.7893334420299182] 0.9917012277588753
django/django 5404 5378 : 0.9999956401880881 2 [0.973745741344336, 0.5698188945924864, 0.9973435927128027, 0.9999956401880881, 0.997415554084781, 0.9856222528910555] 0.9721691767385453
docker/docker 6178 6061 : 2 -1 [] 0.951031732403615
docker/docker 7666 7658 : 0.9184989312556872 0 [0.8983580408132721, 0.9184989312556872] 0.380525455607412
django/django 3060 1845 : 0.7248580178691229 0 [0.7248580178691229] 0.945740317438327
dotnet/corefx 19477 19463 : 0.989719986275992 1 [0.989719986275992, 0.020421385838760398] 0.8279531888367082
docker/docker 31352 29766 : 0.875242512791771 0 [0.41339781079784105, 0.6744675166293431, 0.875242512791771] 0.9911227365284347
django/django 1758 1752 : 2 -1 [] 0.9999964105391528
django/django 7135 6660 : 0.9914138949079371 1 [0.9914138949079371, 0.2845080598822623] 0.7498525973535595
django/django 5052 5049 : 0.9999991617659544 1 [0.9999991617659544, 0.9833446406958267] 0.9999999427802797
django/django 7825 7814 : 0.9999863549960618 1 [0.9939573823256868, 0.9969842685554332, 0.9960167496326027, 0.9999863549960618, 0.9963111281148422] 0.9999999939700125
docker/docker 4194 3853 : 0.9948288756358525 2 [0.8254664552839699, 0.9948288756358525, 0.9893859533372118, 0.7860773109959226] 0.9923060553140385
docker/docker 12768 12180 : 0.9999889163281991 0 [0.9999825871577331, 0.9999868185961919, 0.9999889163281991] 0.9355650433559349
django/django 2564 2432 : 0.9999996657181318 0 [0.9999996657181318] 0.999999922590111
django/django 5220 4250 : 2 -1 [] 0.9999987322932239
django/django 6267 6266 : 0.9999836661623583 0 [0.9999836661623583] 0.9999999926611124
docker/docker 9715 9233 : 0.9466627212321614 0 [0.9466627212321614] 0.8917275794954626
elastic/elasticsearch 6082 6078 : 0.602268185800127 0 [0.1931039586762422, 0.602268185800127] 0.9056309855416764
elastic/elasticsearch 12710 12692 : 0.15034222947471682 0 [0.11969168394540983, 0.13293292955410654, 0.13256043250508537, 0.15034222947471682] 0.17230469109586438
elastic/elasticsearch 11570 7929 : 0.8015612942479033 0 [0.8015612942479033] 0.48585307300787467
emberjs/ember.js 11667 11660 : 2 -1 [] 0.7192954400453802
emberjs/ember.js 1070 1066 : 0.1844565527746696 2 [0.1844565527746696, 0.036402867030527974, 0.018364625840380084] 0.026699920813809137
elastic/elasticsearch 11512 8376 : 0.04415263939679814 0 [0.04415263939679814] 0.026282807790249677
elastic/elasticsearch 21912 21447 : 0.8021547581558978 4 [0.8021547581558978, 0.792236685385146, 0.7761149014096783, 0.7913562985889296, 0.7992541064441214] 0.9324324294097248
emberjs/ember.js 2892 2485 : 0.9999999996004342 0 [0.9761227723864252, 0.9999999996004342] 0.9999994445340039
elastic/elasticsearch 10582 10499 : 0.3724257211294855 2 [0.3724257211294855, 0.10682076403298786, 0.29494876615678717] 0.0837467419761174
emberjs/ember.js 13278 13270 : 0.5781696384967375 1 [0.5781696384967375, 0.12442411775626645] 0.7886463564940076
emberjs/ember.js 11146 10983 : 0.9999996888591564 10 [0.9999996888591564, 0.9861915474935874, 0.991917968688993, 0.9597530501999122, 0.9886262132986655, 0.9918718273410537, 0.9486232052646169, 0.9862038057028594, 0.9733455364994656, 0.8793876196763832, 0.8939106229707702] 0.9765656987316123
elastic/elasticsearch 18545 16731 : 0.9999973567101047 1 [0.9999973567101047, 0.9649569007636947] 0.9999870785215562
emberjs/ember.js 2212 2030 : 0.818604433401442 1 [0.818604433401442, 0.47740991917356945] 0.8987854832046281
elastic/elasticsearch 12209 11646 : 0.021417258396333114 0 [0.021417258396333114] 0.19679148328759533
emberjs/ember.js 4532 3740 : 0.9999983687284161 0 [0.9999978278295908, 0.9999983687284161] 0.9999975737838864
elastic/elasticsearch 8729 8148 : 0.9930190517323034 1 [0.9930190517323034, 0.10313001868237336] 0.9999983239170436
emberjs/ember.js 3774 3764 : 0.9999995953361763 0 [0.9999995953361763] 0.9999996134840313
facebook/react 2121 1301 : 0.9999999119872707 0 [0.9999999078219267, 0.9999999119872707] 0.9999937567652748
facebook/react 3589 3533 : 0.9947218065117175 1 [0.9947218065117175, 0.4727534962362842] 0.9521095978913728
facebook/react 2512 2511 : 0.999986188336504 0 [0.999986188336504] 0.9999961923417657
facebook/react 8757 8648 : 2 -1 [] 0.9523085920149275
facebook/react 8612 7402 : 0.5587472235584479 0 [0.5587472235584479] 0.9436377702917245
facebook/react 3184 3180 : 0.6437183831903818 0 [0.6437183831903818] 0.8035229145975666
facebook/react 722 703 : 0.7717555810175537 0 [0.7717555810175537] 0.5912234685814948
facebook/react 8647 8328 : 0.7379216082955531 0 [0.7379216082955531] 0.9947336220586167
facebook/react 3281 2549 : 0.9939523093128345 1 [0.9939523093128345, 0.7793263644237134] 0.9710660572865941
facebook/react 8764 8655 : 0.9999999749118359 0 [0.9999999749118359] 0.6124486499594359
facebook/react 6419 5884 : 0.712979272494479 0 [0.07510994452931573, 0.712979272494479] 0.036587006193049165
facebook/react 4157 2263 : 0.7072503795736405 1 [0.32909270968641496, 0.7072503795736405, 0.35421854134027253] 0.9999925894776872
facebook/react 4561 4463 : 0.10032223000862044 0 [0.10032223000862044] 0.9631990472348807
facebook/react 5391 5009 : 0.5645783941507861 0 [0.5645783941507861] 0.9862310456139595
facebook/react 8112 8101 : 0.5530869625902993 5 [0.5530869625902993, 0.43831554933484346, 0.32133015742580795, 0.26717904091602335, 0.28603484672268265, 0.2916995039231885] 0.20006188478177606
facebook/react 8112 8106 : 0.39477839528742326 4 [0.21485668717278097, 0.39477839528742326, 0.2852114132766565, 0.22219577939490756, 0.2251150446593285, 0.21565661641820666] 0.8237578602193755
hashicorp/terraform 1426 1285 : 0.9999934578889901 1 [0.41448732972391994, 0.9999934578889901, 0.5] 0.05488716492833495
hashicorp/terraform 3064 3019 : 2 -1 [] 0.9999823441251896
hashicorp/terraform 1764 1697 : 0.9999996845312324 0 [0.9999996845312324] 0.9999986789864633
hashicorp/terraform 1827 1526 : 2 -1 [] 0.9853312306702938
hashicorp/terraform 9398 7617 : 0.999999603794001 1 [0.9962612947355687, 0.9512226597334177, 0.9999927987882774, 0.999999603794001, 0.9849242044257148] 0.9999998201452988
hashicorp/terraform 5299 5285 : 0.9999997737560036 1 [0.9999997737560036, 0.9999984890410528] 0.9999826534692678
hashicorp/terraform 1974 1952 : 0.9999999721425831 2 [0.9999998679921014, 0.9999999721425831, 0.9999997857916562, 0.9925839424249208] 0.9858176573109395
hashicorp/terraform 1525 1214 : 0.9999994009497885 6 [0.9999994009497885, 0.9896747974932607, 0.9580394771849567, 0.9507684709587736, 0.9416707221652126, 0.8792565361159794, 0.9215056025673244] 0.9965578783734104
hashicorp/terraform 2411 2086 : 0.9958871699947685 1 [0.9958871699947685, 0.9866840504379989] 0.9999984856885489
hashicorp/terraform 11157 10870 : 0.9999999954639015 2 [0.9999999954639015, 0.999999921202798, 0.9999998292504177] 0.9999999841002097
hashicorp/terraform 6344 5893 : 0.9999931788834067 7 [0.9999931788834067, 0.8154108574169517, 0.772864400279394, 0.7649258568212228, 0.9555713395961652, 0.6886708252142796, 0.6703911079979998, 0.9853239410648348] 0.999998647065857
hashicorp/terraform 14192 11093 : 0.9775638094282516 0 [0.9775638094282516] 0.9999998604915873
hashicorp/terraform 14514 13852 : 0.9999999795565829 0 [0.048708094542218035, 0.9999996542590678, 0.9999999795565829] 0.9999999706566136
joomla/joomla-cms 5293 3602 : 0.020224372595333707 1 [0.020224372595333707, 0.011918980392259217] 0.022732427988779447
joomla/joomla-cms 4751 4517 : 0.7334940495014967 0 [0.20096131842720874, 0.7224529775947673, 0.7334940495014967] 0.10703664178541744
joomla/joomla-cms 7832 5368 : 0.017159297629222404 1 [0.017159297629222404, 0.016632781171722514] 0.02300335943091137
joomla/joomla-cms 4755 4517 : 0.7133030590760243 4 [0.7133030590760243, 0.6182672481458106, 0.5802983095704592, 0.5815411828681958, 0.38802383154647446] 0.41838763992005257
joomla/joomla-cms 3222 1469 : 0.991465275168853 3 [0.9586101970401686, 0.9792100392512453, 0.991465275168853, 0.557539864544323, 0.7940669911806315, 0.837298135672595] 0.9960119221569166
joomla/joomla-cms 4739 4517 : 0.0316138575419717 0 [0.0316138575419717] 0.03823370908728978
joomla/joomla-cms 1279 1252 : 0.027413556764620237 0 [0.027413556764620237] 0.06581289625435909
joomla/joomla-cms 3127 1240 : 0.04966627380333912 4 [0.04966627380333912, 0.01781888283767769, 0.017763367873452788, 0.017229889581137796, 0.016936654926747115] 0.17330946537152597
joomla/joomla-cms 13672 11061 : 2 -1 [] 0.9923366113788215
joomla/joomla-cms 15633 15618 : 0.9452062869265279 4 [0.9452062869265279, 0.9358575453984347, 0.9379270542724368, 0.9371621987742749, 0.9253905042045079] 0.997247129515496
joomla/joomla-cms 8365 7487 : 0.8960409153966198 0 [0.8960409153966198] 0.957755511079329
joomla/joomla-cms 6641 6629 : 0.9371632287310411 0 [0.7679143241595852, 0.9371632287310411] 0.8418737550881424
joomla/joomla-cms 16146 13500 : 0.9999984896272408 0 [0.7178864050438502, 0.04932598610489198, 0.03379671849897332, 0.4244381776535159, 0.9999984896272408] 0.9897039578995832
joomla/joomla-cms 3534 1500 : 0.9865939960624212 0 [0.9865939960624212] 0.9999997262296634
joomla/joomla-cms 14792 14787 : 0.6450945153293867 0 [0.6450945153293867] 0.8585545260658156
joomla/joomla-cms 5935 3024 : 2 -1 [] 0.9927535638948423
joomla/joomla-cms 7274 7235 : 0.15318854578871305 0 [0.15318854578871305] 0.9782386540672682
joomla/joomla-cms 7097 6660 : 0.9999990224182393 0 [0.9999990224182393] 0.9999969011548859
kubernetes/kubernetes 45455 40210 : 0.6055193922193867 0 [0.5, 0.6055193922193867] 0.4803669784182979
kubernetes/kubernetes 13322 13144 : 0.7231813829875477 0 [0.012370879293007382, 0.7231813829875477] 0.9168988608654021
kubernetes/kubernetes 18449 13838 : 0.01550379389846166 1 [0.01550379389846166, 0.013934611771677277] 0.022997367571158178
kubernetes/kubernetes 5775 5714 : 0.6373486752304093 1 [0.6373486752304093, 0.03887178171014956] 0.061657110465967016
kubernetes/kubernetes 29226 29204 : 0.8757333651517033 1 [0.8757333651517033, 0.8009585242078157] 0.15578444359097168
kubernetes/kubernetes 11450 11364 : 0.022934696773589988 1 [0.022934696773589988, 0.014482948736387575] 0.022013431792965527
kubernetes/kubernetes 15401 15224 : 0.027827875259707195 0 [0.027827875259707195] 0.04484522512673334
kubernetes/kubernetes 6949 6938 : 0.012722055850758671 0 [0.01201877062452894, 0.012722055850758671] 0.023844336374383192
kubernetes/kubernetes 24881 24201 : 0.9311962403037544 0 [0.8878100829354425, 0.9311962403037544] 0.975716138022373
kubernetes/kubernetes 13628 13616 : 0.028189231159841902 0 [0.011568179366337878, 0.013853356605754721, 0.028189231159841902] 0.8097566699023986
kubernetes/kubernetes 3200 3199 : 0.9999999966116024 0 [0.014310313811831787, 0.9999999966116024] 0.9999966720084059
kubernetes/kubernetes 15043 14871 : 0.9999957200554925 1 [0.9999957200554925, 0.9959790527592249] 0.952237758860322
kubernetes/kubernetes 44727 44463 : 0.06789262600833212 0 [0.06789262600833212] 0.10296470795089217
kubernetes/kubernetes 29995 29447 : 0.9999996630115263 0 [0.9999996630115263] 0.9973455601829774
kubernetes/kubernetes 5784 5775 : 0.6128436066670137 0 [0.6128436066670137] 0.9750999230340276
kubernetes/kubernetes 5763 5233 : 0.06670713187986088 0 [0.060128934655083, 0.03116697367262488, 0.06670713187986088] 0.9999879871924136
kubernetes/kubernetes 41942 37571 : 0.03187987220027668 0 [0.03187987220027668] 0.05240800889607104
kubernetes/kubernetes 11219 10234 : 0.017321721112909794 0 [0.017321721112909794] 0.8598695872428957
kubernetes/kubernetes 44500 42007 : 2 -1 [] 0.9365689949183921
kubernetes/kubernetes 28414 24299 : 0.9919929686952005 0 [0.9919929686952005] 0.9999997624306523
kubernetes/kubernetes 30848 29741 : 2 -1 [] 0.9999915947415725
kubernetes/kubernetes 9575 7227 : 2 -1 [] 0.9901865867561833
kubernetes/kubernetes 12980 12895 : 0.19412002014354132 0 [0.19412002014354132] 0.9999989825901053
kubernetes/kubernetes 28606 28206 : 0.9854766189610977 0 [0.9854766189610977] 0.9999983711885009
kubernetes/kubernetes 43902 43871 : 0.9999999640381987 0 [0.6509106439170708, 0.9999990376747147, 0.9999999640381987] 0.9956999674769864
kubernetes/kubernetes 36195 36186 : 0.9999997798725393 0 [0.9999997798725393] 0.9999999918931773
kubernetes/kubernetes 46823 46739 : 0.9922652002239943 0 [0.9922652002239943] 0.9715783524550298
kubernetes/kubernetes 37140 36826 : 2 -1 [] 0.9999999896941936
kubernetes/kubernetes 43719 42815 : 0.9999998637200549 0 [0.9999998637200549] 0.995254541368432
mozilla-b2g/gaia 28433 28349 : 2 -1 [] 0.9745622569472489
mozilla-b2g/gaia 13480 12010 : 0.9999845013244727 0 [0.9999845013244727] 0.9999951428027724
mozilla-b2g/gaia 10373 10253 : 0.08215947090273412 0 [0.08215947090273412] 0.029429462037865426
mozilla-b2g/gaia 13342 12014 : 0.9802460202585731 0 [0.9802460202585731] 0.9999993488613359
mozilla-b2g/gaia 10980 10738 : 0.9956003352897417 0 [0.9906969569966892, 0.9956003352897417] 0.9358164157502252
nodejs/node 1424 493 : 0.01351233415828888 1 [0.01351233415828888, 0.01351233415828888] 0.02441929379035437
nodejs/node 2727 2726 : 0.6853953934527678 0 [0.6853953934527678] 0.2403188627037632
nodejs/node 8491 8334 : 0.15638108836310288 1 [0.04368215358336503, 0.15638108836310288, 0.0326364413656356] 0.026699411259078754
nodejs/node 12231 12230 : 0.8077188515370368 1 [0.8077188515370368, 0.7455297527734275] 0.37787630710347775
nodejs/node 4814 4813 : 0.9447943916236015 0 [0.921815545173093, 0.2615929356349523, 0.9447943916236015] 0.93426044937322
nodejs/node 11099 10343 : 0.025317493780306996 10 [0.025317493780306996, 0.016573006673250613, 0.012124145802123704, 0.011662116408963528, 0.014725026196218979, 0.015991774353882396, 0.01935599854548293, 0.019953654479434448, 0.01834596657932541, 0.015166405779606778, 0.0240094083681145] 0.09760583383987478
nodejs/node 7616 7311 : 0.03491016692594691 0 [0.03491016692594691] 0.9356653775813489
nodejs/node 12231 12204 : 0.8148982062623963 0 [0.7016357228674721, 0.8148982062623963] 0.6621846366897302
nodejs/node 10937 10525 : 0.5528122911601241 0 [0.5528122911601241] 0.9807909841006331
nodejs/node 12437 9961 : 0.807117493715185 0 [0.807117493715185] 0.9828464307224051
nodejs/node 7626 7311 : 0.9999927411933951 0 [0.9999927411933951] 0.9999993947278396
nodejs/node 8923 3062 : 0.9972086991985241 0 [0.9972086991985241] 0.9999964900887395
nodejs/node 6537 6536 : 0.6870604914045847 0 [0.6870604914045847] 0.9825084253221569
nodejs/node 12491 12487 : 0.9999996956180583 1 [0.9999996956180583, 0.9921891647424322] 0.9999976520322054
nodejs/node 12901 12426 : 0.996385311976519 0 [0.996385311976519] 0.9999988691609105
pydata/pandas 16678 16677 : 2 -1 [] 0.939628232286207
pydata/pandas 3914 3893 : 0.9739472556599893 3 [0.9501887642883267, 0.9739472556599893, 0.5686674091461498, 0.3834730087885156, 0.24305345007864465] 0.10460651829542195
pydata/pandas 10857 10656 : 0.9999901631818643 0 [0.04939372756124095, 0.8565966642648597, 0.9999901631818643] 0.12988352160036784
pydata/pandas 9292 7462 : 0.8255900367459978 0 [0.8255900367459978] 0.30314604487483926
pydata/pandas 7130 6890 : 0.7206132108532634 0 [0.7206132108532634] 0.74474717976959
pydata/pandas 9348 8728 : 0.7374326140902575 0 [0.7374326140902575] 0.9749385649995524
pydata/pandas 12576 12566 : 0.989993367630293 2 [0.989993367630293, 0.9879013185320769, 0.9837307098264502] 0.9999981763332545
pydata/pandas 5134 5127 : 0.6112843718849835 0 [0.6112843718849835] 0.9123423087610616
pydata/pandas 15253 15248 : 0.9878931568624867 1 [0.9878931568624867, 0.9848991695040096] 0.9999916192652657
pydata/pandas 7470 4505 : 0.9144667626544845 1 [0.9144667626544845, 0.6445951854837179] 0.9999998122001192
pydata/pandas 16441 15971 : 0.9914466113839441 0 [0.7981746219864169, 0.9914466113839441] 0.9896257060990618
rails/rails 15674 13428 : 0.9751055022941156 0 [0.9751055022941156] 0.1631140183270068
rails/rails 24450 23103 : 0.14469933272594349 0 [0.14469933272594349] 0.053317273254516996
rails/rails 24608 24493 : 0.8423885680165591 0 [0.8423885680165591] 0.4348976084832161
rails/rails 28399 28068 : 0.050596408473169624 0 [0.050596408473169624] 0.029365554442078088
rails/rails 6936 1777 : 0.9969827848667863 1 [0.9882225415441255, 0.9969827848667863, 0.966522579323436] 0.9950945370270899
rails/rails 18706 10891 : 0.5 3 [0.5, 0.4348821893510588, 0.47120140226121177, 0.4584373556329612] 0.09466732349495752
rust-lang/rust 8982 8980 : 2 -1 [] 0.8384142487175107
rails/rails 14030 12413 : 0.5215717978501362 2 [0.5215717978501362, 0.4057566558515965, 0.19313930426902645] 0.03649790247256341
rust-lang/rust 7991 7982 : 2 -1 [] 0.03336502213951635
rust-lang/rust 7657 7656 : 2 -1 [] 0.09366505376726801
rails/rails 15674 13792 : 0.49394074492345164 0 [0.49394074492345164] 0.27912508171690853
rust-lang/rust 7919 7897 : 2 -1 [] 0.5380077373978478
rust-lang/rust 25837 25816 : 0.3361380992142175 0 [0.31441005829178387, 0.26739104953908993, 0.3361380992142175] 0.17407135787176567
rust-lang/rust 14014 13832 : 0.9999997406667726 1 [0.9999997406667726, 0.9969485713866506] 0.8947151452354183
rust-lang/rust 34010 33769 : 0.14229928714565343 0 [0.011844578302494855, 0.14229928714565343] 0.2518656407257641
rust-lang/rust 42089 42081 : 0.9724007838236982 3 [0.3689774136704297, 0.9724007838236982, 0.9643267555536327, 0.9346944612049815, 0.9656724994215998] 0.24976746078562523
rust-lang/rust 7738 7736 : 2 -1 [] 0.9351123459591553
rust-lang/rust 11388 11364 : 0.24031008139303944 0 [0.24031008139303944] 0.10644179762479625
rust-lang/rust 42631 42059 : 0.3790852439449011 3 [0.027518425875211232, 0.027577290927659974, 0.057862804262385374, 0.06726726013430658, 0.024116197985277123, 0.02647358387825243, 0.3790852439449011, 0.025441076157218967, 0.020543240877202714, 0.08500722203874414] 0.07755988571063978
rust-lang/rust 42418 42413 : 2 -1 [] 0.34455657881959856
rust-lang/rust 19980 19974 : 0.7778373209122091 0 [0.1788898121711421, 0.7778373209122091] 0.14387070344400896
rust-lang/rust 17063 17029 : 0.013010167168399532 1 [0.013010167168399532, 0.012671249376949021] 0.022732427988779447
rust-lang/rust 27100 26955 : 0.0278228230147662 0 [0.0278228230147662] 0.03571491732918066
rust-lang/rust 5663 5660 : 0.9999910922961885 0 [0.9999910922961885] 0.8207393187310866
rust-lang/rust 8080 8074 : 2 -1 [] 0.6466840975310213
rust-lang/rust 9316 9315 : 2 -1 [] 0.9999974750736076
rust-lang/rust 9643 9594 : 2 -1 [] 0.10067338743103345
rust-lang/rust 7270 7226 : 2 -1 [] 0.7544890863149594
rust-lang/rust 7707 7676 : 2 -1 [] 0.05486519646654896
rails/rails 5927 5710 : 2 -1 [] 0.9999999441044443
rails/rails 23816 23792 : 2 -1 [] 0.9999925384442915
rails/rails 15224 5892 : 0.7615257341687445 0 [0.7615257341687445] 0.9663060323408414
rails/rails 26266 24962 : 2 -1 [] 0.9430673545625877
rails/rails 15674 12717 : 0.35085136436045966 0 [0.35085136436045966] 0.8574304944615446
rails/rails 25240 24741 : 0.23073960864869517 0 [0.23073960864869517] 0.779057062304256
rust-lang/rust 7547 7494 : 0.9134127508479263 2 [0.9100582224035705, 0.9025416664403246, 0.9134127508479263, 0.9102831842393153, 0.907939740592813] 0.9999924454427723
rails/rails 16796 13548 : 0.9934195427289579 0 [0.9934195427289579] 0.9931429841187512
rust-lang/rust 19486 18770 : 0.4743532947561875 0 [0.4743532947561875] 0.4490119788133172
rust-lang/rust 38152 37493 : 0.853883979643071 3 [0.068983432804548, 0.02135998294440795, 0.03923864392449815, 0.853883979643071, 0.061418488945770976, 0.7775615369993757, 0.21048428732464444] 0.9834861122950208
rails/rails 6557 6477 : 0.12534580784261182 1 [0.08930500369029236, 0.12534580784261182, 0.038004929492819375] 0.30589447077128445
rails/rails 25828 25355 : 0.9973597037407542 0 [0.023390914519053972, 0.9973597037407542] 0.9956695423707523
rails/rails 19501 16146 : 0.518950253547251 0 [0.518950253547251] 0.7398426241105611
rails/rails 13455 8920 : 0.9821526430354218 0 [0.9821526430354218] 0.9919681729801811
rails/rails 23269 23242 : 0.06981100219062088 0 [0.06981100219062088] 0.3730051613903528
rails/rails 2062 1139 : 0.9999894784721248 5 [0.9999894784721248, 0.060103275025563674, 0.053356372016937555, 0.048926967333757926, 0.5629652678625238, 0.05961927107358732] 0.9933786166749639
rails/rails 20813 13869 : 0.8481434278685464 0 [0.8481434278685464] 0.9933123992441095
rails/rails 18706 9052 : 0.9281376657863457 0 [0.8472445184385169, 0.6831120417067609, 0.8160160427854474, 0.9281376657863457] 0.9366702166569902
rails/rails 24157 18313 : 0.8997498535271046 0 [0.8997498535271046] 0.9999870994661506
rails/rails 20697 20050 : 0.9890232270959946 0 [0.9776230651246351, 0.9890232270959946] 0.9950352196163628
rails/rails 13900 13715 : 0.999999989857018 0 [0.999999989857018] 0.9999998646353002
rails/rails 20828 12286 : 0.9999999704274355 2 [0.9999999704274355, 0.9999999683659763, 0.9999999642254424] 0.9999998271575024
rust-lang/rust 20653 20641 : 2 -1 [] 0.9352663720562976
rust-lang/rust 30676 30608 : 0.9070369191040224 5 [0.9070369191040224, 0.8172169683731877, 0.34014933522176466, 0.4781609299574483, 0.8418967283115157, 0.12376585567801536] 0.9999949824461637
rails/rails 18754 8225 : 0.8071446801030088 0 [0.5, 0.8071446801030088] 0.9127403775494275
rails/rails 19021 11183 : 0.9581804433244648 0 [0.9581804433244648] 0.9999944338871615
rails/rails 28355 27198 : 0.9999940955314295 0 [0.9999940955314295] 0.9999973786396639
rust-lang/rust 30719 30718 : 0.9999999307668453 2 [0.9999999307668453, 0.9534490330180954, 0.9894362049773628] 0.9999993723044631
rails/rails 10992 10920 : 0.9999884121669258 0 [0.9999884121669258] 0.9999998588599104
rust-lang/rust 19705 19701 : 2 -1 [] 0.9483354891783784
rails/rails 8064 5384 : 0.9999999897224411 0 [0.9999999897224411] 0.9969999227463257
rust-lang/rust 38466 38450 : 2 -1 [] 0.9953309204330986
saltstack/salt 26136 26117 : 2 -1 [] 0.939628232286207
saltstack/salt 23500 23497 : 0.9999997501533733 1 [0.9999997501533733, 0.9999995567944291] 0.9657224271975338
saltstack/salt 33916 33670 : 0.11313769678525754 0 [0.11313769678525754] 0.055558485987065025
saltstack/salt 11989 11988 : 0.5161982420754666 0 [0.013737862682603994, 0.5161982420754666] 0.2337750906693474
saltstack/salt 25843 25835 : 0.7625605746273207 0 [0.7625605746273207] 0.5912234685814948
saltstack/salt 20535 20509 : 2 -1 [] 0.9524249906486151
saltstack/salt 15352 15333 : 0.9999978884851372 0 [0.9955435329895472, 0.9999978884851372] 0.8741956932593068
scikit-learn/scikit-learn 3181 2632 : 0.8980430535110313 0 [0.8980430535110313] 0.16001675530305307
scikit-learn/scikit-learn 5835 5771 : 0.9872773952975981 2 [0.9872773952975981, 0.8004533762770165, 0.8751569410555554] 0.9910426254621162
scikit-learn/scikit-learn 6337 6332 : 0.979396603607365 2 [0.01575195576880373, 0.0288871009174805, 0.02932316802434674, 0.979396603607365, 0.8318085843702887, 0.8403055747548992] 0.12096888680027508
scikit-learn/scikit-learn 7015 5900 : 0.9312908973976803 4 [0.9010201568275253, 0.9312908973976803, 0.8283584159474537, 0.8343088411645109, 0.8189111599110919, 0.8327181675367956] 0.3441807330860863
scikit-learn/scikit-learn 3735 2979 : 0.5 0 [0.5] 0.09547403158747345
scikit-learn/scikit-learn 7350 7312 : 0.9880468787017639 38 [0.9880468787017639, 0.7048343172880479, 0.4277860088788126, 0.3979013720658117, 0.330297730950757, 0.3221476562626096, 0.6211349752305545, 0.3565722759499935, 0.29578143418658887, 0.20612596910669817, 0.28383483509652124, 0.2773737686592369, 0.3125920683985654, 0.3683291289751564, 0.31806210148422254, 0.28197298012954414, 0.27171393524663245, 0.5885342233958378, 0.30226306945319864, 0.25446238833328594, 0.757900515231184, 0.2937623454031017, 0.5460646721260904, 0.5, 0.48972672091663955, 0.2915200694617099, 0.40685655587013736, 0.3597179186098199, 0.35539698234933403, 0.297469196095464, 0.31079085217950575, 0.6461094765603819, 0.3483103900346322, 0.5516421516358085, 0.3452948624202902, 0.6581660415734742, 0.6139469599130036, 0.3991886991291694, 0.3621616114469458] 0.9440742061928676
scikit-learn/scikit-learn 5152 4845 : 0.2962180811007341 2 [0.2962180811007341, 0.0850100524929168, 0.11086707483398138] 0.08368258389881007
scikit-learn/scikit-learn 6841 5064 : 0.9758913949447555 2 [0.9758913949447555, 0.8666564849770712, 0.8323309150842866] 0.902011171831824
scikit-learn/scikit-learn 4308 4087 : 0.5413896676994282 0 [0.5413896676994282] 0.20593734927646715
servo/servo 10082 8641 : 0.013231210326287811 0 [0.01240262834636253, 0.013231210326287811] 0.034488273000712534
servo/servo 1134 1133 : 2 -1 [] 0.06188489915662942
servo/servo 6261 6258 : 0.08266629360707024 0 [0.08266629360707024] 0.13396895609347292
servo/servo 14664 14312 : 0.024333829082245205 0 [0.01649452188155987, 0.016231424650746788, 0.01727478638137326, 0.016090040235025176, 0.024333829082245205] 0.04164937959800809
servo/servo 8900 8884 : 0.3537337155151402 0 [0.3537337155151402] 0.25442344173781556
servo/servo 9401 7832 : 0.060020251597543255 0 [0.02120306162969732, 0.012256762320268937, 0.060020251597543255] 0.059566575521716694
servo/servo 512 497 : 2 -1 [] 0.035520817400183285
symfony/symfony 12109 11327 : 0.014779393746268297 0 [0.014779393746268297] 0.024173855781701017
symfony/symfony 22983 22968 : 0.21751897467085876 0 [0.21751897467085876] 0.9774100107037462
symfony/symfony-docs 5605 5188 : 0.9970852794904683 1 [0.9056360386523816, 0.9970852794904683, 0.928749852230783] 0.996488814765115
symfony/symfony-docs 7824 7770 : 0.2426456908926549 1 [0.2426456908926549, 0.13237457683894505] 0.6332329433763977
symfony/symfony-docs 5727 5695 : 0.9999816759004462 1 [0.8128910193608714, 0.9999816759004462, 0.9954922318740477] 0.21198545403454222
symfony/symfony-docs 3685 3650 : 0.2085946211130743 0 [0.2085946211130743] 0.9557404347990551
symfony/symfony-docs 4981 4644 : 0.786259108077704 1 [0.786259108077704, 0.7843865552508281] 0.5912234685814948
scikit-learn/scikit-learn 7350 5393 : 0.11990608339591344 5 [0.027298439239883867, 0.012998708497913881, 0.010752066177952702, 0.012790912266692427, 0.013908826598575178, 0.01130359321103544, 0.012458443370088973, 0.012576348512844778, 0.009638640979887455, 0.014200725676394188, 0.011857249648618638, 0.017928259231434554, 0.013489293928602826, 0.012711683677060527, 0.011715779153374394, 0.013316069570512918, 0.013544258503791356, 0.012562141909359812, 0.01605119386238277, 0.010571455878139133, 0.013454389476789029, 0.011624113436674115, 0.012546825847923944, 0.012990856377668286, 0.01391865250872216, 0.012691915658611521, 0.011466529840770996, 0.012597506559814826, 0.010613637264925797, 0.012568509087815538, 0.01280024851106379, 0.012740129484482731, 0.013337496395056962, 0.11990608339591344, 0.1195602330401731, 0.014279634052942566, 0.013992200275224955, 0.016961733302199387, 0.013706646756680032] 0.03845598564169335
scikit-learn/scikit-learn 6582 6376 : 0.9660347930985699 0 [0.9660347930985699] 0.9865613700235624
scikit-learn/scikit-learn 7978 7902 : 0.20032480997236962 2 [0.20032480997236962, 0.19406673048101664, 0.19510773311092183] 0.7190890359046946
symfony/symfony 19888 19614 : 0.5233789587481105 0 [0.5233789587481105] 0.4438800624781922
symfony/symfony 13636 13634 : 0.8751062505079692 0 [0.8751062505079692] 0.9965245271333758
symfony/symfony-docs 4221 4105 : 0.0617983702667685 0 [0.0617983702667685] 0.3905481776137665
saltstack/salt 32086 31660 : 0.33267763070384304 0 [0.33267763070384304] 0.6925372191279883
scikit-learn/scikit-learn 6717 1939 : 0.061727473438542416 0 [0.061727473438542416] 0.02671287577480405
symfony/symfony-docs 6150 5942 : 0.9489511964317883 0 [0.9489511964317883] 0.9829267929215474
scikit-learn/scikit-learn 7261 6028 : 0.9999999371254231 0 [0.96465872418685, 0.9967479786061475, 0.9999809993051978, 0.9959643199833593, 0.9839947826553576, 0.9999997140437059, 0.9999997286415465, 0.9999951759626223, 0.9853376275650464, 0.9880254691938865, 0.9999961061703712, 0.9882048369065316, 0.9860987209082235, 0.9999997894270892, 0.9999999371254231] 0.9371096966425357
scikit-learn/scikit-learn 3125 2694 : 0.12931294756993622 3 [0.12931294756993622, 0.08063839179403348, 0.09823038967439222, 0.027945147826816365] 0.5681175126962995
saltstack/salt 22626 22406 : 2 -1 [] 0.9701826621282837
scikit-learn/scikit-learn 7819 6077 : 0.9072328172324453 3 [0.7762720358635417, 0.9072328172324453, 0.14166515298665225, 0.07720572201671719, 0.06820118254200826] 0.6149653941945108
scikit-learn/scikit-learn 7011 7009 : 0.9999999396353041 1 [0.9999999396353041, 0.9970132634230129] 0.9999966216538589
symfony/symfony 12967 12963 : 2 -1 [] 0.9570172238210818
symfony/symfony-docs 6152 6089 : 0.9453834818453568 0 [0.9323495961063587, 0.9453834818453568] 0.8604924370573039
symfony/symfony-docs 1488 1013 : 0.7977115787266823 0 [0.3320193616710175, 0.7977115787266823] 0.9468437001955431
symfony/symfony 6603 6583 : 2 -1 [] 0.9879599060167595
symfony/symfony 6293 5401 : 2 -1 [] 0.9999990492472918
servo/servo 7232 6579 : 0.8826511629717335 1 [0.8826511629717335, 0.8255398571682466] 0.9999983642118827
servo/servo 14737 12154 : 0.9860696962072324 1 [0.9692547565596696, 0.578161913032004, 0.9614747035121592, 0.959567690761645, 0.9860696962072324, 0.9811352552579653] 0.9424707495516659
symfony/symfony 17434 16202 : 2 -1 [] 0.9971058422607252
symfony/symfony-docs 7800 7128 : 0.9895091179359815 6 [0.9895091179359815, 0.9794481847849901, 0.985962904755816, 0.9692880483858861, 0.9693303507654508, 0.8966316694554467, 0.8991520757489108] 0.9870067814456137
servo/servo 6823 6741 : 0.526796136940435 5 [0.526796136940435, 0.036178068455844835, 0.09391559818146539, 0.11601510220129292, 0.14006427700551582, 0.051671909949757316] 0.9327592559514772
symfony/symfony 9015 9002 : 0.9781634285399359 0 [0.9781634285399359] 0.9972791935621603
scikit-learn/scikit-learn 3735 3310 : 0.2634867801256435 0 [0.2634867801256435] 0.9285574268966815
symfony/symfony 13587 12355 : 0.1107857655039308 0 [0.1107857655039308] 0.9674182178649585
symfony/symfony 233 228 : 0.9967112049105842 7 [0.9967112049105842, 0.9902783056536594, 0.9876862715804863, 0.9844334298941244, 0.962662810989693, 0.4531071286786671, 0.9842644908339844, 0.974043561426938] 0.8046806045577626
symfony/symfony-docs 5214 4773 : 0.9956231255903532 2 [0.9956231255903532, 0.9882473224112391, 0.60744845270807] 0.9794115894612152
symfony/symfony-docs 3495 3477 : 0.9999842864315573 0 [0.9657466185485147, 0.9999842864315573] 0.9919016787392767
scikit-learn/scikit-learn 1961 1787 : 0.567062332918199 0 [0.33479124989279263, 0.567062332918199] 0.9540269922376772
scikit-learn/scikit-learn 7026 1742 : 0.8807469975649102 2 [0.6071123029105358, 0.10968918190396564, 0.8807469975649102, 0.043985134760088744, 0.7540164833449164] 0.14659489277672488
servo/servo 11235 11191 : 0.1230774302246197 3 [0.1230774302246197, 0.09655048981350305, 0.10649355635503488, 0.05610678962554725] 0.06031210133108531
symfony/symfony 11757 11431 : 0.6903949423232931 0 [0.17913835807048972, 0.6903949423232931] 0.8664166752511006
symfony/symfony 10179 8313 : 0.029185467846602465 0 [0.02880505427518844, 0.029185467846602465] 0.055288841409903276
symfony/symfony 15530 9682 : 0.9999938658937771 0 [0.9999938658937771] 0.9999997782871529
saltstack/salt 22510 22347 : 0.4811325915982515 0 [0.4811325915982515] 0.9836199321288734
symfony/symfony-docs 6283 6172 : 0.8957648047481935 1 [0.11217076070755158, 0.2955361424791163, 0.8957648047481935, 0.09941040738816524] 0.9194620255781356
symfony/symfony-docs 7344 6610 : 0.1717235123151441 1 [0.1717235123151441, 0.02335561254305331] 0.26379844517012446
symfony/symfony 8764 8213 : 0.9792138344337712 0 [0.9792138344337712] 0.9999997997636849
symfony/symfony 12773 11883 : 0.432115490102273 0 [0.013377727025073274, 0.432115490102273] 0.9878689254880412
symfony/symfony 11295 9719 : 0.9140163505136041 0 [0.9140163505136041] 0.997078909433282
scikit-learn/scikit-learn 7825 6307 : 0.8578939821758953 8 [0.23705603309613066, 0.035039451590609776, 0.40016560881917457, 0.2894308709674017, 0.04843349780686978, 0.4147177427392152, 0.04891049516587551, 0.3153404395877442, 0.2652843913846271, 0.8578939821758953, 0.06183403733561883, 0.3358581964107673, 0.059299189366838735, 0.061626340829533, 0.055269704665351464, 0.05428471608108827, 0.06381127441540875, 0.06821140971202326] 0.5313404120243609
symfony/symfony 17760 17372 : 0.999999024613842 1 [0.999999024613842, 0.9884080885165384] 0.9999998571959676
symfony/symfony 9148 7999 : 0.996079952647391 0 [0.996079952647391] 0.9786471624050637
symfony/symfony 11651 11516 : 0.9873405488105476 0 [0.9873405488105476] 0.9999997620002976
symfony/symfony-docs 2957 2904 : 0.9934573943641544 0 [0.9934573943641544] 0.9973337061068269
scikit-learn/scikit-learn 6307 5642 : 0.8994270094460789 2 [0.8994270094460789, 0.04355926102077719, 0.3302305798725769] 0.8704961744238499
scikit-learn/scikit-learn 6436 6431 : 2 -1 [] 0.9999999903766098
symfony/symfony 9377 8133 : 0.9999999985294586 2 [0.9999999985294586, 0.9946703086704094, 0.9999999953063275] 0.9999998930550913
symfony/symfony 15975 14235 : 0.9999999471161413 1 [0.9999999471161413, 0.9768189171273747] 0.98897198676895
symfony/symfony-docs 4591 4545 : 0.9972823963177665 2 [0.9972823963177665, 0.9174936817246426, 0.8905839195372866] 0.995334447475606
saltstack/salt 35382 35376 : 0.9999986052013391 3 [0.9957061059829555, 0.9999986052013391, 0.9933812476120875, 0.9881575957775066, 0.9961722769971216] 0.9999988835782455
symfony/symfony 5457 5391 : 0.9999995500003924 2 [0.9999995500003924, 0.9114066306207982, 0.9583418462693191] 0.9956388656705948
scikit-learn/scikit-learn 6087 5513 : 0.9962460013301846 1 [0.9942015773239543, 0.9957200089759601, 0.9947009004860666, 0.9962460013301846, 0.9949458411615706] 0.9999982859104916
symfony/symfony 19186 18788 : 0.9999925963660599 4 [0.9999925963660599, 0.9761662843190831, 0.9731356221877254, 0.9794863185596275, 0.9747368031227713] 0.9999903188536082
symfony/symfony 17543 10539 : 0.9999937723718224 1 [0.9999937723718224, 0.9999937723718224] 0.9999909626398342
symfony/symfony 5522 4937 : 0.9999998970711789 0 [0.9999997689450536, 0.9999998970711789] 0.9999995170139641
scikit-learn/scikit-learn 6313 5372 : 0.060704329555484327 1 [0.023317505887868937, 0.060704329555484327, 0.021743783928906742] 0.5454192631913718
scikit-learn/scikit-learn 5784 2073 : 0.9999990139317317 0 [0.9999990139317317] 0.9865034960486473
symfony/symfony 20858 20743 : 0.9999982049952408 0 [0.9999982049952408] 0.9999998584265687
symfony/symfony-docs 5946 5942 : 0.7271845817798296 0 [0.7271845817798296] 0.9957448366171919
symfony/symfony-docs 7830 7547 : 0.17380389817217434 0 [0.17380389817217434] 0.06111782792739233
symfony/symfony 10970 10179 : 0.999999885931489 0 [0.9999995804169551, 0.9999998816649397, 0.999999885931489] 0.9999969107148072
symfony/symfony 3057 3002 : 0.9947353722674996 0 [0.9947353722674996] 0.996692711354579
symfony/symfony 16177 16100 : 0.9999999820684661 1 [0.9999999820684661, 0.9999990712684085] 0.9999999794377207
saltstack/salt 22952 22951 : 2 -1 [] 0.938683336803304
scikit-learn/scikit-learn 8658 8436 : 2 -1 [] 0.9999987055920966
servo/servo 12384 10942 : 0.9999999605376458 0 [0.9999996556712041, 0.9999999605376458] 0.9999998451841663
twbs/bootstrap 21136 18462 : 0.01924501610713005 0 [0.01924501610713005] 0.0333620460764257
twbs/bootstrap 20745 19541 : 0.8803082184489952 3 [0.8803082184489952, 0.8039360130960852, 0.8358023285415176, 0.04463621328880077] 0.5
twbs/bootstrap 13519 13014 : 0.03375118178287155 0 [0.03375118178287155] 0.04692148783600355
twbs/bootstrap 15895 15801 : 0.999999847123491 1 [0.999999847123491, 0.9892436078596032] 0.9917712840934775
twbs/bootstrap 3610 3593 : 0.9778482248970296 0 [0.9778482248970296] 0.725476499429005
twbs/bootstrap 5445 5308 : 0.8952377787511473 0 [0.8952377787511473] 0.9285953021161074
twbs/bootstrap 20795 20174 : 0.9935347978099912 1 [0.9874987543952517, 0.9865973258683737, 0.9935347978099912, 0.9147135232005997] 0.9999991382517427
twbs/bootstrap 14360 13718 : 0.9957811233557176 0 [0.9957811233557176] 0.9955112332316617
twbs/bootstrap 11664 11215 : 0.9999992781712675 5 [0.8511430650400889, 0.9999992781712675, 0.9801205405723994, 0.9999967724648268, 0.965180662113805, 0.9594446260196657, 0.9319174186735285] 0.9952404486076962
twbs/bootstrap 13502 13014 : 0.6503719736220909 0 [0.6218653950355519, 0.6503719736220909] 0.9562625379003948
twbs/bootstrap 21044 20926 : 0.3070783213735081 0 [0.3070783213735081] 0.8562969574237655
twbs/bootstrap 16628 14552 : 0.9999999976892247 1 [0.9999999976892247, 0.9999997923133578] 0.9848732643718909
twbs/bootstrap 17080 17051 : 0.8590057043939547 0 [0.012203751638784942, 0.014447575664551904, 0.8590057043939547] 0.022732427988779447
twbs/bootstrap 19863 19387 : 0.6366903375529332 1 [0.6366903375529332, 0.03441285542558127] 0.8978395024384196
twbs/bootstrap 14630 13965 : 0.9999997398797216 1 [0.9999997398797216, 0.9999940500547776] 0.9967033555336565
twbs/bootstrap 13165 12604 : 0.9999995165548656 1 [0.9999995165548656, 0.9999935117485085] 0.9833297699148532
zendframework/zf2 4761 4749 : 0.9961276867721944 1 [0.9891329799397711, 0.9948864768684481, 0.9961276867721944, 0.9947793076835436] 0.9289871770359271
zendframework/zf2 5904 5802 : 0.9937628073425878 3 [0.9534909104891958, 0.691822768898286, 0.993394135294881, 0.9876567112802869, 0.9480665719151509, 0.9448830516685769, 0.6983622361279653, 0.9937628073425878, 0.974982631388799, 0.984403492631083, 0.7726581230708102] 0.04812305168351359
zendframework/zf2 754 747 : 0.9855569414181602 0 [0.9855569414181602] 0.9917562570869041
zendframework/zf2 5064 4973 : 0.999999996532605 1 [0.999999996532605, 0.9999998939133001] 0.9999992170970713
zendframework/zf2 6001 5386 : 0.015141799000330308 0 [0.015141799000330308] 0.9305517512993005
zendframework/zf2 7647 7583 : 0.9330339862789937 0 [0.9330339862789937] 0.9999846408038702
zendframework/zf2 1178 1165 : 2 -1 [] 0.9696487888283007
zendframework/zf2 5990 5983 : 2 -1 [] 0.9327072828495521
zendframework/zf2 3291 2973 : 0.9935130799215958 1 [0.9935130799215958, 0.9929059557375423] 0.999999950748624
