ceph/ceph 4276 4245 : 2 -1 0.9922198180721811
cocos2d/cocos2d-x 6951 6939 : 2 -1 0.8077110963067534
django/django 767 344 : 0.9872617893022511 1 0.9702026525909587
facebook/react 2121 1301 : 0.9999999119872707 0 0.9264388923645227
facebook/react 2512 2511 : 0.999986188336504 0 0.8196260763602885
ceph/ceph 4276 4245 : 2 -1 0.9922198180721811
cocos2d/cocos2d-x 6951 6939 : 2 -1 0.8077110963067534
django/django 767 344 : 0.9872617893022511 1 0.9702026525909587
facebook/react 2121 1301 : 0.9999999119872707 0 0.9264388923645227
facebook/react 2512 2511 : 0.999986188336504 0 0.8196260763602885
