pydata/pandas 21973 : [(21787, 0.8204750351417304), (21788, 0.8073130785572565), (21967, 0.7804110670410503), (21442, 0.646029770900193), (21772, 0.6135017022338696), (21957, 0.5093372424108339), (21893, 0.4602039647056005), (21683, 0.40266345027489325), (18732, 0.1956491399065796), (21387, 0.1715486899066854)]
pydata/pandas 21962 : [(5721, 0.36019095260281914), (4840, 0.3152798719500794), (5624, 0.24137209535819854), (13052, 0.19626598756287655), (2135, 0.18281510049136118), (13801, 0.16194944439480677), (9189, 0.16158152965326608), (6021, 0.14764054712603214), (4167, 0.1448089684259268), (18648, 0.14258448952906458)]
pydata/pandas 21960 : [(18163, 0.17253076457321728), (1098, 0.16169927573011908), (17507, 0.15813767311212149), (19628, 0.15194618105573535), (7934, 0.13303718446058296), (18461, 0.12884305752786596), (15934, 0.09258522196153217), (6530, 0.09134476963773558), (7130, 0.08556950531069034), (14645, 0.08285270274586462)]
pydata/pandas 21957 : [(18167, 0.877308941262084), (21966, 0.5130083957518978), (21973, 0.5093372424108339), (21893, 0.481515768111787), (11709, 0.3346523274496356), (21788, 0.2928330030905513), (11025, 0.20605326105488694), (21887, 0.19067588047170508), (13270, 0.16431686263908354), (10874, 0.15740295614846214)]
pydata/pandas 21954 : [(21930, 0.7961690976919996), (17865, 0.7922064751344344), (21614, 0.5492210601301006), (16575, 0.49385254325844263), (17201, 0.47271156965885813), (16523, 0.46205070093526657), (21332, 0.4381911702707065), (18459, 0.3798647901453451), (17820, 0.3676426550350491), (13360, 0.3413056227696251)]
pydata/pandas 21947 : [(15509, 0.9924434079600299), (10913, 0.763080451381831), (15004, 0.7384944669883916), (20165, 0.72448062535481), (12442, 0.6998875626268252), (12395, 0.6687699140008305), (7417, 0.6625677594474958), (19836, 0.6573234308268264), (17665, 0.6386826463814387), (21579, 0.596019577744615)]
pydata/pandas 21943 : [(15062, 0.7929290135180851), (20081, 0.6046229396967563), (18203, 0.4593147102371541), (16651, 0.3908777152772312), (17950, 0.30649904421553226), (18097, 0.3038232071769595), (21573, 0.29742812727638634), (20959, 0.294743691524387), (19766, 0.2931480454555113), (20098, 0.2896706991441263)]
pydata/pandas 21941 : [(15573, 0.8835766401659181), (3760, 0.883554025507283), (9826, 0.7143441337077806), (14868, 0.6695294631411173), (18788, 0.6467333813655466), (14667, 0.6445730640452931), (20858, 0.6411712912197544), (20227, 0.6386907614781846), (21735, 0.6318717603286115), (16487, 0.630848572529648)]
pydata/pandas 21933 : [(21851, 0.7451368617809667), (17827, 0.6795396655223273), (21394, 0.6737251716293814), (21680, 0.6471490636735977), (21874, 0.5751232501374854), (21613, 0.5643330493795512), (21865, 0.5546433148861727), (21314, 0.550591500354981), (20046, 0.5446923808238244), (17900, 0.5)]
pydata/pandas 21930 : [(21614, 0.9999925114430164), (18800, 0.9927359414231742), (21613, 0.9522769947898181), (18572, 0.9414754023230768), (18477, 0.935112885175915), (18458, 0.9111275895135216), (11135, 0.855406725509429), (18347, 0.8029092810277269), (21954, 0.7961690976919996), (19216, 0.6230958388224468)]
pydata/pandas 21928 : [(6167, 0.18178306972574124), (18106, 0.1268470391471005), (18081, 0.1268470391471005), (17873, 0.08655993896488867), (18033, 0.08038242350019967), (20028, 0.07920766822954468), (15567, 0.06795205128355851), (21674, 0.0665537055566036), (19561, 0.06611549528629206), (13986, 0.06562332703792462)]
pydata/pandas 21926 : [(21261, 0.388953457050157), (21503, 0.2964664048640179), (20465, 0.19596652738199713), (20793, 0.17473892890131112), (20223, 0.14958286079772895), (20322, 0.14782117111492785), (20321, 0.14782117111492785), (1226, 0.13394334055971152), (20707, 0.11419087878276844), (21935, 0.11308439553082915)]
pydata/pandas 21924 : [(13766, 0.6387820729382352), (13533, 0.5748135911042399), (20137, 0.5399486209388443), (4461, 0.4102456535207902), (6767, 0.3497053948017504), (14494, 0.330343179479009), (20526, 0.2731828720511738), (11980, 0.2606935320089223), (15029, 0.2521591594218183), (10628, 0.2514609063505781)]
pydata/pandas 21922 : [(20799, 0.7249339960699251), (20840, 0.5665113419914338), (21512, 0.5), (19119, 0.4801051772406714), (21185, 0.46359610483096514), (21191, 0.4595221295386045), (11705, 0.22469976743403913), (6391, 0.17614281224902617), (20790, 0.14785302675221737), (18665, 0.14628869885799461)]
pydata/pandas 21917 : [(20702, 0.8630410362723319), (20201, 0.7987001300047399), (9705, 0.7787560346523862), (9239, 0.6721214160879103), (20290, 0.6060592641256188), (16487, 0.6055463902857358), (20243, 0.5856838868653349), (20173, 0.5766087796887213), (14452, 0.5752803162872139), (20193, 0.5689358242988984)]
pydata/pandas 21906 : [(19469, 0.4690233695311192), (20155, 0.3981870292814941), (18827, 0.3640228943708506), (9721, 0.27003735757371833), (9321, 0.2643737946507773), (19502, 0.2617707659534337), (13499, 0.2082181935348941), (12479, 0.20659304934349473), (15782, 0.20005446448630468), (21547, 0.19950329872855102)]
pydata/pandas 21904 : [(21851, 0.4628586713710631), (21680, 0.4628586713710631), (18025, 0.4593407260163294), (21874, 0.45725971885404587), (21933, 0.43094082175967036), (21613, 0.4301758650886134), (21404, 0.4246320755135128), (17332, 0.41813472608388125), (21865, 0.39232523165246574), (21314, 0.3778369129015795)]
pydata/pandas 21903 : [(19558, 0.3817162570986115), (19268, 0.19481312517913468), (21702, 0.1545827072755688), (18643, 0.14291637720592226), (16326, 0.142232922351827), (5833, 0.1413711395914121), (18637, 0.13969301603617043), (15322, 0.13203897973565118), (17143, 0.12998792862824332), (19938, 0.12392892333630576)]
pydata/pandas 21902 : [(17622, 0.7909160102946181), (19085, 0.7599039431870921), (21107, 0.5394250327994166), (21124, 0.49405437831910165), (15237, 0.4183401431378593), (17897, 0.35372681391448624), (21442, 0.28793326625042903), (12249, 0.28438506316181567), (18491, 0.2747128052675792), (7743, 0.2584898195704428)]
pydata/pandas 21896 : [(17812, 0.4872388579915835), (1002, 0.4126213446194197), (18100, 0.3619302097268285), (21249, 0.3604715423108), (20129, 0.3091886745692353), (20120, 0.27800074249650225), (19216, 0.2609197258978702), (10421, 0.24695908401955874), (15527, 0.2387361215503499), (18617, 0.23742786578745337)]
pydata/pandas 21893 : [(19508, 0.9925206201889474), (20522, 0.691162199042021), (16858, 0.6461166788019335), (21699, 0.6299167319817663), (13014, 0.49185767018117316), (21966, 0.4893205907683386), (21957, 0.481515768111787), (21973, 0.4602039647056005), (18759, 0.40479881039178905), (12576, 0.3881573693895456)]
pydata/pandas 21879 : [(562, 0.8557575614657092), (18117, 0.8545917402818324), (19722, 0.8534804129835538), (19673, 0.8430070870011818), (5219, 0.8369348196200526), (20024, 0.7694051989297095), (8155, 0.7672202063747148), (12721, 0.705194941271167), (6217, 0.6904028920886307), (13865, 0.653402360261965)]
pydata/pandas 21874 : [(20864, 0.9748626195549326), (20861, 0.9663004863312815), (20863, 0.8787664530872354), (9387, 0.8186239724270951), (13690, 0.813512673205548), (17741, 0.6292951080860615), (21933, 0.5751232501374854), (13460, 0.5656377466535081), (21613, 0.5), (3646, 0.46390258345268526)]
pydata/pandas 21871 : [(15104, 0.8366036882076053), (15029, 0.8292527622993312), (9705, 0.8199706805078403), (20186, 0.7719037448738357), (9239, 0.765255177433384), (19894, 0.7353357148924441), (17332, 0.7309993396263073), (20216, 0.7293422504801557), (5208, 0.7164113640743737), (13678, 0.7053349172607314)]
pydata/pandas 21868 : [(21478, 0.5224925909687753), (19119, 0.5157729058630282), (21249, 0.5), (20156, 0.5), (21614, 0.46822406260641714), (21300, 0.44861228755921456), (1002, 0.3475772196105281), (19216, 0.3410938462120129), (15508, 0.31571026345965264), (21680, 0.31393991489133893)]
pydata/pandas 21865 : [(18163, 0.7515839313593977), (17332, 0.7082128143395517), (18461, 0.6963604589065546), (21851, 0.6618250388237641), (3180, 0.6554219251771662), (21680, 0.6138667804422911), (21314, 0.5748229657859764), (21933, 0.5546433148861727), (20046, 0.5459187593936436), (21613, 0.5255689986215956)]
pydata/pandas 21853 : [(12750, 0.90695316481656), (16216, 0.8285490512902784), (12376, 0.7864667473516709), (16247, 0.7581325779097746), (12595, 0.7332893989659015), (16431, 0.703849593608821), (17156, 0.6727329742397995), (16825, 0.6623063938354805), (20497, 0.622967644380977), (20996, 0.5328313652968206)]
pydata/pandas 21851 : [(17709, 0.9999993261172259), (21915, 0.9891508353978482), (11825, 0.9875747886130911), (21933, 0.7451368617809667), (21773, 0.6782272930422777), (16429, 0.6636491558547772), (21865, 0.6618250388237641), (14799, 0.6084842055509121), (21613, 0.5871634096209752), (19291, 0.5852468997720168)]
pydata/pandas 21849 : [(19914, 0.2841048921750964), (16895, 0.28320183588235187), (19919, 0.23854205231115228), (5452, 0.21092603786148614), (14075, 0.206376190708314), (20655, 0.1880403286805637), (15163, 0.17810022316006233), (14952, 0.17081960297963225), (20073, 0.16314183648632938), (6996, 0.1540263443667277)]
pydata/pandas 21848 : [(21702, 0.8375677645429948), (19979, 0.1456984772504573), (20394, 0.1325357876876697), (2848, 0.11999491786612805), (17077, 0.11488944415959856), (11822, 0.11067146871835833), (565, 0.10644486606714158), (14937, 0.09545481355559923), (17405, 0.08882123687614459), (9403, 0.08485461528782183)]
pydata/pandas 21847 : [(18209, 0.8204426943829866), (10082, 0.7338046709059609), (18617, 0.6929586990073748), (16967, 0.6476231131543494), (20248, 0.5862113446675067), (17017, 0.5647302247525697), (18268, 0.5532334203454257), (19781, 0.5516329291555223), (4271, 0.5414999528724302), (20241, 0.540701486924177)]
pydata/pandas 21840 : [(20216, 0.9518361300209721), (21039, 0.9331151638184519), (20165, 0.8527409220115041), (19836, 0.7490346340992843), (20270, 0.7454338347614045), (20176, 0.7307598943914007), (16941, 0.7240082205685574), (20137, 0.719604108116761), (21579, 0.7141766102069582), (20078, 0.711051618190942)]
pydata/pandas 21827 : [(19039, 0.9150044073525526), (19177, 0.8265544847727561), (17461, 0.8262983960380933), (17827, 0.801543178472083), (18085, 0.7874541179873064), (3876, 0.5864190495004348), (18194, 0.5805047471397939), (19128, 0.5506481257012554), (9028, 0.520982159071126), (19819, 0.5182435220474321)]
pydata/pandas 21822 : [(20465, 0.7606293925416552), (9116, 0.7081299704605188), (15589, 0.7003795728117339), (10216, 0.6938411579348652), (20103, 0.6837113822957546), (19640, 0.6794739140940246), (13961, 0.6467846613211069), (10615, 0.6085688214770347), (14405, 0.6041828041238941), (11813, 0.5990693041095986)]
pydata/pandas 21817 : [(17948, 0.8624680380111271), (21259, 0.8181998193160445), (21548, 0.5621225193766448), (18327, 0.3792537767734357), (21775, 0.3739590649611017), (18161, 0.3571894130809521), (21780, 0.32953156497989716), (21573, 0.32953156497989716), (21285, 0.32953156497989716), (20956, 0.32953156497989716)]
pydata/pandas 21814 : [(15465, 0.9584546908024311), (15464, 0.8667503433326651), (15807, 0.5074881814957846), (10423, 0.24605021355609796), (2840, 0.22569636093352727), (19775, 0.1623062351130723), (16303, 0.15791583500866277), (17253, 0.12121350648960394), (14406, 0.1124276108613638), (20045, 0.1061823416380192)]
pydata/pandas 21813 : [(2022, 0.8705472509875642), (19549, 0.8315632016718338), (15730, 0.5580759258724949), (17430, 0.46697340900549045), (16447, 0.461104827233373), (17253, 0.45167948829877524), (21098, 0.45132371029390134), (19109, 0.41767113418122553), (18849, 0.40769487251635733), (20274, 0.398452875627727)]
pydata/pandas 21807 : [(18815, 0.8994380981335156), (18758, 0.34490532340907926), (8102, 0.31447190081468174), (18906, 0.30101570669056066), (5992, 0.2591160110580628), (19031, 0.25753305358534717), (18684, 0.24770254171825004), (18017, 0.2416686320178704), (18725, 0.22844911215563812), (18275, 0.22422344048006254)]
pydata/pandas 21806 : [(19094, 0.7635762663466078), (21171, 0.6904064428776747), (18931, 0.6731339162309646), (14952, 0.4914840924897136), (15931, 0.4706853297344536), (16188, 0.4564681085288689), (19566, 0.39600704523155394), (20081, 0.38364967897780894), (16458, 0.3623956503763055), (19552, 0.35956668300815414)]
pydata/pandas 21799 : [(20725, 0.9426972561008143), (15335, 0.8028005290804181), (2149, 0.7296091846108291), (5354, 0.46319961063851994), (10913, 0.4459818108210453), (12043, 0.414376994883918), (7197, 0.391968875306853), (21645, 0.37775344225459934), (21314, 0.34824392246688884), (11550, 0.34022400781928686)]
pydata/pandas 21775 : [(20826, 0.866560231156104), (20961, 0.8433435263925234), (21773, 0.7441579198914087), (20372, 0.7431625416949621), (18436, 0.5670067265341036), (18279, 0.516060777444451), (19880, 0.5), (21481, 0.48976702801548183), (21457, 0.4414679373581573), (18525, 0.43455969915426007)]
pydata/pandas 21773 : [(21775, 0.7441579198914087), (19119, 0.7036655886776239), (21851, 0.6782272930422777), (16429, 0.6365691683288506), (21674, 0.6025494525655392), (10418, 0.5127853776312653), (21915, 0.5), (21780, 0.4948404614659301), (12974, 0.4633860465013226), (21871, 0.4486366216848252)]
pydata/pandas 21740 : [(18169, 0.8305114784948705), (20124, 0.7240961322866819), (21780, 0.6450084057906563), (21657, 0.6418064775957268), (17653, 0.5911881959709819), (19054, 0.566287123221766), (21082, 0.560801907210438), (21613, 0.5549905187642832), (15216, 0.5157580034163596), (21382, 0.5118785174898496)]
pydata/pandas 21703 : [(21702, 0.9643091314132806), (17405, 0.7747857478068901), (13803, 0.5357844544796851), (7545, 0.5115719664308711), (17713, 0.509251069685594), (2016, 0.4528487574769049), (17305, 0.3823438834562554), (6953, 0.34680260422622433), (15896, 0.31589655116785337), (17244, 0.30849333700351705)]
pydata/pandas 21699 : [(20203, 0.8498513812332866), (21022, 0.8159607000319589), (21893, 0.6299167319817663), (17137, 0.5647088548679484), (16123, 0.5393868398092161), (21582, 0.5), (17513, 0.5), (11352, 0.5), (10090, 0.5), (5390, 0.45516640614219317)]
pydata/pandas 21686 : [(21019, 0.9088580868016708), (19784, 0.8389759247075483), (14697, 0.6328706914614682), (13751, 0.5100228835480722), (21573, 0.46616197382515356), (8421, 0.3686485924145059), (21022, 0.3638924080784985), (20961, 0.30040192388789433), (14551, 0.2894061634442647), (7447, 0.2843036766602503)]
pydata/pandas 21681 : [(19525, 0.5772585454725316), (20356, 0.4169012876718178), (18674, 0.40849593640263315), (18352, 0.40155023704586884), (16275, 0.3681632391440175), (16436, 0.34434989099653984), (16786, 0.3349518636502923), (20777, 0.3072458036990371), (19073, 0.2964989774322113), (1997, 0.28951808308139737)]
pydata/pandas 21680 : [(21613, 0.7000925870834966), (21933, 0.6471490636735977), (21865, 0.6138667804422911), (21314, 0.5754372670734125), (17332, 0.551982319511621), (20046, 0.5345506966191674), (16021, 0.5), (17900, 0.48315788102511636), (21904, 0.4628586713710631), (21404, 0.4556914982904124)]
pydata/pandas 21669 : [(12607, 0.9918331563288627), (21251, 0.4811012057885301), (21223, 0.48009805452032345), (21367, 0.4664259237143484), (19979, 0.45832642347876873), (21812, 0.4009458425328102), (21261, 0.38426718646529195), (21944, 0.35264804029050945), (17547, 0.3146595931514885), (14816, 0.30974312052365593)]
pydata/pandas 21645 : [(6861, 0.772637185203437), (20117, 0.6459070332306558), (21314, 0.5107197608414694), (20480, 0.48725206926280923), (16364, 0.42944979271121725), (20114, 0.3931114908314565), (21799, 0.393004215344374), (21348, 0.35267887038114154), (7979, 0.35042215324628834), (18611, 0.34012350414815956)]
pydata/pandas 21611 : [(15535, 0.9608239901473208), (20399, 0.8501765486429219), (18610, 0.7553982276138113), (14950, 0.620577088642637), (21433, 0.5427978339981452), (15322, 0.5326510363425149), (16438, 0.4923062719365426), (21365, 0.4596659324170873), (21435, 0.4164329303615967), (21407, 0.4069333639536995)]
pydata/pandas 21607 : [(15535, 0.6451638970660036), (21433, 0.5427978339981452), (21365, 0.4651752651416248), (21435, 0.41660398877153915), (21407, 0.408049552922435), (21491, 0.37673985819419264), (15322, 0.3539021107771308), (17660, 0.3359802110838114), (21750, 0.28786476231702346), (20399, 0.25267834859218974)]
pydata/pandas 21599 : [(21944, 0.8463066919298069), (1017, 0.8129225565762318), (767, 0.8095951942302742), (11114, 0.8009067943387459), (16259, 0.6459941000460954), (21683, 0.6093945069091694), (20295, 0.5669868275612908), (9058, 0.561130773041851), (20223, 0.5580101352176627), (20322, 0.5579995672518775)]
pydata/pandas 21548 : [(14757, 0.9888625223223743), (21817, 0.5621225193766448), (21263, 0.5532826198763903), (16999, 0.5461946528991828), (21274, 0.5196034286076121), (21203, 0.5), (7910, 0.4670655365780045), (3154, 0.4651896580012344), (9134, 0.4634163665362209), (21022, 0.45062886479565967)]
pydata/pandas 21547 : [(9321, 0.9051677881047034), (19502, 0.9027422475950508), (18827, 0.7125207820655657), (20780, 0.6081487843133173), (5573, 0.5547140769890463), (14780, 0.5402701346625146), (17042, 0.5), (10047, 0.4068982462289746), (9721, 0.39480960852753894), (4534, 0.38316285816933593)]
pydata/pandas 21531 : [(18604, 0.47478125787323583), (16157, 0.375179881004923), (5149, 0.10761503357325194), (20873, 0.10011329178286626), (9348, 0.09697503287961699), (21300, 0.09241727124543817), (7388, 0.09224496771883112), (2276, 0.08346491484405871), (21400, 0.08346236896571915), (10454, 0.07971421102730006)]
pydata/pandas 21512 : [(17364, 0.8004720491245484), (21922, 0.5), (17885, 0.4875350226786567), (16133, 0.4811371455066126), (19119, 0.46016319038913633), (8396, 0.42271872605386307), (18652, 0.42148608635871165), (17119, 0.31972348212297386), (9933, 0.3070836665383635), (17953, 0.3013993181011364)]
pydata/pandas 21504 : [(16910, 0.904359449033925), (3856, 0.7656760398534469), (16908, 0.4756028340431502), (4931, 0.4559274850834457), (12487, 0.4329845078216588), (6705, 0.4329465654165606), (15173, 0.42645619287626235), (17589, 0.4032040487246527), (21879, 0.3871087880199116), (7923, 0.3685793614565637)]
pydata/pandas 21477 : [(15812, 0.9462505255020071), (15294, 0.8869323384301283), (21780, 0.5150454032531786), (12780, 0.5119651865927907), (17882, 0.4722356492251376), (14160, 0.4425223414824963), (18399, 0.4276676768099605), (20550, 0.41529007572706267), (6365, 0.4061173458648332), (19762, 0.4014641937520153)]
pydata/pandas 21472 : [(20102, 0.5219248972666909), (18536, 0.47802364923682283), (10975, 0.45342405102513855), (9182, 0.4298208248472952), (20637, 0.4199348805254845), (20220, 0.41786920943994665), (15909, 0.38514274125245695), (3154, 0.38489297311182574), (1246, 0.3765029521631691), (9136, 0.37299349827148603)]
pydata/pandas 21467 : [(20151, 0.9739830954664187), (18636, 0.9353939994246019), (21381, 0.7612561769695955), (17339, 0.7360186643431648), (20250, 0.5825367880063835), (21393, 0.552441266723775), (18810, 0.45952884466214783), (20784, 0.42396749102745657), (16815, 0.39200426880159767), (16721, 0.37633894223470993)]
pydata/pandas 21462 : [(18565, 0.43819050858982805), (18486, 0.315610692171228), (19719, 0.2754257165250935), (18567, 0.27212216426535757), (19820, 0.2645849920341957), (9916, 0.2446057829971074), (21942, 0.2133010811692327), (14504, 0.14876544818040718), (19734, 0.13633203084651288), (18312, 0.13271414207114005)]
pydata/pandas 21444 : [(21485, 0.6994074932596733), (21135, 0.6870304320576449), (21821, 0.5681949509148218), (21321, 0.5132939629093919), (21065, 0.5132899200796389), (21122, 0.4287968475603967), (19783, 0.4223477048236331), (21933, 0.35516798602473815), (21394, 0.31896938610977127), (19732, 0.30568068731801307)]
pydata/pandas 21406 : [(21314, 0.4736656782331531), (21933, 0.3733068954844963), (17900, 0.3562755147574661), (20826, 0.34702712472305375), (21851, 0.34410856864282285), (21680, 0.34410856864282285), (21613, 0.33191757283627704), (11330, 0.29187639789458225), (21874, 0.2818920388138627), (20046, 0.2675155804603051)]
pydata/pandas 21402 : [(19017, 0.7699410183329524), (19660, 0.5885336309617225), (18973, 0.4328877500300522), (19516, 0.39572659299331775), (19428, 0.25785594507807), (15464, 0.243027424747529), (19747, 0.23404896284121854), (15783, 0.16115719794283054), (19081, 0.1463276137568622), (20385, 0.13792873428463728)]
pydata/pandas 21401 : [(16948, 0.872828077949052), (8926, 0.745592540642978), (17882, 0.7289097688855142), (21223, 0.7158074234742285), (21251, 0.6458049946957616), (19664, 0.5956025314676988), (10253, 0.5877436368811736), (20779, 0.5856529845341553), (18300, 0.5413921403591755), (15423, 0.5125348991619192)]
pydata/pandas 21394 : [(19736, 0.8080507737579048), (21933, 0.6737251716293814), (19732, 0.6456138265189407), (18405, 0.49481618950186246), (21082, 0.4647776592694022), (19819, 0.4432001252100897), (19783, 0.43765945216383767), (21348, 0.42451097237720264), (21606, 0.4126213446194197), (21582, 0.388842263454501)]
pydata/pandas 21384 : [(19732, 0.6633997568228501), (13847, 0.6130634796085085), (21016, 0.5632352735554484), (21001, 0.5246042401430032), (17937, 0.5197054303828568), (13183, 0.5182719806266026), (17827, 0.4784310560354774), (21212, 0.47625793136808425), (21098, 0.4720024076815081), (21291, 0.4414474886963783)]
pydata/pandas 21381 : [(16815, 0.9907222283510368), (21467, 0.7612561769695955), (14807, 0.7472698816310417), (18810, 0.6548485245197788), (16721, 0.6449506920111966), (17062, 0.57154845001585), (16142, 0.5456628273298042), (17489, 0.5424026591344945), (15511, 0.5420395526614877), (18636, 0.5181243482155194)]
pydata/pandas 21348 : [(21082, 0.9080019506869742), (21145, 0.7835273963171377), (21195, 0.7694240912550993), (21182, 0.7569693284778952), (15041, 0.7563949201597837), (21645, 0.7243873560307488), (15216, 0.5134432667189), (15694, 0.5088352443733447), (18169, 0.5073826809192584), (21780, 0.49042900824159946)]
pydata/pandas 21323 : [(13441, 0.7298043739652581), (12376, 0.6799521716670721), (13002, 0.6285650795343977), (20956, 0.5448915702185403), (18952, 0.472410981823548), (21631, 0.42976133014054835), (16651, 0.37506201216509827), (21853, 0.2903893289415267), (6997, 0.2579780309360232), (21072, 0.2507958045294768)]
pydata/pandas 21302 : [(18135, 0.9938151768952747), (18134, 0.9933890035144332), (20166, 0.9858486913583956), (20169, 0.8978473183335276), (1487, 0.8053722667106372), (19899, 0.7624201977412665), (10220, 0.6768095563838595), (2565, 0.6268758785717884), (918, 0.5712251976470992), (10717, 0.5391901130525537)]
pydata/pandas 21284 : [(4957, 0.2869232811480244), (13200, 0.22545759586302463), (12916, 0.18385652586596055), (19327, 0.17611198670222658), (20595, 0.15513963586944685), (17465, 0.15051417600283287), (12365, 0.15025343305487548), (5507, 0.1438177824114733), (15232, 0.14149905249896982), (14845, 0.13203619868198258)]
pydata/pandas 21238 : [(15892, 0.5902607412314871), (21362, 0.5548121185150348), (21198, 0.4621023311492704), (21162, 0.45528326309374373), (21313, 0.41813161782046354), (17840, 0.40931532902021056), (757, 0.3941427831401522), (20968, 0.39376851124114), (21001, 0.3798180467525411), (21116, 0.37662976204811655)]
pydata/pandas 21235 : [(19919, 0.9545746364480363), (20655, 0.6854240011783691), (21212, 0.6561096927325336), (20310, 0.5375754486584984), (6909, 0.5069764821330339), (11150, 0.3519277389971258), (19897, 0.2841407263797905), (19410, 0.26986905293522506), (20069, 0.23695750717424274), (1281, 0.22245881036017967)]
pydata/pandas 21224 : [(19350, 0.6206209007504112), (14668, 0.5191680787163973), (21853, 0.5), (19670, 0.4763135571472163), (21062, 0.3927954428454839), (18637, 0.34384684545677996), (18754, 0.32183338233560116), (20288, 0.2838596035075505), (21033, 0.28366464504128236), (19849, 0.28152767058964817)]
pydata/pandas 21223 : [(21401, 0.7158074234742285), (21251, 0.5767212617710643), (19979, 0.5426125084112526), (19488, 0.534267334294025), (16275, 0.4814410800095032), (21669, 0.48009805452032345), (21261, 0.4216626871828579), (21339, 0.41553811330669604), (20729, 0.39472600913416817), (21871, 0.36817433439419284)]
pydata/pandas 21177 : [(18164, 0.7805427514849467), (15589, 0.6481045368808439), (18677, 0.4754694649120782), (20465, 0.4473956791002666), (12803, 0.44415001134552434), (20131, 0.3831673051751983), (18461, 0.3817963703932485), (20094, 0.35124693144424385), (11813, 0.32895386124133486), (20413, 0.31489092996889806)]
pydata/pandas 21175 : [(17570, 0.8628895382462107), (21198, 0.6687055416549735), (19651, 0.6200121643465619), (14769, 0.5720179186525958), (12910, 0.5384466712618629), (12796, 0.526659216536617), (9472, 0.47949981273463954), (8247, 0.41822602596546343), (12778, 0.3837361503258791), (10655, 0.3398626414445192)]
pydata/pandas 21171 : [(21423, 0.9554666431362975), (21806, 0.6904064428776747), (21794, 0.5437984661816808), (21769, 0.4850150185404276), (7313, 0.44181815275559083), (21787, 0.4309454796526406), (14952, 0.4223091543939063), (10132, 0.33914822932728483), (16028, 0.33138285879545537), (6068, 0.31571004013111)]
pydata/pandas 21160 : [(20502, 0.5961534977096671), (21260, 0.5352503960957895), (5127, 0.5), (19957, 0.4239209623706775), (19869, 0.4075276489896358), (19909, 0.3839411727650786), (19907, 0.3695546893865724), (20361, 0.33024850573119696), (20746, 0.30513727730038226), (20815, 0.24061261104721607)]
pydata/pandas 21145 : [(16324, 0.8859115954841328), (12929, 0.8830610211823275), (16346, 0.8658052549883309), (21182, 0.8545188706739777), (7627, 0.8119204631840354), (21195, 0.8069810438657494), (21348, 0.7835273963171377), (9445, 0.7740919387088124), (6364, 0.6567689330461156), (20124, 0.6263780390047107)]
pydata/pandas 21123 : [(21688, 0.6555473884346581), (576, 0.48618129136432064), (21300, 0.4459649504188067), (21647, 0.43713381136211843), (21316, 0.41758768496466064), (9996, 0.41297053468407013), (18517, 0.4031853499040602), (21279, 0.3817034601295564), (21281, 0.37559453453859093), (21582, 0.37527303483788277)]
pydata/pandas 21082 : [(21348, 0.9080019506869742), (14044, 0.8627877741160884), (15041, 0.7210133837450077), (13462, 0.7008068034646847), (20191, 0.6748879722786052), (18169, 0.6167992097440518), (13178, 0.5993037560464486), (18902, 0.5962885283312903), (2551, 0.5777952062355184), (21740, 0.560801907210438)]
pydata/pandas 21039 : [(20165, 0.9849073536217355), (20078, 0.9837233036834849), (20216, 0.9791837479105415), (20472, 0.9746945300348241), (19836, 0.9705502197815531), (20192, 0.9478179030673856), (6489, 0.9417446095426032), (21840, 0.9331151638184519), (20226, 0.9321526434760447), (16948, 0.9309262763749329)]
pydata/pandas 21038 : [(20960, 0.9085863377542788), (20858, 0.885399830424856), (20250, 0.8648949225727608), (18718, 0.8368805246953421), (20430, 0.7974857669603678), (17677, 0.6970996857966527), (14430, 0.6730411230904324), (5293, 0.6704693579000389), (17215, 0.6682410698285315), (16341, 0.6555518793134198)]
pydata/pandas 21034 : [(10628, 0.8938877379556646), (21579, 0.8806042476889347), (15789, 0.8765726724790763), (12442, 0.8735480003081215), (10996, 0.8647587636322216), (15004, 0.8608853224229066), (18749, 0.8592665946413857), (17461, 0.8582052475805042), (17230, 0.8433313116801523), (16948, 0.8313687251604814)]
pydata/pandas 21019 : [(21686, 0.9088580868016708), (21132, 0.6796239614324184), (5415, 0.6545134605203966), (21342, 0.5329413844936347), (18075, 0.5079582753378776), (16123, 0.4860242198108362), (21025, 0.45120659298841337), (20203, 0.4312294539003943), (12531, 0.4278398164606011), (19717, 0.4195768334547085)]
pydata/pandas 20974 : [(15570, 0.9138784372556571), (20201, 0.8552032815537808), (3084, 0.7689664266861119), (20250, 0.7501501157971532), (19730, 0.733425840084274), (1244, 0.7267662994479768), (12193, 0.7157742845221574), (21541, 0.7084005072452735), (1984, 0.6738389038446858), (15528, 0.667420634092148)]
pydata/pandas 20965 : [(14886, 0.8920877681063806), (20237, 0.8831898423576191), (16430, 0.8367756635107269), (20972, 0.8319043685361993), (18266, 0.6567091652403236), (18268, 0.6356757305618073), (14449, 0.6271862929193136), (2151, 0.618529909079738), (21544, 0.6173710527934347), (20858, 0.6132271670899694)]
pydata/pandas 20913 : [(20864, 0.9999954175876553), (20870, 0.9969744730373422), (20199, 0.9924137893648804), (20897, 0.990133217837621), (20863, 0.9803531834259851), (20630, 0.9789581946019243), (20667, 0.9786646489481167), (20463, 0.9744631974870892), (20282, 0.9707791256605457), (20307, 0.9663621422071534)]
pydata/pandas 20880 : [(21889, 0.8317414896751022), (21888, 0.8317414896751022), (19951, 0.7948585376544135), (16330, 0.6708320628566138), (13491, 0.6112774634412949), (5245, 0.5593232139032188), (20005, 0.5575607456272251), (16456, 0.5307450366365795), (21914, 0.5287580123095822), (8583, 0.5189394100403215)]
pydata/pandas 20851 : [(9043, 0.5), (9303, 0.4740505711532357), (2066, 0.4683414217761568), (18399, 0.4565862361887741), (18126, 0.4371436093400221), (5040, 0.43357651782293316), (19180, 0.43337322947020074), (13187, 0.4269403639519033), (19279, 0.4199348805254845), (19264, 0.4199348805254845)]
pydata/pandas 20830 : [(16003, 0.5), (9191, 0.4476401820513471), (11913, 0.4051499395384504), (11173, 0.3859554245831201), (21438, 0.3597816433086623), (15897, 0.3597816433086623), (16140, 0.352569577940232), (8483, 0.3475772196105281), (6179, 0.322899816055787), (18934, 0.32225201958754757)]
pydata/pandas 20826 : [(21775, 0.866560231156104), (18402, 0.8567481385189731), (21915, 0.5777158030612102), (14533, 0.5663661993992801), (20644, 0.5651437840749682), (21867, 0.5249607925467003), (19413, 0.5100487117850764), (14030, 0.493683861518757), (18604, 0.48888899959089704), (19048, 0.4248135798158445)]
pydata/pandas 20809 : [(19973, 0.5), (18923, 0.46636669403089775), (18902, 0.45845999186570624), (13846, 0.4398774178460263), (17878, 0.43798610065271537), (13899, 0.43001453410159607), (19709, 0.4264119076773545), (13514, 0.39609329954623756), (19849, 0.3842536750736205), (19938, 0.3763687777627172)]
pydata/pandas 20806 : [(18933, 0.8629620758343558), (20191, 0.8056753582545416), (19330, 0.7946776326077037), (2551, 0.6865414147017894), (12291, 0.6728805939810593), (17840, 0.6641861576443792), (3708, 0.6453069519823347), (4727, 0.5847439602816321), (4911, 0.5808630109923194), (19802, 0.5474191804346497)]
pydata/pandas 20802 : [(21614, 0.7147754027320485), (13868, 0.5367709008421211), (18800, 0.5222136827886867), (18517, 0.5), (16408, 0.4805965945026283), (11135, 0.44143173582461515), (15987, 0.43850465970268504), (18258, 0.4004096846552465), (19541, 0.3692671223327669), (16001, 0.35037095852564437)]
pydata/pandas 20796 : [(21285, 0.5227864339915029), (15081, 0.4498029673174391), (21314, 0.4382949939337153), (21427, 0.4143700244045975), (723, 0.4126213446194197), (20049, 0.4058463767212008), (10857, 0.39864373881419135), (6761, 0.39105623939621537), (17491, 0.34237405415578276), (6765, 0.28621756040400553)]
pydata/pandas 20784 : [(16325, 0.7419916573498943), (21252, 0.6492664958809811), (19230, 0.5088518908860482), (21467, 0.42396749102745657), (18810, 0.3827675197797478), (17062, 0.3751404582273037), (16721, 0.3465317800413578), (17489, 0.346321871940708), (21381, 0.33607819145446516), (4830, 0.29518117754600876)]
pydata/pandas 20727 : [(2169, 0.8342325199440377), (17730, 0.766198616319803), (20860, 0.6273347282534127), (20593, 0.6227373854682433), (16219, 0.47181394488734407), (17360, 0.44404833429975016), (18392, 0.4332267108083568), (2032, 0.4187159581502553), (19772, 0.41461213795866775), (14753, 0.4139612042414508)]
pydata/pandas 20670 : [(15658, 0.8444566789863743), (15639, 0.6934735803112829), (19410, 0.4677394865015045), (20091, 0.44289106724304206), (19251, 0.4401373305929366), (19152, 0.4174430778927961), (18961, 0.412761971761338), (15422, 0.4068886847935004), (19135, 0.40538879186544635), (19253, 0.39644234550511526)]
pydata/pandas 20646 : [(20147, 0.9972442923628694), (17677, 0.9410808432322257), (4150, 0.8141436484302574), (18148, 0.8098561916563347), (6211, 0.5433308614443498), (15521, 0.5), (4144, 0.4944314549979206), (20292, 0.4724972699844391), (3649, 0.36229305312428994), (17030, 0.3361748671928289)]
pydata/pandas 20644 : [(14533, 0.8346655366928298), (19048, 0.7292159490458673), (18116, 0.6675517036562453), (17643, 0.6474824109195165), (19373, 0.6335678115868361), (17783, 0.5692077246296914), (20826, 0.5651437840749682), (17891, 0.5459495581409161), (18889, 0.46576733103186013), (13249, 0.261259217688871)]
pydata/pandas 20637 : [(21472, 0.4199348805254845), (5045, 0.31364233757817145), (17501, 0.14211093141382694), (12168, 0.14041941048573933), (21974, 0.11179940838740288), (10845, 0.10594329110128023), (18995, 0.10331572066062655), (15456, 0.08589307990322906), (4162, 0.08498618400634957), (5343, 0.08385993578618059)]
pydata/pandas 20634 : [(20630, 0.9963904459617722), (20667, 0.9960888223181811), (20273, 0.9933251393440498), (20463, 0.9926699050476142), (20282, 0.9917663154912391), (20307, 0.990705107359154), (20628, 0.989654815172746), (20458, 0.9888595784750049), (20491, 0.9866792315461528), (20154, 0.9854444220381335)]
pydata/pandas 20623 : [(12184, 0.36430873224486277), (20185, 0.32028233305012616), (18392, 0.3114887717561237), (10131, 0.29624191903335917), (6302, 0.27921540056468963), (735, 0.2589071578635382), (11591, 0.2522912504468181), (16478, 0.24599425303057662), (10493, 0.241747665060371), (11237, 0.22077285618096262)]
pydata/pandas 20618 : [(20273, 0.9930575161071132), (20630, 0.9798051262651704), (20667, 0.9797145780921566), (20463, 0.9795690415593719), (20282, 0.9781713058119906), (20307, 0.9777107991271541), (20870, 0.9754152872626067), (15210, 0.9753097106046626), (20628, 0.9638746971541665), (21026, 0.9605641567788641)]
pydata/pandas 20615 : [(20242, 0.7157449231350947), (16967, 0.7001617480530448), (2799, 0.6314781042651073), (20107, 0.6243579157283501), (3664, 0.6069461850048805), (10300, 0.5427978339981452), (15574, 0.519037281239726), (14063, 0.5188031864451029), (2214, 0.5154860936647772), (16961, 0.512635406600203)]
pydata/pandas 20595 : [(20705, 0.9683109036397943), (20537, 0.9570356392838364), (17844, 0.8426889387061468), (20873, 0.8282440137527947), (2675, 0.8198618328350539), (17670, 0.7567631906408184), (5634, 0.7280869227674148), (1050, 0.69294850279312), (16666, 0.6778859037735), (14791, 0.6727574363201985)]
pydata/pandas 20590 : [(18761, 0.9833571852909484), (21348, 0.39514980030481917), (13996, 0.2333599189487713), (2638, 0.23221978019256534), (13771, 0.2166563939893641), (9292, 0.1830812462704767), (21688, 0.14539973563808248), (3205, 0.1249745901619342), (20979, 0.11721964874748517), (21600, 0.11190279807859542)]
pydata/pandas 20587 : [(19652, 0.9954404007229559), (20946, 0.9870963348874419), (19231, 0.9580108380284404), (17753, 0.9445519051908395), (19022, 0.9305759675314383), (19353, 0.8785386716885447), (21711, 0.8284349513791687), (18805, 0.8009062309851258), (20188, 0.7608136767101458), (18585, 0.7427076864610839)]
pydata/pandas 20572 : [(20446, 0.9071388763537176), (21728, 0.8346282613547966), (20118, 0.6844013227168565), (18726, 0.6060881665799004), (16208, 0.6005966343726598), (16952, 0.5992871865258346), (13867, 0.5945309460030773), (20371, 0.5505664152749395), (17231, 0.3543139816160593), (18695, 0.3340123632181644)]
pydata/pandas 20562 : [(5383, 0.9132936142190388), (10422, 0.6095564761307726), (17452, 0.5199146704863208), (17318, 0.4790564214834251), (18174, 0.3846567128246984), (17584, 0.3413679117590787), (12847, 0.317250006895219), (18762, 0.3051565867294035), (13890, 0.29136660792936), (14685, 0.27195488813901936)]
pydata/pandas 20534 : [(19135, 0.8661646139021407), (19894, 0.8362036410755455), (18629, 0.7356268939867285), (18216, 0.7260518132291672), (18155, 0.5832264700181023), (20047, 0.5315496193611895), (19525, 0.48248985214992673), (18810, 0.48248985214992673), (19118, 0.46829703360952835), (19948, 0.4639968952561699)]
pydata/pandas 20514 : [(20396, 0.651239280979955), (19594, 0.636252536204229), (16761, 0.6062762163031644), (19722, 0.5051930393859152), (7578, 0.5), (19673, 0.4845832825768094), (19107, 0.4576853155428524), (16273, 0.4566537249831594), (5753, 0.44392330739900965), (3276, 0.4192191344281385)]
pydata/pandas 20480 : [(18604, 0.8530119016957871), (6302, 0.8396262235698202), (16672, 0.8395909901633226), (16658, 0.786400339352466), (9070, 0.7738360196244192), (9450, 0.71505373697781), (18753, 0.6918199584643125), (18507, 0.6864928796728481), (7565, 0.6704657391771182), (16442, 0.6416225151356427)]
pydata/pandas 20475 : [(19488, 0.34930877439555763), (21223, 0.3151526106499093), (16786, 0.294031155844612), (19160, 0.29089798804540096), (18524, 0.2645692571180804), (19401, 0.25867184625290585), (17556, 0.256320862707465), (21568, 0.23511430785223833), (16275, 0.2328541611986031), (2688, 0.23068213452646574)]
pydata/pandas 20472 : [(20430, 0.996254841773204), (20858, 0.992605839940036), (20487, 0.9899984975929776), (20489, 0.9780457811766123), (21039, 0.9746945300348241), (10082, 0.9538150096187418), (20192, 0.9525606423915899), (20465, 0.9195987417129292), (20161, 0.9149602292637152), (20146, 0.9141714441833014)]
pydata/pandas 20465 : [(20131, 0.9999978675551509), (20094, 0.9999881427600579), (20093, 0.9999862970748402), (20050, 0.9957243550305209), (20096, 0.9924729597482365), (20274, 0.9922202505993675), (20275, 0.991963275066079), (20181, 0.9913002464810108), (20161, 0.9906102858439373), (20146, 0.9904374280166071)]
pydata/pandas 20460 : [(15527, 0.9999993737159054), (10082, 0.5963791328426057), (14591, 0.5931375414138977), (20472, 0.5406918692320313), (4346, 0.46208077903071076), (20691, 0.45987130200146126), (21039, 0.4210050403173036), (6747, 0.36518459951490523), (807, 0.33202334099911585), (20310, 0.28346961063067017)]
pydata/pandas 20450 : [(20238, 0.992493510252499), (20286, 0.9897504792624935), (20248, 0.9830822894147058), (20242, 0.9812632173868474), (20215, 0.9762720734934291), (20443, 0.9761524814017108), (20107, 0.9745690921966124), (20156, 0.9729889056885813), (20247, 0.9694342204609963), (20220, 0.9657154384194048)]
pydata/pandas 20429 : [(18795, 0.6104567253869226), (20537, 0.4418448382013085), (20595, 0.4418448382013085), (7338, 0.3982347445380632), (19670, 0.39621815797839044), (20806, 0.3375034611763726), (20480, 0.30463564031071744), (4673, 0.3034526800020428), (18753, 0.28833891059086647), (20681, 0.2789907202822653)]
pydata/pandas 20415 : [(20246, 0.9962245398063155), (20406, 0.9915095144020678), (20358, 0.9837765926821613), (19675, 0.9699425492436624), (20077, 0.9168515079866116), (19972, 0.8880978509223398), (19515, 0.881337776726258), (20364, 0.8647158051053903), (17980, 0.7925816590211172), (18832, 0.7709295245904678)]
pydata/pandas 20405 : [(21879, 0.8280081467685999), (14075, 0.6107930867620914), (8128, 0.6026258111909611), (20098, 0.5443396544046122), (5452, 0.5338275420439216), (19069, 0.5255241152374736), (20073, 0.5188414315233094), (18833, 0.5), (18479, 0.46961776778796466), (13192, 0.46566425602428396)]
pydata/pandas 20400 : [(19833, 0.976343042748824), (19890, 0.9736546592099017), (16982, 0.6477949801226534), (20947, 0.6178095126149014), (20956, 0.596588851006801), (19894, 0.5600171150099308), (18810, 0.526578581783683), (18783, 0.5), (20047, 0.48159423037220983), (19525, 0.48159423037220983)]
pydata/pandas 20381 : [(20379, 0.9999999945627812), (20083, 0.9999999916730438), (17498, 0.9929899734003947), (16973, 0.9375419963628405), (15093, 0.8628226669206331), (20472, 0.8036018463462562), (20322, 0.7875378330636316), (20321, 0.7875378330636316), (20223, 0.7855157305843917), (16152, 0.777548815716499)]
pydata/pandas 20374 : [(4494, 0.9089161669017645), (20708, 0.8945034036363014), (20910, 0.890966199155962), (20222, 0.7996814911945055), (20131, 0.7979683999639916), (20228, 0.7941576531981325), (20379, 0.7920152211118492), (6380, 0.7662034260829996), (20381, 0.7451732413505509), (5850, 0.7308134805412027)]
pydata/pandas 20356 : [(17897, 0.6039565961301762), (17147, 0.5522540715193818), (19073, 0.5), (20287, 0.4681625204826126), (6363, 0.45206316939822744), (21681, 0.4169012876718178), (20777, 0.3639616195942795), (130, 0.33150287089392527), (20584, 0.30765594829548926), (20195, 0.3012137737689565)]
pydata/pandas 20270 : [(20226, 0.9963703565805855), (20216, 0.9934096574116138), (20126, 0.9895143284786819), (20336, 0.9873278224454924), (7553, 0.9871638541446957), (10418, 0.9847526358958707), (20310, 0.9840892721407216), (20212, 0.9835875174209102), (20368, 0.9830169805328894), (20262, 0.9815054077840858)]
pydata/pandas 20241 : [(20201, 0.9953887296450336), (20221, 0.989497760841129), (18788, 0.9885285712411489), (20259, 0.9864077552588559), (20250, 0.9858914720096591), (9769, 0.9830334600743872), (20227, 0.982268981765168), (20202, 0.9820722575780256), (20193, 0.9815041443276055), (20245, 0.9813138933042607)]
pydata/pandas 20234 : [(16553, 0.9895086020233601), (7721, 0.9665271429736796), (19826, 0.9094948542779242), (21935, 0.8809213664587874), (20295, 0.8312895576337571), (10051, 0.8182992915215604), (19659, 0.7655931747600468), (13079, 0.7611653303771251), (13941, 0.7398334782580965), (13071, 0.7093880625385172)]
pydata/pandas 20226 : [(20270, 0.9963703565805855), (20313, 0.9953601888097129), (20165, 0.987104427098945), (20078, 0.9869381045589213), (20164, 0.9856825431522886), (20185, 0.9841953835613666), (20315, 0.9832975127530724), (20256, 0.9826569800652611), (20176, 0.981935222340952), (20148, 0.9818748906478451)]
pydata/pandas 20218 : [(20275, 0.9999995294843408), (20278, 0.999998968245343), (20279, 0.9999988943466531), (20181, 0.9999967329095631), (20161, 0.9999960746831624), (20146, 0.9999944887045024), (20274, 0.9999933898956042), (20184, 0.9968599171399016), (20150, 0.9839652962239863), (16501, 0.9169415796089043)]
pydata/pandas 20213 : [(20182, 0.9999998236174965), (20187, 0.9999976766049571), (20103, 0.9921922101085723), (20189, 0.8983310660769386), (20131, 0.7343570622431308), (20465, 0.7241463503669506), (20094, 0.7134144175950174), (14452, 0.6724265563416685), (20630, 0.6231992421579938), (20050, 0.6211872265685678)]
pydata/pandas 20211 : [(20322, 0.9970931954241832), (20192, 0.9938821601066775), (20167, 0.9937861519040402), (20231, 0.9907693247041689), (20344, 0.9902107158129073), (20223, 0.9813149269728938), (20321, 0.9800757467280158), (20168, 0.9769442241893369), (20210, 0.9758882494347136), (20299, 0.9748671282072782)]
pydata/pandas 20203 : [(21369, 0.9868247256544025), (20286, 0.9862134691569034), (21506, 0.9788360348438997), (21618, 0.9767411049084476), (21493, 0.9720278612075886), (16123, 0.9605707289949584), (21025, 0.9546085506096154), (20167, 0.9445150443810463), (18116, 0.9409908357344752), (21107, 0.940494859808937)]
pydata/pandas 20200 : [(20134, 0.9950840135715799), (20269, 0.9940513472194679), (17203, 0.9891447341996006), (20222, 0.9814921034438572), (18922, 0.9778916783188616), (20185, 0.9752366152783546), (20149, 0.9661160218599129), (21274, 0.9656582075942293), (20226, 0.9639563515702666), (20313, 0.9583980342441385)]
pydata/pandas 20195 : [(11203, 0.9966695111968001), (20259, 0.9903543849055004), (20250, 0.9898275850321396), (20221, 0.989077889928412), (20202, 0.9889835889929882), (16487, 0.9879094574813222), (20209, 0.9870859400429579), (20193, 0.9867618453238944), (21403, 0.985629050895545), (20162, 0.9856190802425897)]
pydata/pandas 20188 : [(17714, 0.9947965147181942), (21649, 0.9936734879443846), (17706, 0.9929225061273581), (20946, 0.9893115327003899), (18585, 0.9848112369397533), (18805, 0.9687043534024719), (19329, 0.9555121702101002), (18757, 0.9276065259397183), (21711, 0.9245487818788732), (18340, 0.9229334786047323)]
pydata/pandas 20185 : [(20313, 0.986842224604567), (7566, 0.9849602618851733), (20226, 0.9841953835613666), (20200, 0.9752366152783546), (20216, 0.969847665016352), (20206, 0.9684896552567157), (20164, 0.9656966934069307), (20078, 0.9626656576333104), (20289, 0.9622578756481608), (20176, 0.9611564534694634)]
pydata/pandas 20170 : [(20121, 0.9999974419685389), (20163, 0.9970397406519359), (20373, 0.9952738010276666), (20155, 0.995170779494121), (20158, 0.995013308833101), (20133, 0.9921594563713428), (20236, 0.98911186338667), (17922, 0.9889349005560243), (20157, 0.984627649415196), (20118, 0.9826746780317819)]
pydata/pandas 20156 : [(20086, 0.9958209051705268), (20247, 0.9873336569229809), (20248, 0.9864472314159366), (20238, 0.986296856095909), (20215, 0.9860500808364113), (20107, 0.9847803749495173), (20443, 0.9809041756457096), (20450, 0.9729889056885813), (20220, 0.9711674452108467), (20175, 0.9678716735118086)]
pydata/pandas 20153 : [(20154, 0.9999907324481591), (20171, 0.9970939337694639), (20199, 0.9964674266380128), (20141, 0.9937546162880965), (20630, 0.987947030457735), (20667, 0.9856468008514504), (20273, 0.980777576073554), (20463, 0.9757322252859496), (20634, 0.9750132020485066), (20307, 0.9730480174953126)]
pydata/pandas 20151 : [(21467, 0.9739830954664187), (20140, 0.9032500136218942), (18636, 0.8878298514007301), (20147, 0.8699817604208864), (20142, 0.8172492088730673), (20167, 0.7797207658008896), (20148, 0.7726354012262845), (20238, 0.7631149648557028), (20260, 0.733638995745092), (20227, 0.7227657787065008)]
pydata/pandas 20146 : [(20184, 0.9999985278221062), (20230, 0.9999983947773934), (20218, 0.9999944887045024), (20150, 0.9916476314787298), (20465, 0.9904374280166071), (20093, 0.9797951192695815), (20189, 0.9774323668854333), (20297, 0.9741778956421084), (20143, 0.969293856130406), (20316, 0.9428386422959072)]
pydata/pandas 20098 : [(19927, 0.9999950506757359), (20073, 0.9999950421052634), (18534, 0.9999873554717502), (20020, 0.979936480158167), (11025, 0.9752996850286788), (20457, 0.9344296918389868), (14075, 0.9297184509001906), (8148, 0.9260358778531624), (5452, 0.9074450897354576), (5459, 0.9042931367875156)]
pydata/pandas 20074 : [(10036, 0.9148945573476918), (11646, 0.757998551413535), (4941, 0.5217941113054646), (5052, 0.48238830216313644), (21465, 0.47302890339324605), (12579, 0.4331905428585682), (16665, 0.36572592418550365), (17967, 0.34235059617933816), (17800, 0.3379035131914612), (9830, 0.31469705695767636)]
pydata/pandas 20073 : [(20098, 0.9999950421052634), (20020, 0.9928712136420594), (19927, 0.9925417289794113), (18534, 0.9910261344344433), (11025, 0.986244091947938), (5459, 0.9805184613048497), (13810, 0.9447278528600127), (8148, 0.9406337122145133), (20457, 0.9330797817168945), (10605, 0.9120239613116271)]
pydata/pandas 20061 : [(19898, 0.8898731595409883), (19960, 0.8640204196481789), (19994, 0.7676258316584926), (20112, 0.7638509924968313), (20025, 0.688451377328985), (16456, 0.2153412128009108), (12834, 0.20594504621608162), (19117, 0.1696851008605537), (17488, 0.15078149348402567), (15917, 0.12644283650038848)]
pydata/pandas 20046 : [(11980, 0.8938429118724113), (20137, 0.8915008323922815), (17800, 0.8730297791128916), (11550, 0.872729992766289), (16505, 0.8033522957618617), (13766, 0.7874827281992021), (16994, 0.7556276325884868), (13533, 0.6124477613241652), (13678, 0.6021206435928845), (17842, 0.576197514595754)]
pydata/pandas 20032 : [(20797, 0.9945201913102968), (16465, 0.9187379678527858), (16708, 0.8849743084914494), (18670, 0.8275701811832499), (14329, 0.7707233227023935), (17960, 0.7439627328775616), (20860, 0.7176796391419442), (17499, 0.6143928048276174), (11778, 0.586892247383481), (18685, 0.5856829922208365)]
pydata/pandas 20024 : [(11918, 0.7818228673866641), (21879, 0.7694051989297095), (14075, 0.6785675700864907), (7568, 0.6676266544379634), (14620, 0.6591555467268014), (14475, 0.5959089946436944), (20073, 0.5947743782893788), (17871, 0.5841062419409432), (5452, 0.5827784615434536), (9429, 0.5488731856993869)]
pydata/pandas 20022 : [(16236, 0.78381908413653), (20231, 0.4912071068034847), (10036, 0.45948509395884213), (20203, 0.45487970542461187), (17680, 0.4511054666980117), (16213, 0.4368841623721766), (20223, 0.42673161483221705), (15411, 0.42117107216592786), (20321, 0.42083995849666866), (20159, 0.3988255644731004)]
pydata/pandas 19983 : [(20193, 0.9324696388026175), (10348, 0.6176395606563341), (14769, 0.5940431805945852), (13985, 0.5893869726167534), (18924, 0.5242180490835079), (17724, 0.45774527380107066), (12848, 0.45547993434243217), (13999, 0.4495161189930019), (19047, 0.4391295215833237), (20231, 0.431879554910807)]
pydata/pandas 19973 : [(18645, 0.9265915315444921), (18075, 0.830005965653394), (18377, 0.7146087995967917), (17632, 0.6836554259704991), (12982, 0.6130404928228235), (254, 0.6014711220274996), (20444, 0.5826755316014774), (13722, 0.5667325770653014), (19413, 0.5615713320015115), (17957, 0.5512408292451634)]
pydata/pandas 19952 : [(16432, 0.6025950040877607), (19775, 0.5569854285690778), (8931, 0.4691501824516473), (7009, 0.3810720549944856), (2373, 0.37841188272303206), (12946, 0.37282561382490587), (10352, 0.34796604421436944), (6233, 0.3096157916157598), (1382, 0.3028812646144155), (15464, 0.2858551241602476)]
pydata/pandas 19881 : [(17186, 0.8068760853237141), (15255, 0.7857772739216984), (20548, 0.7276821000359651), (17799, 0.727502655204896), (19772, 0.6669833809747828), (13117, 0.6394167820738931), (19651, 0.4947158431641677), (17474, 0.4722829808110622), (17829, 0.4644062139207229), (10290, 0.4368614363597408)]
pydata/pandas 19849 : [(9965, 0.7069993993789289), (9972, 0.613490342194144), (10945, 0.5), (17374, 0.4356060569527886), (17433, 0.4065567191415605), (11445, 0.40144997827299395), (20809, 0.38435965895121343), (9151, 0.3763050599673404), (14506, 0.3733186930382502), (19723, 0.37311570090479695)]
pydata/pandas 19831 : [(21572, 0.8510649767467607), (19091, 0.7940426591644615), (20703, 0.779191154153717), (151, 0.5962240762031096), (17414, 0.5406027511104093), (16987, 0.5329041703670249), (20091, 0.5), (17663, 0.49363662715810447), (19890, 0.4491429246638129), (20789, 0.44027391964617313)]
pydata/pandas 19745 : [(482, 0.7709909659206583), (10163, 0.7307015742219529), (151, 0.6906632328199573), (17812, 0.6748135590366823), (1420, 0.6624033365108992), (10421, 0.6459601095979917), (21249, 0.6311718493849496), (14063, 0.6195257410504644), (206, 0.6105206051163619), (117, 0.6024104663491346)]
pydata/pandas 19735 : [(6005, 0.3346577441497573), (19334, 0.2344695084426794), (137, 0.23113478174244823), (18643, 0.22722694795488865), (4489, 0.22218739719369876), (19009, 0.20692128600507298), (20358, 0.18138757429741864), (18968, 0.17197810968914917), (3225, 0.16523607644160548), (14073, 0.16520616182417242)]
pydata/pandas 19651 : [(16543, 0.8178593805734037), (17570, 0.7853822339478872), (20893, 0.7377842868504215), (10724, 0.7081134488029226), (12778, 0.6801028143961009), (17108, 0.6608299870972364), (14769, 0.6426419204841883), (21198, 0.6374067836232307), (21175, 0.6200121643465619), (12796, 0.6056027891761152)]
pydata/pandas 19601 : [(18877, 0.3861984912389675), (3154, 0.37955407532428254), (18852, 0.37313728047760675), (18099, 0.3683386452175433), (18937, 0.29876989551317457), (17909, 0.29834042584089104), (19017, 0.290274068848244), (18875, 0.2827279570984145), (2383, 0.2678791857787993), (2394, 0.2652022388658832)]
pydata/pandas 19502 : [(21547, 0.9027422475950508), (17042, 0.7942727207684982), (18827, 0.7924310760343576), (20188, 0.66947371720672), (17166, 0.6459500618879063), (9321, 0.5339023061933956), (20587, 0.48086144613843906), (17153, 0.4792918872129913), (17204, 0.47632410088131094), (19469, 0.4632059893000619)]
pydata/pandas 19488 : [(19377, 0.9324755837674251), (17785, 0.8446335487670794), (13917, 0.5539696962606826), (21223, 0.534267334294025), (20777, 0.5243131317212524), (19268, 0.47445186937625616), (16616, 0.47200647907033494), (18099, 0.43089273942185835), (8823, 0.4288157050432847), (16617, 0.42626351220562264)]
pydata/pandas 19464 : [(16346, 0.8140714817905663), (17675, 0.7776562497766978), (17557, 0.7382278538812574), (18169, 0.7353493195095507), (19054, 0.712886217131693), (19772, 0.6905720893568886), (5555, 0.6001391949107364), (17663, 0.5745641980858872), (16486, 0.5556165680541455), (20124, 0.5373082591605115)]
pydata/pandas 19423 : [(13326, 0.8650310416594346), (14916, 0.7814805642243046), (16104, 0.7398721503877032), (19363, 0.6814354958810787), (15005, 0.6297438251970381), (2846, 0.5962378204153369), (4120, 0.5747111049780951), (14951, 0.45484106665086554), (14090, 0.44578980624842673), (11173, 0.4339811501948511)]
pydata/pandas 19245 : [(14788, 0.9229045652468383), (8488, 0.8897989195977484), (10941, 0.7873074300463704), (5985, 0.6526476930835201), (6363, 0.6046061770389745), (967, 0.5419050169484831), (904, 0.5419050169484831), (21568, 0.5175865449508631), (608, 0.47480817750156495), (2688, 0.4637255168596711)]
pydata/pandas 19235 : [(14788, 0.9904426485908462), (12193, 0.6847536095648701), (8488, 0.6201003623791832), (10941, 0.5678783385909175), (21568, 0.5440561614596416), (20195, 0.5314090685481061), (5985, 0.5201368853267541), (608, 0.5169366688336268), (2688, 0.5), (20463, 0.46914483889321745)]
pydata/pandas 19215 : [(6433, 0.6705506959501802), (7933, 0.6028986504208885), (12522, 0.5452014837916298), (14739, 0.517569769631898), (6521, 0.45663128336444136), (17150, 0.43313734937994913), (13560, 0.4199348805254845), (2429, 0.4199348805254845), (12728, 0.38436770001686243), (4972, 0.3468681946881672)]
pydata/pandas 19213 : [(16948, 0.917665038066746), (17789, 0.8955167796218133), (14995, 0.889250630300812), (12664, 0.8817311532592289), (20313, 0.8546109047962822), (16520, 0.845386573553079), (20226, 0.8422801085569616), (20165, 0.8273209862173921), (16989, 0.8210830434824262), (21039, 0.8036863759169031)]
pydata/pandas 19175 : [(13270, 0.8028435092568786), (16901, 0.61162402794507), (7004, 0.5971631397864511), (13276, 0.5929624457940227), (13938, 0.5594447442707834), (17908, 0.5417274229001203), (14863, 0.5413438837351724), (21534, 0.5309076772805971), (4436, 0.529114339178499), (5559, 0.5280827051400824)]
pydata/pandas 19119 : [(9582, 0.9485862472143535), (10890, 0.8926230492861738), (14105, 0.8800688281969413), (14181, 0.8167560602444417), (6693, 0.7757834218389077), (16512, 0.7624738177488403), (21773, 0.7036655886776239), (18256, 0.6705793373039842), (15547, 0.6513150379257711), (12216, 0.645370633131547)]
pydata/pandas 18975 : [(17753, 0.8999005977253505), (19652, 0.8998369288158111), (18805, 0.6428520105431221), (21711, 0.6302888192209029), (20188, 0.604855184288975), (18585, 0.5947303655404708), (20946, 0.5875617297930571), (17714, 0.5582823258468259), (20224, 0.5538609626482363), (17238, 0.5386766061316468)]
pydata/pandas 18953 : [(13276, 0.9204145404888769), (10466, 0.5835748398203401), (13270, 0.5827040033713539), (7004, 0.429503195233379), (16901, 0.3558475776155288), (12385, 0.2726743664693827), (6304, 0.24633969963232627), (14863, 0.22378832112773756), (2581, 0.20088413366578706), (8171, 0.1981295910369095)]
pydata/pandas 18952 : [(20279, 0.8162489763488501), (21780, 0.7365088834485309), (20161, 0.624752662419532), (20275, 0.6240884379948733), (20146, 0.6238263382751901), (20230, 0.6193735973086787), (13315, 0.6026385245889645), (20956, 0.6009756237076891), (20278, 0.5849980068607138), (20218, 0.5709166751365664)]
pydata/pandas 18726 : [(15873, 0.8628199889822625), (16233, 0.8626139417249807), (20371, 0.764109122607819), (16701, 0.7284806899875051), (17430, 0.6598403641558391), (17582, 0.6512298577907567), (20572, 0.6060881665799004), (20446, 0.5745121409166151), (20000, 0.5617134025410434), (18695, 0.532421903498807)]
pydata/pandas 18626 : [(20401, 0.7304177020914887), (11158, 0.7161875858242971), (6365, 0.6971291409906468), (19762, 0.6739671346831542), (11134, 0.6685988494492503), (19714, 0.624378614491311), (17603, 0.6098321936917538), (18293, 0.5665112779216682), (20392, 0.56086353315509), (4117, 0.5383793085006321)]
pydata/pandas 18201 : [(16315, 0.9953121804691789), (19400, 0.808602129945189), (19669, 0.31376916375163627), (20129, 0.29838054213835025), (20534, 0.29122962599363467), (18292, 0.2681752940563395), (19135, 0.17484940778001046), (5281, 0.17475591628695542), (2409, 0.15010130565448943), (10557, 0.14892857798294656)]
pydata/pandas 17785 : [(19488, 0.802786041092111), (19377, 0.770102182140789), (13999, 0.753935947379832), (19178, 0.7187350600856631), (13917, 0.6311290609894736), (21871, 0.6210444286136864), (14769, 0.5945448883786171), (13787, 0.5916568213931299), (12831, 0.5866508588321423), (10626, 0.5641672258000969)]
pydata/pandas 17753 : [(16386, 0.9556041159979943), (20587, 0.9445519051908395), (18975, 0.8999005977253505), (20188, 0.8444405904471814), (18757, 0.8434307179257188), (20224, 0.8329006315522933), (18476, 0.8312300808791379), (18340, 0.7885818199636626), (17238, 0.7631983314997066), (17668, 0.7328907759318056)]
pydata/pandas 17378 : [(19714, 0.494988656719654), (19914, 0.3948658789120247), (20543, 0.39180380033590684), (18526, 0.34789828351944385), (13514, 0.33280911196289154), (17388, 0.3326833344832844), (17253, 0.31249235097494843), (20344, 0.31076228019887525), (15445, 0.3021953793337024), (20299, 0.2891298660563799)]
pydata/pandas 17332 : [(21057, 0.944470762765114), (20197, 0.7754085490709832), (21871, 0.7314841187659809), (21865, 0.7085296286060317), (8701, 0.6813770643971039), (20152, 0.6322020709661029), (5682, 0.6308762201600638), (21680, 0.5524180840721199), (6459, 0.5439091871723107), (21851, 0.48659095636030103)]
pydata/pandas 17089 : [(15242, 0.8948290259595637), (20047, 0.8630454141400729), (16930, 0.818315017757743), (20891, 0.7714845719298377), (17288, 0.7185781888222241), (13485, 0.6696647032245729), (5416, 0.6517261813009303), (17339, 0.6110553732877055), (15403, 0.5862931524713069), (18017, 0.5749053298278332)]
