spring-projects/spring-framework 1829 : [(1369, 0.8617629684406174), (1517, 0.8577561836172796), (1534, 0.546433307419817), (1594, 0.43013311892429457), (1462, 0.17825818204008595), (1363, 0.11505269294300335), (1178, 0.09590434331945925), (590, 0.08851998027905841), (1783, 0.08490016334779368), (150, 0.07477757460533306)]
spring-projects/spring-framework 1827 : [(758, 0.9927210767445582), (1636, 0.9642260644593098), (801, 0.8819171788314294), (1615, 0.29477444468460423), (273, 0.09600644935431417), (64, 0.08016690417414236), (878, 0.070980379160793), (1104, 0.06891948067431977), (745, 0.048081612920897084), (782, 0.04741965639544755)]
spring-projects/spring-framework 1825 : [(1003, 0.05162900507374227), (1725, 0.043682387913497885), (174, 0.043353440395381915), (1028, 0.04225558371561494), (666, 0.0381430620917724), (466, 0.038021366999397885), (1525, 0.037855976616195386), (1645, 0.036493874748210205), (667, 0.03600021439476333), (884, 0.033796296450832514)]
spring-projects/spring-framework 1823 : [(1402, 0.9931349335104003), (1345, 0.3471761978219495), (1132, 0.3333873370053134), (1215, 0.16753637384422665), (1025, 0.05439527323781157), (644, 0.04997477179497855), (1612, 0.041475925923197626), (91, 0.03994429962832645), (876, 0.03187706087393745), (1773, 0.029113625520493194)]
spring-projects/spring-framework 1822 : [(1372, 0.33970560448438464), (82, 0.044359704005161364), (374, 0.04241207611940084), (695, 0.04180136364095337), (747, 0.040929301188059715), (1278, 0.03836547975686282), (75, 0.037958746658651676), (1577, 0.03641625279865468), (301, 0.03575917857460394), (1523, 0.034795836534276335)]
spring-projects/spring-framework 1807 : [(1045, 0.592949026870154), (1043, 0.314491899621017), (922, 0.07163673955975923), (1171, 0.06912751266581722), (366, 0.06442365616724481), (290, 0.06045841506383974), (103, 0.056963261157181456), (1408, 0.0567458431932382), (1020, 0.05665336030076092), (937, 0.054102575121932076)]
spring-projects/spring-framework 1798 : [(747, 0.9762399004824983), (899, 0.8823425042799545), (272, 0.25010470741539803), (1345, 0.0988490477725078), (886, 0.08666844069174591), (753, 0.06921404015696225), (885, 0.06870200096406079), (113, 0.06639944107042493), (1621, 0.06314895847890753), (1307, 0.06046493962618113)]
spring-projects/spring-framework 1797 : [(1369, 0.12016391404322718), (802, 0.06960963450660003), (573, 0.06081546238113767), (1675, 0.05206852714172558), (335, 0.051451073234080665), (1350, 0.048357738677065776), (401, 0.048357738677065776), (1178, 0.0474002195426575), (1649, 0.04663805610486584), (999, 0.04662564419536319)]
spring-projects/spring-framework 1794 : [(573, 0.38773294705505634), (999, 0.1592697547747365), (802, 0.14267067071115302), (1649, 0.10008282859145706), (1675, 0.09685339966184754), (1174, 0.08251498341139306), (386, 0.0702812204308156), (1714, 0.06349514627894906), (634, 0.05995037493053292), (633, 0.05995037493053292)]
spring-projects/spring-framework 1790 : [(439, 0.674072399568386), (628, 0.5972806759709718), (1586, 0.3391042584645926), (1583, 0.3391042584645926), (1584, 0.3101413617035626), (309, 0.30502368406180463), (892, 0.15279285227272707), (1366, 0.09857875932486286), (832, 0.06544277567855789), (833, 0.06544277567855789)]
spring-projects/spring-framework 1783 : [(1517, 0.3873180138911623), (1369, 0.36990421259757383), (1305, 0.2152176153240298), (312, 0.13281590913512553), (1303, 0.12701791509918223), (750, 0.09373628152553647), (396, 0.08865189319238484), (416, 0.08730222147143195), (1829, 0.08490016334779368), (1602, 0.0781239453298664)]
spring-projects/spring-framework 1778 : [(809, 0.5744275336393259), (587, 0.13914097109897175), (337, 0.06071004441289342), (357, 0.06019076449375304), (1045, 0.05828942517660624), (581, 0.05736906284748611), (166, 0.04576049307449078), (658, 0.043940954435172534), (692, 0.04212075869234995), (526, 0.03958773477013677)]
spring-projects/spring-framework 1775 : [(1151, 0.7987223607096886), (136, 0.39798125899532794), (905, 0.341414868409725), (748, 0.2286713226702814), (329, 0.20677649322013175), (53, 0.198532201047114), (49, 0.19090220191353993), (163, 0.18043346241839786), (406, 0.17783174468932433), (1581, 0.17234653852900242)]
spring-projects/spring-framework 1741 : [(1694, 0.7342909028370187), (1482, 0.7163354093291111), (1060, 0.4859327579252983), (63, 0.18615358113945854), (344, 0.15843241997448376), (1242, 0.1569035156358313), (883, 0.0981678148328166), (1538, 0.08698559555664018), (708, 0.07575503966206468), (858, 0.06667224570658799)]
spring-projects/spring-framework 1739 : [(1269, 0.04641122578582514), (344, 0.04584185447111982), (1422, 0.043155388373158216), (1019, 0.04221326591942238), (1069, 0.04218004244822002), (1402, 0.042120159513266905), (1432, 0.04097937743104528), (1481, 0.04084733518661312), (342, 0.03950388649979026), (1372, 0.03947107419597447)]
spring-projects/spring-framework 1738 : [(1404, 0.749734406166969), (1449, 0.5), (1451, 0.3642059354375482), (1447, 0.3642059354375482), (1459, 0.2176717713830544), (1755, 0.19188976595980203), (1432, 0.11979827089191356), (1811, 0.11362888305592324), (1665, 0.11362888305592324), (1340, 0.11362888305592324)]
spring-projects/spring-framework 1711 : [(461, 0.31675850912168985), (462, 0.2600751618000327), (1792, 0.16107514057177397), (723, 0.1147998578962001), (561, 0.05640038443543461), (716, 0.045276852019257276), (1597, 0.04454583064700079), (1667, 0.04451598288189254), (1424, 0.044278077218280185), (1124, 0.04384027987816853)]
spring-projects/spring-framework 1699 : [(1192, 0.34922071116371445), (35, 0.07766291692927853), (1119, 0.07179950321520366), (792, 0.05395898600501682), (1162, 0.049931801124247915), (586, 0.042928659339921425), (379, 0.042551696151880807), (1499, 0.03735263397367862), (461, 0.03707030419583661), (1185, 0.036079787746131645)]
spring-projects/spring-framework 1695 : [(1817, 0.9999990439384325), (112, 0.4784044932605883), (1540, 0.32806671788298164), (1389, 0.11731298662995424), (1785, 0.08851252146928815), (1650, 0.0872400660913149), (677, 0.08632874677874024), (1648, 0.07027097950450943), (647, 0.059657327803525825), (1757, 0.05783017999520829)]
spring-projects/spring-framework 1694 : [(1741, 0.8763767596211443), (1482, 0.566300518851392), (63, 0.45769548611841426), (1060, 0.15677875285331122), (1242, 0.11132047685895513), (1578, 0.09894208792385756), (342, 0.07855661545501451), (1303, 0.07158100505752102), (1519, 0.07125772904072815), (294, 0.06799835984056399)]
spring-projects/spring-framework 1689 : [(627, 0.7222427790302357), (614, 0.7167862426522947), (626, 0.6132540732246169), (1774, 0.2530420396525668), (843, 0.15486926934070652), (591, 0.1293682622798671), (565, 0.0908503665353563), (1579, 0.06471674713712904), (100, 0.05107321915981141), (1652, 0.0408316690616423)]
spring-projects/spring-framework 1688 : [(614, 0.9647986839206388), (1774, 0.83262970843691), (627, 0.6970940995205854), (591, 0.6529873152349432), (626, 0.6478437015632534), (843, 0.37539972182337555), (1579, 0.265911994732185), (108, 0.13504860855633746), (565, 0.11348307045180811), (1652, 0.05354174482408461)]
spring-projects/spring-framework 1687 : [(921, 0.9088917324007801), (1643, 0.5), (1523, 0.48852157252635536), (1473, 0.47986998846227774), (1520, 0.46380272264504707), (1617, 0.44354148158014917), (1562, 0.27633956798000237), (461, 0.053601050515378425), (379, 0.04585255475380277), (1292, 0.040366720552983834)]
spring-projects/spring-framework 1660 : [(1588, 0.48043320574587983), (84, 0.46715839161177486), (1661, 0.2672060519729923), (1591, 0.06267124931640573), (1286, 0.03176065646024871), (903, 0.02807453873906456), (650, 0.027808878806815422), (295, 0.027501708081040372), (1562, 0.027437302664146127), (1560, 0.027437302664146127)]
spring-projects/spring-framework 1655 : [(899, 0.07513006424389142), (1771, 0.055886897719992966), (482, 0.04781974777136983), (922, 0.04577935989648587), (483, 0.04161525740209268), (1333, 0.041028605013798146), (1747, 0.040373724701588606), (1807, 0.039627845474896), (481, 0.03737758252999907), (290, 0.03674017081973749)]
spring-projects/spring-framework 1653 : [(1218, 0.9954285317113228), (1181, 0.04744093507285365), (802, 0.04184311338871358), (1570, 0.04152606619098278), (1428, 0.0403008624668687), (1141, 0.04001954360394297), (753, 0.038276702225282476), (873, 0.03764978429656232), (1461, 0.03630023104126868), (575, 0.035820441378361705)]
spring-projects/spring-framework 1651 : [(451, 0.8842538568301905), (839, 0.6832613347616595), (458, 0.3650929845023688), (721, 0.33651665780034834), (1009, 0.09168508925940304), (530, 0.07124499944074138), (352, 0.06521004291242913), (329, 0.06245201556771945), (437, 0.05045485067501747), (205, 0.04786494977999036)]
spring-projects/spring-framework 1639 : [(327, 0.16611076946571857), (308, 0.06290318319730948), (290, 0.05865460928860429), (475, 0.04832993408435248), (1623, 0.046649064671557376), (519, 0.0446365297866128), (1463, 0.041404142072742005), (99, 0.04085866207135133), (1624, 0.039234878498861925), (179, 0.03880637577841327)]
spring-projects/spring-framework 1635 : [(965, 0.07683098236802849), (959, 0.05243360163581369), (45, 0.0486457226223978), (1745, 0.04594798072231699), (368, 0.0392162999057013), (398, 0.03436318986885827), (668, 0.032134896616285845), (575, 0.031676142259986766), (103, 0.030848167876410232), (1615, 0.029971484357196414)]
spring-projects/spring-framework 1613 : [(1006, 0.4636509348221873), (969, 0.18389560575409705), (1104, 0.11838186203499293), (1116, 0.08109058082510776), (218, 0.07800464279343351), (634, 0.06952416100652303), (633, 0.061384728711187546), (64, 0.06014576267207604), (570, 0.05468339818106368), (591, 0.0498598859789081)]
spring-projects/spring-framework 1607 : [(322, 0.10690003583592553), (486, 0.09714703871223339), (593, 0.061020800548110404), (704, 0.045085587782414054), (794, 0.03849732285149666), (335, 0.03670086468907983), (147, 0.03293687684101471), (1314, 0.03291885610255976), (925, 0.032254320195790505), (498, 0.03188271964247042)]
spring-projects/spring-framework 1600 : [(1046, 0.3788069983832864), (63, 0.17722586461279125), (1453, 0.10841466820932763), (1242, 0.1003867535596978), (1060, 0.09802425141439554), (1484, 0.08243739237037039), (232, 0.06318891378770099), (870, 0.06069395981745716), (285, 0.05921429007156473), (1553, 0.05510242850637754)]
spring-projects/spring-framework 1597 : [(1758, 0.06083116523717772), (1657, 0.054994736600431596), (1644, 0.04981196827266529), (27, 0.046496996924271075), (1725, 0.0460795933531899), (1490, 0.0411311726623462), (801, 0.040363454747725507), (1667, 0.03997432976037311), (255, 0.03991603099933545), (716, 0.03919582877339094)]
spring-projects/spring-framework 1589 : [(346, 0.9939711639153737), (1054, 0.9852662630494771), (93, 0.9083408669879837), (1064, 0.9037435729670661), (953, 0.8955216484706049), (1041, 0.8656715585459476), (1288, 0.7849437587990753), (1147, 0.55958964116196), (1314, 0.37405365089928416), (1287, 0.20955137862187154)]
spring-projects/spring-framework 1581 : [(406, 0.6622604076533383), (80, 0.3515790660064955), (136, 0.20466952426256096), (1775, 0.17234653852900242), (748, 0.12127847603923114), (329, 0.1183438972029771), (53, 0.1122912428095377), (49, 0.11043596205702744), (163, 0.10227251558986256), (54, 0.07231629768268473)]
spring-projects/spring-framework 1565 : [(482, 0.055573668871926614), (1798, 0.053331418255160565), (483, 0.049662001010610406), (573, 0.04893646845348914), (1630, 0.04866204826332858), (481, 0.04510630001073264), (1333, 0.044893781424559465), (1793, 0.04358881308739217), (1794, 0.04358881308739217), (153, 0.03999549762369615)]
spring-projects/spring-framework 1558 : [(773, 0.3348580828437525), (1259, 0.30308392577020904), (1340, 0.29477444468460423), (1339, 0.29477444468460423), (1319, 0.060798399023447774), (216, 0.05669939204131964), (219, 0.041727573501994436), (1062, 0.03759925404575387), (830, 0.035399012020686), (1615, 0.03253174692658785)]
spring-projects/spring-framework 1553 : [(1401, 0.8586641939373809), (81, 0.7807604377049541), (1337, 0.7040670166703479), (660, 0.48472027259103834), (1773, 0.41573950665159576), (1338, 0.21183159141980074), (219, 0.16993375103374272), (4, 0.16158722604152967), (1318, 0.14664675779356096), (5, 0.10402709263592957)]
spring-projects/spring-framework 1548 : [(542, 0.7597544119450836), (1505, 0.7521946498248898), (42, 0.35192887370827897), (210, 0.2777458271982371), (1453, 0.128744025748978), (3, 0.11742507828556854), (1156, 0.07796312936270153), (879, 0.0664506158306603), (1741, 0.06150336898543724), (656, 0.06133682445325339)]
spring-projects/spring-framework 1546 : [(994, 0.09982901198816549), (1142, 0.08621690398049044), (808, 0.08578785659165387), (1143, 0.08313057078324752), (1194, 0.05387521336419371), (932, 0.0491840681809674), (1666, 0.04645621836171756), (879, 0.0386651326285105), (1531, 0.03670680077430963), (638, 0.03416291120129651)]
spring-projects/spring-framework 1544 : [(849, 0.15283609207618296), (703, 0.14133839724970385), (874, 0.11960594709758073), (1441, 0.10709508279664075), (1159, 0.0783810338164224), (1743, 0.06132782809880671), (456, 0.06005630089892419), (1327, 0.054921520249555635), (1365, 0.051927979010750004), (189, 0.050575797999407826)]
spring-projects/spring-framework 1541 : [(549, 0.03958534575076797), (692, 0.03739316585607681), (138, 0.03197913257330716), (1505, 0.031549688209201225), (62, 0.030842181048072643), (417, 0.030106213303649314), (1121, 0.029656863435367057), (1414, 0.028899212159541773), (14, 0.02827301733950051), (1330, 0.0278540423946237)]
spring-projects/spring-framework 1528 : [(30, 0.5131852756809728), (658, 0.43607715250636725), (1435, 0.11102901708391565), (464, 0.09452601726196048), (1615, 0.09383175718619834), (357, 0.08117238763070182), (305, 0.0785852989513148), (1709, 0.07335314044514758), (1354, 0.07080369393818726), (1236, 0.0652519454787137)]
spring-projects/spring-framework 1523 : [(920, 0.5675743389803642), (1687, 0.48852157252635536), (1473, 0.46699292716287427), (1643, 0.4633355884776247), (1617, 0.46064486518148856), (1520, 0.45839485821939896), (1420, 0.11802938498183259), (1418, 0.11802938498183259), (104, 0.08544709418507102), (295, 0.06795448314506948)]
spring-projects/spring-framework 1522 : [(1521, 0.9999999994160235), (736, 0.38028130844418595), (725, 0.05915436850616186), (728, 0.058699740907077816), (1087, 0.05345392230074363), (1262, 0.04891042395690791), (445, 0.04885519055146815), (1261, 0.04861672416905457), (1379, 0.04705086439403498), (1304, 0.04319274741744967)]
spring-projects/spring-framework 1516 : [(1499, 0.31821507509997893), (35, 0.062157265860266535), (1188, 0.0619646117620344), (105, 0.05136077141961494), (97, 0.04731167810820836), (1360, 0.04410033012679454), (1119, 0.04232349369817579), (276, 0.03831420433197801), (468, 0.03824638339934388), (910, 0.03708263269696431)]
spring-projects/spring-framework 1506 : [(921, 0.9075293446938091), (938, 0.07687720783981847), (1315, 0.06894281218614907), (589, 0.06352305104170423), (1459, 0.060720684680579395), (508, 0.05745607839616184), (762, 0.044885159191584145), (592, 0.044350644396393545), (360, 0.04249224759872087), (581, 0.041180662964538185)]
spring-projects/spring-framework 1498 : [(594, 0.3145082575850736), (1685, 0.29437130916584675), (1662, 0.1284603303593309), (1458, 0.1214791028684455), (888, 0.11712921131296468), (1786, 0.11266412943675191), (939, 0.09994876982101399), (1311, 0.06423611233007746), (1020, 0.05139843052503736), (1419, 0.050192495939412045)]
spring-projects/spring-framework 1496 : [(218, 0.7761209979935375), (959, 0.7014763438609193), (442, 0.5299915388887952), (656, 0.17037484417733037), (1447, 0.05309207798143008), (1451, 0.051294617332760056), (1548, 0.041029919215949846), (110, 0.032779393292133446), (202, 0.030518142865669062), (1516, 0.0270630473925879)]
spring-projects/spring-framework 1492 : [(1630, 0.995953969226193), (1629, 0.3735816687251296), (1628, 0.3735816687251296), (913, 0.06905774802945974), (1751, 0.06106591130768581), (496, 0.04706346722304331), (1349, 0.043534916204894386), (575, 0.043008242813021284), (1615, 0.042851852476286964), (117, 0.04278614442406464)]
spring-projects/spring-framework 1477 : [(738, 0.10803542759430836), (1469, 0.08232241748885952), (72, 0.06703239523626402), (332, 0.054092217509940484), (686, 0.045861021905454415), (983, 0.04569249041802019), (154, 0.041937463581316795), (475, 0.04038188640384581), (1623, 0.03933505096156578), (290, 0.03825987103004925)]
spring-projects/spring-framework 1474 : [(1588, 0.5319770476727015), (1198, 0.46808523530355), (1666, 0.4667859442707127), (1390, 0.4647099142010595), (101, 0.12018576217245262), (1622, 0.061702854746504165), (937, 0.06010869770501316), (1147, 0.046896178567668395), (1774, 0.04432836795681889), (1285, 0.043097176574744926)]
spring-projects/spring-framework 1471 : [(229, 0.1681806466721268), (193, 0.1392829276750176), (203, 0.09114806960062331), (1445, 0.06759850352786498), (1765, 0.0630779520761725), (1361, 0.06171533500872994), (1493, 0.049709937361733424), (625, 0.04648429655025156), (909, 0.0418678788854538), (1700, 0.04165793999352682)]
spring-projects/spring-framework 1452 : [(681, 0.2505706404482117), (1690, 0.1495645334664525), (1708, 0.14955436210279846), (884, 0.11623687425174517), (961, 0.10995812694136098), (176, 0.08450476164057157), (499, 0.0758583780130211), (795, 0.07550844612888391), (1109, 0.06991462745154356), (1370, 0.06737477485403787)]
spring-projects/spring-framework 1441 : [(1365, 0.9786410910297926), (1159, 0.7854904890149454), (1327, 0.5692391025611243), (874, 0.5422330901645059), (1640, 0.4414436683173196), (1777, 0.39674363266758866), (1038, 0.34718708926894476), (1092, 0.3453932407027141), (796, 0.3390264601909425), (1316, 0.3122012661808923)]
spring-projects/spring-framework 1431 : [(1068, 0.9919891225928151), (1482, 0.26397275711619467), (164, 0.05241627313165753), (677, 0.04756162257569206), (676, 0.04655324080889697), (360, 0.04631707319568301), (481, 0.045857223722417295), (879, 0.04339349027332799), (1212, 0.0423323049373128), (739, 0.04093213480032713)]
spring-projects/spring-framework 1429 : [(1709, 0.057705126775034005), (1645, 0.049838878182023316), (1173, 0.04792499722601152), (121, 0.04482196566157233), (106, 0.04116402143785865), (62, 0.039469386052069996), (731, 0.03930285846647494), (1821, 0.038504328022138976), (834, 0.03772672053158618), (1316, 0.03742897073260043)]
spring-projects/spring-framework 1402 : [(1823, 0.9931349335104003), (1345, 0.8342411236842202), (1132, 0.726545657095999), (1442, 0.1797988971876859), (1215, 0.1795018759626518), (1042, 0.16898376553023045), (335, 0.08426302798145507), (273, 0.08338613378659121), (438, 0.07018290985520151), (1294, 0.055266309604245334)]
spring-projects/spring-framework 1375 : [(571, 0.34868532020557363), (104, 0.2121904257724179), (22, 0.1968069449966727), (1060, 0.12468029244365592), (504, 0.11777662133821397), (256, 0.07985384333583488), (1621, 0.07582268236799136), (290, 0.07361565880622899), (1242, 0.0735512619719338), (1482, 0.06483434248293571)]
spring-projects/spring-framework 1355 : [(216, 0.06961473208439141), (847, 0.05937023835254377), (488, 0.054169843318545866), (777, 0.04375977959238424), (1719, 0.04357669027636999), (892, 0.03804687563356063), (1174, 0.03697274220456658), (991, 0.036201073864479065), (906, 0.03597678731763102), (587, 0.03587594914957192)]
spring-projects/spring-framework 1336 : [(1505, 0.7597554666922353), (700, 0.4445372340118459), (325, 0.2952146540879254), (1075, 0.11576537329954564), (972, 0.07848472387968787), (1670, 0.06703939822235411), (1731, 0.05070627042512319), (1683, 0.05070627042512319), (25, 0.0484878123266023), (1760, 0.03860149228442839)]
spring-projects/spring-framework 1330 : [(1264, 0.0920289681282815), (1350, 0.05871591110692912), (401, 0.05871591110692912), (140, 0.049476949288341183), (417, 0.045340775818074455), (1208, 0.04475654909707433), (500, 0.04452539080919775), (62, 0.03994471182385974), (1251, 0.039691954551924806), (1210, 0.035426321937611666)]
spring-projects/spring-framework 1324 : [(525, 0.07781394976312939), (1291, 0.07043446977457472), (1161, 0.06176861601682222), (475, 0.05631670076691574), (5, 0.04819917619942821), (561, 0.04581828110675276), (1082, 0.043462228972300065), (154, 0.04249810171040682), (456, 0.041892433593581024), (445, 0.04119652233433823)]
spring-projects/spring-framework 1291 : [(1161, 0.0742125293123809), (475, 0.07108574596196181), (1324, 0.07043446977457472), (561, 0.06429246275910881), (1020, 0.05282706726688381), (5, 0.051880519489463886), (1807, 0.05159372489428931), (456, 0.04515934808924351), (433, 0.043098398548782814), (723, 0.04202742331552262)]
spring-projects/spring-framework 1283 : [(1482, 0.07819760929086184), (327, 0.058407639609012754), (332, 0.05778864411846657), (686, 0.05133485896061461), (233, 0.04744278964832715), (519, 0.045672878216195284), (1175, 0.044689474249110024), (1639, 0.04360983025447967), (290, 0.04291944672544215), (754, 0.04255170858204353)]
spring-projects/spring-framework 1264 : [(1330, 0.0920289681282815), (1267, 0.08805176654711301), (319, 0.06331213749218527), (1325, 0.06202720909214817), (1576, 0.04583276278311043), (1207, 0.04576163410224709), (284, 0.04171935797585035), (259, 0.03999879286056796), (357, 0.037581277889922764), (1461, 0.03628372922213503)]
spring-projects/spring-framework 1249 : [(1773, 0.08518949616918768), (755, 0.06369476380134743), (1411, 0.061858004611390745), (108, 0.06155959167208397), (705, 0.05764625968847463), (314, 0.048073918929284594), (584, 0.04791882537408579), (583, 0.04791882537408579), (582, 0.04791652102485027), (400, 0.04781231489145033)]
spring-projects/spring-framework 1246 : [(2, 0.0838332534863418), (671, 0.06526493974995025), (1331, 0.04639269117477624), (1140, 0.045993562607641224), (757, 0.045933171693893056), (60, 0.042961874439034604), (1059, 0.042959247527350274), (307, 0.04192209666821603), (454, 0.03997934235689597), (323, 0.0397063486768163)]
spring-projects/spring-framework 1218 : [(1653, 0.9954285317113228), (976, 0.09168835802020177), (1615, 0.0660137870518289), (575, 0.05887277324521718), (86, 0.05277662093351693), (1424, 0.05274396534312354), (359, 0.048837639560525815), (881, 0.04802033715603577), (563, 0.046820008203909316), (4, 0.04511227413204547)]
spring-projects/spring-framework 1217 : [(934, 0.05602272099729151), (1451, 0.04951895182294795), (678, 0.046152476679900384), (1398, 0.04370946590475607), (1154, 0.04064324635780587), (1814, 0.04024920086901253), (417, 0.03887760794396952), (1622, 0.038014348462118715), (828, 0.03733425286207008), (106, 0.03720063777688641)]
spring-projects/spring-framework 1215 : [(157, 0.6784964478761628), (889, 0.44551207292126244), (1402, 0.1795018759626518), (1823, 0.16753637384422665), (891, 0.07491096151888725), (1026, 0.06972960848439395), (1025, 0.05964374693681579), (1483, 0.045675464045180775), (1180, 0.045675464045180775), (614, 0.04307177681019992)]
spring-projects/spring-framework 1176 : [(606, 0.4094345436716561), (74, 0.11070779350561509), (357, 0.06624207689542297), (1605, 0.061613741236271335), (695, 0.06097274012808988), (1615, 0.06065004417129045), (339, 0.05696779538768291), (871, 0.05618420977722068), (1199, 0.0538577045399271), (1360, 0.047756954315720405)]
spring-projects/spring-framework 1169 : [(502, 0.06950182843128973), (445, 0.03177830525209763), (1199, 0.031317952433868916), (695, 0.03038687107095042), (754, 0.02958561726577099), (301, 0.02949825167089004), (74, 0.029449977916058575), (871, 0.02925127663517038), (295, 0.02917123097975893), (838, 0.028666957670355493)]
spring-projects/spring-framework 1137 : [(1742, 0.062434148135844976), (1205, 0.05497756698689319), (1531, 0.05489249980293413), (1122, 0.05319081772117948), (644, 0.048291059108304064), (1305, 0.04789903643061958), (357, 0.04734038644834679), (344, 0.04677935889056091), (1220, 0.045334636638931766), (1202, 0.04462874345566936)]
spring-projects/spring-framework 1128 : [(1285, 0.9783225366994976), (1212, 0.97770354805814), (1384, 0.9749276895873501), (1805, 0.9481365630613345), (1716, 0.9407386464883268), (778, 0.9295563256263233), (562, 0.9152824631707004), (507, 0.8489884266380291), (506, 0.8432072645175586), (775, 0.8009223010096175)]
spring-projects/spring-framework 1117 : [(1630, 0.09435001604484594), (459, 0.08652049322599763), (704, 0.07711557941168203), (37, 0.045712992301365205), (101, 0.04464305784318532), (1492, 0.04271908308410629), (1017, 0.04096564527054752), (212, 0.03858559552643229), (166, 0.037123275476975505), (1478, 0.036950822367909864)]
spring-projects/spring-framework 1116 : [(1104, 0.09657222019515274), (1613, 0.08109058082510776), (896, 0.061573562660610565), (969, 0.061134181908254585), (1198, 0.0588890395574191), (64, 0.05486101274787304), (1200, 0.05224707798731302), (570, 0.05009683421569239), (323, 0.047850307831614175), (187, 0.044699402913310385)]
spring-projects/spring-framework 1078 : [(1183, 0.12829766939117357), (524, 0.0679363290960871), (535, 0.06443261311842546), (1029, 0.057542287006643114), (1141, 0.04984217189222512), (969, 0.04676085068383997), (1130, 0.04215072602686836), (879, 0.04143872464736328), (307, 0.03904168561744877), (86, 0.03900665366598053)]
spring-projects/spring-framework 1075 : [(700, 0.21133283251286714), (1336, 0.11576537329954564), (90, 0.10513216073856921), (1505, 0.09925153973933364), (857, 0.07810113170948328), (271, 0.06708932126084437), (233, 0.0617370002470594), (1207, 0.06049426458606991), (1110, 0.06049426458606991), (1108, 0.06049426458606991)]
spring-projects/spring-framework 1051 : [(1142, 0.10989695058530878), (110, 0.09899577223257941), (1045, 0.08391473376503816), (626, 0.0724295775531398), (248, 0.06372443711555534), (1279, 0.05850460542561564), (1121, 0.05636153701269184), (1295, 0.051219160566102595), (1267, 0.04882269258606097), (187, 0.04757155661840143)]
spring-projects/spring-framework 1045 : [(1807, 0.592949026870154), (587, 0.18050499800786157), (817, 0.08191654073699119), (337, 0.07495554210560833), (1753, 0.06372332471065863), (526, 0.06085353160820142), (110, 0.059866670607135915), (1778, 0.05828942517660624), (692, 0.05745044317280335), (1, 0.05072573202561876)]
spring-projects/spring-framework 1035 : [(1012, 0.6074943321441194), (862, 0.3939870109648338), (859, 0.1781007876880842), (1105, 0.17563089727527917), (440, 0.16259214574849068), (770, 0.11875058234040745), (771, 0.11864886107582756), (858, 0.11553463471347326), (1576, 0.10184160568521669), (1159, 0.09405466893850052)]
spring-projects/spring-framework 1025 : [(1028, 0.31477435112237306), (789, 0.06290318319730948), (1215, 0.05964374693681579), (1823, 0.05439527323781157), (1402, 0.0535526370322847), (1656, 0.02281221763785268), (1444, 0.022550097444239067), (1253, 0.022468656831352816), (730, 0.022468656831352816), (1813, 0.022356714828263357)]
spring-projects/spring-framework 1015 : [(97, 0.40034597685543755), (276, 0.06363806847944395), (1701, 0.05963646203059922), (156, 0.05353486977967971), (1820, 0.05034130145590279), (471, 0.04838844799954087), (294, 0.04831225669093867), (1694, 0.044764918883506435), (134, 0.04462512270128096), (492, 0.04401931870369891)]
spring-projects/spring-framework 1008 : [(1504, 0.7661849037526621), (1277, 0.7330417055633025), (1776, 0.12987885326174967), (1235, 0.07396506138072069), (1136, 0.07266106778464544), (82, 0.06749513214518504), (1494, 0.06491885581675555), (574, 0.053320137565450614), (1144, 0.05255241374774434), (159, 0.04226355833583844)]
spring-projects/spring-framework 1007 : [(639, 0.5), (76, 0.13987607743120023), (1488, 0.0805808956161046), (88, 0.06460068060268322), (540, 0.06221058700157375), (40, 0.05864839931964357), (371, 0.055318055598145094), (1499, 0.043709991877644676), (1024, 0.043073167171168075), (1251, 0.03949516064631975)]
spring-projects/spring-framework 1000 : [(1327, 0.11316425780343102), (458, 0.11298519993586621), (1203, 0.09925215645027531), (451, 0.09678205266474198), (256, 0.07664701427979982), (1531, 0.06838105053048099), (879, 0.0600919334022554), (1441, 0.0540837867600351), (404, 0.05283864829587949), (204, 0.05179123900163799)]
spring-projects/spring-framework 987 : [(1485, 0.1287866649377956), (418, 0.06992845866448977), (56, 0.0544313149433554), (616, 0.0492393101470271), (1656, 0.02989141794635656), (1444, 0.02926303020533002), (1253, 0.029069075313245964), (730, 0.029069075313245964), (1813, 0.028803475564071087), (1809, 0.028803475564071087)]
spring-projects/spring-framework 984 : [(4, 0.10824174212698334), (3, 0.09950737786244096), (5, 0.09912208995905429), (133, 0.06716977305802871), (650, 0.06287445294727524), (425, 0.05131838104911753), (804, 0.04499944514451954), (759, 0.042019799719266726), (117, 0.03989590912965375), (927, 0.039859121898178515)]
spring-projects/spring-framework 978 : [(218, 0.26203300598022516), (1505, 0.09925192999489726), (542, 0.09925192999489726), (959, 0.06036013869634804), (1709, 0.04727048930216567), (649, 0.045744304799423194), (1528, 0.045080250906391145), (187, 0.04378294613834931), (1435, 0.042322264450079174), (656, 0.042147303950155285)]
spring-projects/spring-framework 972 : [(883, 0.31116156785908905), (644, 0.26170860934668083), (575, 0.252295041796431), (1336, 0.07848472387968787), (881, 0.07277960699643167), (1130, 0.061917892738549654), (615, 0.061803645005034324), (344, 0.06096512635856992), (1424, 0.05995770999195398), (359, 0.058801748668849525)]
spring-projects/spring-framework 959 : [(218, 0.915335491667285), (1496, 0.7014763438609193), (656, 0.6235861092605953), (442, 0.3596292446769775), (1745, 0.08306291658834584), (187, 0.06731551257203763), (649, 0.06315070174514074), (1801, 0.06297516221533107), (323, 0.062473718804294136), (767, 0.06107148944024868)]
spring-projects/spring-framework 956 : [(943, 0.9761243866527014), (304, 0.9650528782329881), (819, 0.9586774448304731), (343, 0.9373056912638973), (284, 0.7458169356026175), (1399, 0.7005219737456269), (795, 0.30229257523445635), (374, 0.13980953942487792), (888, 0.13217845172366205), (589, 0.13155810600095916)]
spring-projects/spring-framework 943 : [(956, 0.9761243866527014), (958, 0.9350399677917541), (819, 0.8516486998622435), (304, 0.8131419839006816), (343, 0.7086542942971369), (1399, 0.5), (284, 0.4098257940307328), (795, 0.18537877279418732), (374, 0.11980582821646113), (589, 0.07931686136154084)]
spring-projects/spring-framework 933 : [(507, 0.7264225470330853), (506, 0.7238013929177916), (810, 0.6152128577011537), (775, 0.5933895240843479), (1285, 0.569564353054827), (1212, 0.5580976982063811), (139, 0.13276536422352897), (320, 0.12308638446007356), (1805, 0.07167939693186591), (1358, 0.07055517450854545)]
spring-projects/spring-framework 916 : [(673, 0.4545724301219374), (4, 0.3748564015366028), (3, 0.37185519763440156), (5, 0.37172548026152935), (745, 0.18520307758911486), (259, 0.12053862726765008), (918, 0.11595458493100852), (1505, 0.09558048270450273), (878, 0.0917174958925764), (758, 0.06867974687644872)]
spring-projects/spring-framework 910 : [(354, 0.5305625017237982), (1670, 0.09508075447076296), (1223, 0.050932303676499785), (152, 0.049445615208299584), (38, 0.04648146181213743), (716, 0.04514089304480522), (810, 0.043020338487186185), (599, 0.042449349908753486), (170, 0.042331998174768244), (248, 0.041856745903554926)]
spring-projects/spring-framework 907 : [(1705, 0.21741045247057827), (1729, 0.12911768047877306), (1505, 0.09925185183958934), (1785, 0.07838830280014249), (543, 0.06186708426903292), (666, 0.06098324484213146), (672, 0.049842480691168915), (1752, 0.0488174754681071), (1139, 0.048152818407351736), (481, 0.044162407051819584)]
spring-projects/spring-framework 906 : [(770, 0.4336818245869344), (771, 0.43310236714221095), (1158, 0.3407421532330126), (1105, 0.33798142500974315), (862, 0.31638093216364), (1352, 0.3081626264062795), (1165, 0.302716629496575), (1166, 0.29897655707690357), (1114, 0.2957167159105046), (1038, 0.29477444468460423)]
spring-projects/spring-framework 899 : [(747, 0.8912617313720274), (1798, 0.8823425042799545), (272, 0.6467078749904014), (169, 0.38167113970945477), (1447, 0.26712726195604664), (1451, 0.2510326377835818), (1207, 0.10602692446629584), (1096, 0.09574972361296254), (1095, 0.09574972361296254), (1080, 0.09338758037579545)]
spring-projects/spring-framework 894 : [(1813, 0.8675559243541308), (1809, 0.8675559243541308), (1806, 0.8675559243541308), (1804, 0.8675559243541308), (1803, 0.8675559243541308), (1693, 0.8675559243541308), (1569, 0.8675559243541308), (1545, 0.8675559243541308), (1518, 0.8675559243541308), (1465, 0.8675559243541308)]
spring-projects/spring-framework 889 : [(958, 0.4824386489219746), (1215, 0.44551207292126244), (891, 0.20649604815389475), (1026, 0.10645111786012033), (157, 0.07246030965740494), (843, 0.049601881457601686), (560, 0.04621203280174815), (205, 0.043641434941240835), (1443, 0.04284025990447973), (591, 0.042724334996438476)]
spring-projects/spring-framework 888 : [(1352, 0.8991994364621958), (881, 0.40835016177514133), (859, 0.3699963911036402), (1165, 0.36442828132195776), (1158, 0.36442828132195776), (862, 0.3593341373386478), (1105, 0.3520977446816792), (1166, 0.29477444468460423), (1114, 0.29477444468460423), (1038, 0.29477444468460423)]
spring-projects/spring-framework 885 : [(1231, 0.3408466751081849), (144, 0.17080044146055623), (1798, 0.06870200096406079), (810, 0.06280929289545872), (842, 0.06201637772677899), (1335, 0.06173175977429653), (517, 0.05829877185519765), (567, 0.05625192383272089), (1670, 0.05605487492249213), (515, 0.05297311500891964)]
spring-projects/spring-framework 880 : [(1340, 0.8675559243541308), (1339, 0.8675559243541308), (1038, 0.33710959068157675), (558, 0.24067062595064778), (429, 0.24067062595064778), (1765, 0.18100528146395323), (1679, 0.18081259662884555), (1789, 0.17919748649907336), (1788, 0.17919748649907336), (1674, 0.16975927658554044)]
spring-projects/spring-framework 878 : [(918, 0.7201680857304351), (273, 0.46332072098492555), (758, 0.37688859275732406), (1636, 0.09290280124011845), (916, 0.0917174958925764), (801, 0.07510774414377606), (1827, 0.070980379160793), (673, 0.05911644063611096), (191, 0.05445570693743814), (1124, 0.050539176034512724)]
spring-projects/spring-framework 870 : [(567, 0.2902874085082175), (1297, 0.11923658328721293), (517, 0.114013668108), (976, 0.08583340686383353), (1600, 0.06069395981745716), (48, 0.05260461752493775), (47, 0.05260461752493775), (415, 0.051301336279732594), (232, 0.0510662007045023), (701, 0.047003361015649496)]
spring-projects/spring-framework 863 : [(173, 0.05325459580808899), (72, 0.046201710299276055), (1799, 0.04481588778017693), (608, 0.04400704543397161), (323, 0.0398717701624494), (144, 0.039080076960926094), (282, 0.03820049685505043), (239, 0.03654964653897162), (1203, 0.03410336864159674), (821, 0.03361994796588423)]
spring-projects/spring-framework 858 : [(770, 0.8074874832972496), (771, 0.8056024341896583), (1105, 0.7746603538444721), (862, 0.7538227303125926), (1038, 0.6001445714243111), (1352, 0.4478792183942845), (851, 0.37710008766717984), (703, 0.35298579597170016), (1166, 0.3459296628284454), (1114, 0.297445861619203)]
spring-projects/spring-framework 852 : [(127, 0.24545897787432489), (1673, 0.18877344494677187), (239, 0.1620562981918032), (643, 0.1561095585359861), (126, 0.1536373678450838), (1759, 0.11917563807406041), (607, 0.1145868572793224), (263, 0.06666792148669187), (482, 0.03594820069431573), (560, 0.03424757852290929)]
spring-projects/spring-framework 833 : [(1098, 0.14605842756951581), (762, 0.11913149207696355), (628, 0.07441226438912485), (1790, 0.06544277567855789), (646, 0.06112773697428455), (1818, 0.059244961159409054), (874, 0.05437928942623666), (87, 0.053365514352747355), (26, 0.052718860914790756), (1505, 0.050596409428537326)]
spring-projects/spring-framework 821 : [(97, 0.4167546964887315), (398, 0.26061121297553863), (570, 0.10812240241180633), (1065, 0.07822919636627944), (1353, 0.06971955813992615), (381, 0.06587918189065298), (168, 0.05816014498902828), (153, 0.053492216490377185), (628, 0.052984203527739825), (219, 0.05134246030212244)]
spring-projects/spring-framework 820 : [(1059, 0.5), (1751, 0.3706664899180837), (16, 0.18079501659946598), (668, 0.10257072594494268), (767, 0.1020055101331229), (323, 0.07430102699700436), (187, 0.07409757453805044), (1587, 0.07298876033411997), (390, 0.06064507812292297), (959, 0.059812753252303924)]
spring-projects/spring-framework 815 : [(1101, 0.24085811359250336), (809, 0.05068578146094511), (1154, 0.04884495371666278), (1146, 0.045120550485067364), (1295, 0.04386293400753084), (53, 0.04244782893849454), (1573, 0.03436834720110437), (1269, 0.03405657442262994), (1217, 0.03288602116831036), (542, 0.031549706975660126)]
spring-projects/spring-framework 810 : [(1212, 0.9962298480228708), (507, 0.9791026247830321), (506, 0.9775203534317908), (1814, 0.8866285701218654), (1128, 0.8003097515707301), (933, 0.6152128577011537), (1384, 0.4195515935141182), (1285, 0.4065416485790501), (562, 0.37459126915818086), (1805, 0.33179798203032795)]
spring-projects/spring-framework 768 : [(693, 0.19817820605148292), (1505, 0.1790142310504203), (84, 0.06911415480069451), (291, 0.06637271514182749), (153, 0.06315760789481574), (1251, 0.050653664581350455), (1099, 0.0476231581133683), (55, 0.04531782014423985), (1703, 0.041008457148911256), (969, 0.040639619271871354)]
spring-projects/spring-framework 767 : [(796, 0.47866640444460035), (1092, 0.4377100976078516), (1172, 0.3634763743358317), (1365, 0.29477444468460423), (1316, 0.29477444468460423), (1149, 0.29477444468460423), (1110, 0.29477444468460423), (1107, 0.29477444468460423), (1100, 0.29477444468460423), (1099, 0.29477444468460423)]
spring-projects/spring-framework 762 : [(646, 0.1672359302957715), (1709, 0.15177290515652703), (832, 0.11913149207696355), (833, 0.11913149207696355), (1645, 0.11857904781189338), (1435, 0.07058011320574786), (598, 0.06705353992261517), (282, 0.06472299407194838), (481, 0.06256671495333224), (677, 0.061586631702783945)]
spring-projects/spring-framework 758 : [(1827, 0.9927210767445582), (801, 0.5820133675240122), (1636, 0.5566804180261948), (878, 0.37688859275732406), (1615, 0.29477444468460423), (273, 0.2272020466071964), (509, 0.07086940603549582), (916, 0.06867974687644872), (745, 0.05974999617348312), (918, 0.05971637941052367)]
spring-projects/spring-framework 752 : [(804, 0.6261928528644443), (1310, 0.5179237477983547), (1413, 0.38249089747607073), (249, 0.1368509997686705), (637, 0.13597861480400564), (842, 0.07050397321675429), (875, 0.06075547378493462), (1308, 0.05932116985130812), (1612, 0.05628467079276661), (358, 0.04987675536626487)]
spring-projects/spring-framework 748 : [(136, 0.28326192326939803), (1775, 0.2286713226702814), (329, 0.15053777554474881), (53, 0.13993839538941222), (49, 0.1341605402833998), (163, 0.1301798978997869), (406, 0.12822285190100938), (1581, 0.12127847603923114), (54, 0.09066212699819946), (687, 0.07943530761981248)]
spring-projects/spring-framework 736 : [(1521, 0.38028130844418595), (1522, 0.38028130844418595), (767, 0.04932111849763913), (1277, 0.04795907659138541), (409, 0.04541474232264822), (696, 0.04474959678366353), (1614, 0.03925578869035071), (1241, 0.0380138353152638), (1587, 0.03487085920194712), (444, 0.03403653116129202)]
spring-projects/spring-framework 732 : [(780, 0.7979794518467399), (1709, 0.20071121908336784), (1350, 0.13005521017303043), (401, 0.13005521017303043), (527, 0.08757664322827996), (983, 0.0771036949098001), (991, 0.07641051316194604), (500, 0.070533598359894), (608, 0.06244762041004452), (1273, 0.06167365933953879)]
spring-projects/spring-framework 729 : [(649, 0.06099620359048897), (668, 0.060987373008546154), (767, 0.05892610967136635), (1553, 0.054894804599966464), (877, 0.052767536133037474), (656, 0.052601174729620656), (1801, 0.05136932939195127), (168, 0.05090624599175142), (820, 0.04703454652662484), (1258, 0.04625965586014146)]
spring-projects/spring-framework 724 : [(233, 0.8914072411097574), (1603, 0.20808611010555866), (785, 0.19604665670267155), (1370, 0.19356664268941617), (1641, 0.18664995093408793), (205, 0.096547843698548), (1505, 0.08892957094616483), (818, 0.08005327113963175), (560, 0.07937444927737967), (1304, 0.06637799143555398)]
spring-projects/spring-framework 719 : [(749, 0.6900213479825226), (1235, 0.4277576158550837), (669, 0.2633519084231197), (1610, 0.20159130112362658), (765, 0.15964164811485795), (734, 0.1206960582617223), (1369, 0.06697285721141204), (166, 0.0616584274565614), (37, 0.058203493982113816), (1544, 0.04497048275698122)]
spring-projects/spring-framework 716 : [(354, 0.050714262570162864), (897, 0.04541616405357275), (910, 0.04514089304480522), (428, 0.04045668208484483), (1667, 0.04030836806110297), (1597, 0.03919582877339094), (612, 0.03889203596355211), (38, 0.038065227736047806), (1578, 0.037597922609158334), (170, 0.03692865188374076)]
spring-projects/spring-framework 712 : [(455, 0.34492981590788535), (741, 0.13977202257441534), (1026, 0.08806537232803015), (157, 0.06400008778762611), (926, 0.05943801676536214), (614, 0.05532820457381228), (1483, 0.05462240028337056), (1180, 0.05192763560679266), (354, 0.049842137006225855), (1777, 0.04431578993489767)]
spring-projects/spring-framework 699 : [(1233, 0.42758408679615917), (464, 0.10628797084471225), (1266, 0.06785866621854177), (370, 0.05944820425045663), (381, 0.0584360304462696), (1096, 0.053831709340093375), (1095, 0.053831709340093375), (1253, 0.05029722871757527), (730, 0.05029722871757527), (1384, 0.048983350101419264)]
spring-projects/spring-framework 684 : [(756, 0.037775358357551254), (1213, 0.03728968980766217), (1005, 0.03724724132174816), (1154, 0.03491940730663804), (1248, 0.03418158584988947), (867, 0.03403594512786979), (721, 0.03368678868787286), (1489, 0.03363793222242713), (758, 0.032982180091102584), (1525, 0.03279819208496632)]
spring-projects/spring-framework 673 : [(571, 0.5862012905203486), (916, 0.4545724301219374), (191, 0.2290113335124857), (542, 0.09925138400105273), (745, 0.08911515801027313), (947, 0.08701604562986494), (918, 0.08351297497556465), (200, 0.076768863096201), (1375, 0.06008054442829964), (698, 0.05941934785964101)]
spring-projects/spring-framework 671 : [(571, 0.3315115861288792), (191, 0.1607629218906779), (745, 0.06912652694750908), (947, 0.06869985682208116), (200, 0.06737738389570382), (1246, 0.06526493974995025), (307, 0.05955813864534498), (698, 0.05408294933758595), (918, 0.04962592022018788), (916, 0.0492557744525536)]
spring-projects/spring-framework 659 : [(321, 0.3729058189692775), (213, 0.371523270968668), (248, 0.2978736895160574), (1398, 0.06290318319730948), (1179, 0.05220885223125332), (802, 0.04154857450015779), (1570, 0.041236139663632695), (873, 0.03741480059957187), (1461, 0.03608370836390714), (1741, 0.034725578025788705)]
spring-projects/spring-framework 647 : [(480, 0.14324749894313368), (1707, 0.0841259544717359), (1389, 0.07301510510949975), (312, 0.07148064375769503), (1650, 0.06160032526738429), (1785, 0.05992965770597396), (1695, 0.059657327803525825), (1018, 0.057847491025457685), (1817, 0.05224863067151817), (1648, 0.0506499096077312)]
spring-projects/spring-framework 645 : [(589, 0.27906823654326374), (817, 0.12662606202732238), (357, 0.09778762410425894), (1517, 0.0839777567824869), (1615, 0.07836429586009859), (1188, 0.07100030778035174), (715, 0.06900358913139842), (886, 0.06547760300552033), (644, 0.06313895373592986), (541, 0.06276228746586596)]
spring-projects/spring-framework 631 : [(874, 0.04563095186713545), (596, 0.03896223615264675), (919, 0.03598381837530099), (1362, 0.034347522583410166), (448, 0.03119886986249703), (503, 0.03101065642345488), (832, 0.030944549838474892), (833, 0.030944549838474892), (166, 0.02976766957920877), (970, 0.028234921821241852)]
spring-projects/spring-framework 612 : [(487, 0.3642614355989297), (595, 0.1453900202555394), (645, 0.06084723936016081), (897, 0.06023662996183132), (1068, 0.05795391531997084), (1587, 0.04967774602525035), (1236, 0.0442316987407548), (739, 0.043755622040445856), (753, 0.04348760315013905), (232, 0.04273729958177034)]
spring-projects/spring-framework 604 : [(1814, 0.4600261674219352), (1076, 0.3813773582124716), (1368, 0.18839052104736692), (219, 0.11805646023116453), (1350, 0.07990382698197726), (401, 0.07990382698197726), (1050, 0.06467645635543252), (1212, 0.054294611320979555), (500, 0.05386662049982776), (681, 0.046721183786928015)]
spring-projects/spring-framework 603 : [(480, 0.8582935387780672), (1368, 0.20326695122754349), (800, 0.1436801239728067), (1814, 0.10620751576601134), (772, 0.10413027684876898), (312, 0.10357767924980348), (219, 0.07164802136825132), (886, 0.06093112869565712), (1178, 0.055370664931751405), (715, 0.05253037985965402)]
spring-projects/spring-framework 598 : [(382, 0.8208564109244598), (133, 0.08583548140555053), (762, 0.06705353992261517), (630, 0.061617378110357265), (609, 0.04584212537542194), (117, 0.04567723690798399), (1125, 0.04558225286328704), (677, 0.04359353688350653), (473, 0.04139327457808001), (1319, 0.04132762320952274)]
spring-projects/spring-framework 581 : [(379, 0.08088772317257747), (461, 0.07174598339049171), (1778, 0.05736906284748611), (1753, 0.05718260421329774), (921, 0.05681434270119235), (1292, 0.05457697040817928), (1028, 0.05217645305379112), (1624, 0.05137626224564184), (1124, 0.0508188696533453), (1562, 0.04967116705341848)]
spring-projects/spring-framework 575 : [(972, 0.252295041796431), (1512, 0.08095996065260481), (1615, 0.07577656526428157), (308, 0.07070143588381113), (1643, 0.06726364292739527), (1062, 0.06091868658587881), (1218, 0.05887277324521718), (1424, 0.05552960362098511), (881, 0.05387499374392815), (103, 0.049394876304127096)]
spring-projects/spring-framework 570 : [(630, 0.5722795953487109), (1588, 0.5468649015933607), (821, 0.10812240241180633), (1750, 0.09454685502137883), (1505, 0.07516252799526293), (1104, 0.06572379354414881), (19, 0.05829166105026338), (1613, 0.05468339818106368), (1116, 0.05009683421569239), (762, 0.049181882329121816)]
spring-projects/spring-framework 569 : [(566, 0.9943401183483356), (517, 0.9161815281593065), (1721, 0.404288620483961), (1819, 0.056044247595507864), (75, 0.05319061623212802), (1806, 0.037740294203224264), (887, 0.03733639410330776), (1813, 0.035143642820948374), (1545, 0.03361385057671655), (1809, 0.03329499099131586)]
spring-projects/spring-framework 567 : [(507, 0.7145441649574139), (506, 0.6527749823609298), (976, 0.2959385355765547), (870, 0.2902874085082175), (1670, 0.06030902175599073), (367, 0.05758995243961102), (885, 0.05625192383272089), (810, 0.047601328148207035), (63, 0.04692723908418026), (402, 0.046674199957974186)]
spring-projects/spring-framework 566 : [(569, 0.9943401183483356), (1297, 0.5), (637, 0.4766425264159304), (958, 0.47078496962946104), (1721, 0.3887117707170687), (75, 0.12923574363503287), (1166, 0.05974331474538246), (782, 0.04636704800657835), (1028, 0.045762913488536866), (913, 0.044804900692648426)]
spring-projects/spring-framework 561 : [(580, 0.9999999969240155), (1186, 0.40432847876871914), (720, 0.15670069874689485), (727, 0.14397971098021642), (734, 0.14273591388500617), (1562, 0.09191134390131607), (1560, 0.09191134390131607), (1124, 0.08677700528440424), (919, 0.08553235941230926), (1161, 0.07850230520854455)]
spring-projects/spring-framework 538 : [(214, 0.10261409528821555), (386, 0.09203378646629345), (1247, 0.06381903289788639), (76, 0.05523811104862541), (1456, 0.050034376846252754), (540, 0.048754659313805924), (1482, 0.04872151329525867), (1162, 0.04430842971048709), (600, 0.041395890487363286), (616, 0.04083324250989054)]
spring-projects/spring-framework 507 : [(810, 0.9791026247830321), (1212, 0.9776651696790626), (775, 0.9451804107015586), (1128, 0.8489884266380291), (515, 0.817779969979383), (517, 0.7962618962941524), (933, 0.7264225470330853), (567, 0.7145441649574139), (1384, 0.5080978230886625), (562, 0.44263914600123283)]
spring-projects/spring-framework 481 : [(116, 0.13516812795009628), (1406, 0.13183470546106585), (482, 0.12235630142701243), (483, 0.09664887976724723), (1333, 0.0946402970539683), (1759, 0.08224521436100458), (1697, 0.08183051974482976), (543, 0.07055989760306768), (1304, 0.06882615449343688), (1068, 0.06591828591721487)]
spring-projects/spring-framework 475 : [(1076, 0.47087249951396765), (723, 0.09341717800585925), (462, 0.08147857916914161), (332, 0.07557171321961109), (1291, 0.07108574596196181), (327, 0.0631410568183371), (1006, 0.06108297620244905), (290, 0.060621999667289705), (1324, 0.05631670076691574), (686, 0.05409971277048165)]
spring-projects/spring-framework 467 : [(687, 0.834047272121925), (75, 0.13535928651111434), (35, 0.09044202908889173), (816, 0.06097254035487323), (1174, 0.055890908788623), (586, 0.0518644782122988), (1119, 0.048332040039062316), (637, 0.04387079910733544), (1701, 0.043761965335918855), (955, 0.03911979589135919)]
spring-projects/spring-framework 456 : [(703, 0.7399817147663204), (453, 0.3596975343589524), (466, 0.33776355016606446), (476, 0.33730067727904417), (722, 0.3316295328121249), (447, 0.32767144182792346), (435, 0.32134994205094536), (514, 0.3181081565632823), (445, 0.31795358146142255), (436, 0.31262008761155174)]
spring-projects/spring-framework 433 : [(723, 0.12140218421153165), (1244, 0.09478183292663679), (560, 0.06399409149932954), (1337, 0.0626445319761453), (87, 0.05995030502308425), (1725, 0.053851872826561106), (1212, 0.05003987942838389), (1531, 0.04596857303848567), (879, 0.04566852969958403), (1626, 0.04407682918089595)]
spring-projects/spring-framework 417 : [(879, 0.05167639397456359), (357, 0.050326162717988794), (1531, 0.04986419115911203), (1615, 0.04815398357176908), (1330, 0.045340775818074455), (472, 0.04482286724130331), (1642, 0.044210205980528244), (1327, 0.04245433488438745), (1176, 0.04181313482653123), (460, 0.04128142507763841)]
spring-projects/spring-framework 402 : [(560, 0.3694190010713478), (1559, 0.09748923860562801), (1554, 0.09748923860562801), (1552, 0.09748923860562801), (1551, 0.09748923860562801), (112, 0.08977890550303615), (128, 0.08596823115390827), (1289, 0.08421332275208422), (862, 0.07082337128334647), (248, 0.07053838051978896)]
spring-projects/spring-framework 387 : [(290, 0.06074425201645642), (33, 0.042095665852081174), (380, 0.038472899690348734), (99, 0.03806948534173053), (75, 0.037457669941200075), (332, 0.036389203617017016), (1315, 0.03586953526517781), (1047, 0.03535498121933723), (296, 0.03532538990466223), (475, 0.03467468396878028)]
spring-projects/spring-framework 368 : [(398, 0.198728140082769), (893, 0.13835246255279532), (176, 0.12825217098059435), (299, 0.0797935096170196), (1111, 0.07181533919849852), (282, 0.054730452374086504), (646, 0.0531489067124536), (498, 0.05297699027083647), (181, 0.05001298042781815), (361, 0.04726057638460862)]
spring-projects/spring-framework 361 : [(646, 0.1823232660492318), (181, 0.1488780267631468), (1172, 0.14863599983163286), (546, 0.12604958490635917), (1111, 0.08346047602713798), (382, 0.07587322300744255), (5, 0.07085223382036723), (1313, 0.0620080730410143), (893, 0.060556244834133154), (1799, 0.060147997038663935)]
spring-projects/spring-framework 355 : [(1188, 0.026598490388749924), (1493, 0.024032326717637557), (65, 0.02325625100969926), (479, 0.022595166734934207), (478, 0.022595166734934207), (1230, 0.022520484037559213), (1190, 0.022520484037559213), (968, 0.022520484037559213), (608, 0.022520484037559213), (619, 0.02249929286876429)]
spring-projects/spring-framework 354 : [(910, 0.5305625017237982), (714, 0.16675944476997176), (713, 0.16675944476997176), (720, 0.16005944761515417), (727, 0.1523772501614216), (734, 0.151418546325309), (170, 0.14919022761398704), (241, 0.11936062353470506), (1517, 0.09811145431403524), (38, 0.07067616618574295)]
spring-projects/spring-framework 341 : [(1505, 0.7597554666922353), (33, 0.15867480875614492), (102, 0.0844180443807612), (1490, 0.05641058183252304), (625, 0.0481620916664042), (1475, 0.04541394788790742), (520, 0.04035096922103805), (527, 0.039257165260419065), (1657, 0.038687334240320295), (213, 0.03826845926575653)]
spring-projects/spring-framework 332 : [(913, 0.5580020732500813), (1701, 0.0939463891619157), (290, 0.08856381062065934), (697, 0.08484441236581705), (475, 0.07557171321961109), (686, 0.07354728684437928), (506, 0.0690147527653743), (327, 0.0646344628725315), (1580, 0.06029931357418174), (1623, 0.05784902985241762)]
spring-projects/spring-framework 309 : [(439, 0.33167636190412797), (1586, 0.3084655577669863), (1584, 0.3084655577669863), (1583, 0.3084655577669863), (1790, 0.30502368406180463), (628, 0.06290318319730948), (90, 0.036161621555669356), (1731, 0.035546673310116454), (1683, 0.035546673310116454), (1787, 0.035239398795593804)]
spring-projects/spring-framework 301 : [(542, 0.37206756424243004), (1505, 0.2920752464393729), (361, 0.058111810759445055), (382, 0.055154895369603746), (695, 0.05176141380950938), (1199, 0.049580650070047375), (29, 0.04601338886470033), (879, 0.04549771108898711), (1671, 0.04440610214768579), (1176, 0.043861805448433565)]
spring-projects/spring-framework 293 : [(1444, 0.05935227661901489), (1115, 0.04326137732887267), (673, 0.043163399490287836), (830, 0.0425233237576045), (1323, 0.040956471272444554), (1419, 0.0395388870546977), (1694, 0.03877393949141401), (1412, 0.03756092051667782), (961, 0.03707843854554096), (1267, 0.036153132821976096)]
spring-projects/spring-framework 285 : [(518, 0.1947985554334206), (1490, 0.10448654305475367), (232, 0.09142743626008683), (1637, 0.0675343095219538), (1600, 0.05921429007156473), (765, 0.04893107497279822), (1109, 0.0455602403422866), (57, 0.045469460911727995), (425, 0.045203791760469465), (31, 0.04359698294211806)]
spring-projects/spring-framework 277 : [(1140, 0.990527027210749), (780, 0.15904935272729775), (222, 0.05966740406075043), (1741, 0.04342206280283366), (1482, 0.03896775357750748), (63, 0.03681102415588978), (1230, 0.03391584116084032), (1190, 0.03391584116084032), (991, 0.031957008621745754), (1679, 0.031564745971938035)]
spring-projects/spring-framework 276 : [(498, 0.7417138238842724), (1701, 0.07066765442076754), (1015, 0.06363806847944395), (1003, 0.05219557784491353), (1362, 0.0496342978671497), (635, 0.048867874361153814), (471, 0.04819949182817369), (232, 0.047095556317670685), (447, 0.04635688459123128), (97, 0.04530788326983783)]
spring-projects/spring-framework 266 : [(1505, 0.09925169568539788), (1683, 0.055257452006647), (1, 0.05165793915489699), (1304, 0.045305639581539825), (1045, 0.04144901042292863), (637, 0.0411151986162762), (1435, 0.04076396496455057), (337, 0.03997640955660705), (692, 0.037368974636345496), (669, 0.03724630656708509)]
spring-projects/spring-framework 227 : [(491, 0.6912699370764128), (750, 0.6677725675858928), (114, 0.08364001851076162), (937, 0.0761813571674851), (847, 0.07088701252039413), (846, 0.07083736802323391), (845, 0.07083736802323391), (842, 0.07076849424348745), (1569, 0.06895763803985833), (818, 0.06895763803985833)]
spring-projects/spring-framework 162 : [(909, 0.09346280484801425), (1747, 0.07136329224419521), (1505, 0.057874538048903565), (1062, 0.05327221504215826), (1705, 0.047384673553845694), (331, 0.04644494316620149), (686, 0.04265177166399164), (232, 0.040755694529681946), (1828, 0.03873756844954082), (1320, 0.03581982753464107)]
spring-projects/spring-framework 142 : [(202, 0.848763657974134), (1488, 0.5910282013671719), (1303, 0.404288620483961), (22, 0.22582808651778327), (1144, 0.1449557848746354), (1720, 0.1392565490545007), (222, 0.1374093265582528), (847, 0.11033711187931065), (940, 0.094376524648357), (311, 0.08384292013830924)]
spring-projects/spring-framework 135 : [(1505, 0.3720673584783007), (542, 0.3720673584783007), (1569, 0.08226423725222429), (77, 0.06811850994577365), (242, 0.0666616042051288), (237, 0.0666616042051288), (1096, 0.0638569106501154), (1095, 0.0638569106501154), (408, 0.06322248003524845), (1080, 0.06053350541942264)]
spring-projects/spring-framework 107 : [(777, 0.5200181575665537), (3, 0.2329141352240956), (85, 0.08105379253127774), (1505, 0.055524163492806554), (404, 0.03727998165820902), (542, 0.031549688209201225), (556, 0.030229921394708318), (868, 0.029736477212947546), (52, 0.029580276281641657), (51, 0.029580276281641657)]
spring-projects/spring-framework 84 : [(1660, 0.46715839161177486), (919, 0.1713291048619166), (153, 0.12603395567071912), (564, 0.07454098408133543), (283, 0.07342642866424026), (768, 0.06911415480069451), (1543, 0.06623403962411586), (928, 0.06250309831389864), (1281, 0.06217778150099256), (57, 0.05770090293180523)]
spring-projects/spring-framework 10 : [(260, 0.17730335361801877), (3, 0.12297802260970192), (5, 0.118156471994268), (4, 0.11632653587292724), (263, 0.038850799169056094), (1799, 0.034203447626837614), (1225, 0.03236257807932907), (409, 0.032079191552660924), (1238, 0.032058429479007534), (938, 0.031136924295503323)]
