tensorflow/tensorflow 21161 : [(10628, 0.9940022796589191), (10117, 0.9940022796589191), (10116, 0.9940022796589191), (2611, 0.9940022796589191), (16530, 0.9933377531489115), (16529, 0.9933377531489115), (13088, 0.9922696369519376), (6312, 0.9871526700010068), (12702, 0.9825719431398543), (12703, 0.9816117466226182)]
tensorflow/tensorflow 21155 : [(21106, 0.5545644651945297), (14418, 0.5258157973855536), (3861, 0.4828136021245308), (3779, 0.3615051296490979), (1020, 0.3597816433086623), (21098, 0.3153933980952936), (19037, 0.29797473944445596), (8600, 0.28547137616337054), (1709, 0.2501824510281972), (16482, 0.24684737903340864)]
tensorflow/tensorflow 21151 : [(8357, 0.6007671336299408), (1039, 0.3182619664936714), (19590, 0.31227023240710244), (16140, 0.31227023240710244), (9361, 0.31227023240710244), (987, 0.31227023240710244), (3547, 0.31015192539235165), (16618, 0.30848396371052583), (12814, 0.3077535924910702), (14838, 0.30419672672617537)]
tensorflow/tensorflow 21149 : [(8538, 0.7286790404577079), (1754, 0.48689423146527067), (4983, 0.48687223860051343), (8763, 0.43777541773291867), (1005, 0.4199348805254845), (19011, 0.2060495585910967), (12200, 0.17651307924396098), (17180, 0.16565088131666905), (17392, 0.16014903494709673), (1080, 0.13620763109838213)]
tensorflow/tensorflow 21148 : [(12303, 0.10099246297853216), (8728, 0.09111713805348715), (9376, 0.0890757074569257), (8954, 0.08632753867343426), (12768, 0.0697816267740775), (14836, 0.06808078277825749), (7310, 0.06269271619606696), (20753, 0.0496775639899147), (16272, 0.04928198077345566), (1466, 0.04868849434069398)]
tensorflow/tensorflow 21147 : [(1447, 0.9454683305912194), (13280, 0.8900190582356566), (18745, 0.85878207000668), (10538, 0.853533893495522), (1072, 0.6346791122070745), (815, 0.5434403547301861), (19099, 0.44256454963986347), (10536, 0.4199348805254845), (1051, 0.334888154618709), (7438, 0.2606836554119416)]
tensorflow/tensorflow 21146 : [(1719, 0.5220308184227769), (1710, 0.4671738968791791), (20753, 0.45901848957094915), (15680, 0.4518654014231497), (16272, 0.43755332461177215), (1020, 0.42115865555536264), (19050, 0.41047674596494793), (13557, 0.4067990395755704), (13935, 0.3968758583535316), (113, 0.39160951227871954)]
tensorflow/tensorflow 21144 : [(14901, 0.33190584310425214), (19601, 0.13668540228758413), (19590, 0.13668540228758413), (17329, 0.13668540228758413), (16618, 0.13668540228758413), (16140, 0.13668540228758413), (16070, 0.13668540228758413), (14839, 0.13668540228758413), (14838, 0.13668540228758413), (12814, 0.13668540228758413)]
tensorflow/tensorflow 21143 : [(14865, 0.3857693338944352), (19392, 0.25331081428620617), (882, 0.19765993522377046), (18378, 0.17512570281038958), (20657, 0.1562811554734511), (6133, 0.13164728661499941), (6129, 0.13163229058908724), (14874, 0.1293047161145858), (10082, 0.12763302797566964), (17780, 0.1239735727320327)]
tensorflow/tensorflow 21140 : [(20066, 0.5530414013110109), (19332, 0.5), (21102, 0.44447641732201243), (19808, 0.3388734484571434), (21011, 0.3210897572393377), (19400, 0.2883004389060787), (19403, 0.2296095668196887), (17392, 0.22309879446647946), (11259, 0.1977699119377488), (11258, 0.1977699119377488)]
tensorflow/tensorflow 21139 : [(7670, 0.1385062321239792), (19099, 0.10500171045950041), (7598, 0.08557049899785492), (18215, 0.08370286642082088), (3997, 0.07500865171407595), (5410, 0.07238520717663353), (13877, 0.07201135074424053), (697, 0.07101661542693209), (1466, 0.06482587890223032), (7254, 0.0637142355738456)]
tensorflow/tensorflow 21138 : [(14727, 0.2525544699007025), (20318, 0.06808920054373152), (20971, 0.06306586994963477), (21100, 0.059384956166379954), (17953, 0.05369546502812919), (18197, 0.04785394498551501), (20650, 0.023892896543507475), (20623, 0.021692057663912478), (17355, 0.021575816492506065), (18991, 0.020896990468366076)]
tensorflow/tensorflow 21133 : [(15117, 0.15982594202789352), (17637, 0.15719705465184117), (18321, 0.1440561199960736), (21105, 0.1171491347419319), (2638, 0.1023889350476474), (19730, 0.10202956680429444), (19346, 0.10070386560564572), (19736, 0.09603858865969223), (16430, 0.0942079007365879), (21082, 0.09014931700385276)]
tensorflow/tensorflow 21132 : [(11719, 0.27515421852681093), (2601, 0.1727528377349227), (4520, 0.16065452740843186), (1994, 0.1469711312741443), (4302, 0.1167632855030934), (1613, 0.10948824764361698), (11907, 0.09844413061298964), (21140, 0.0688092547747423), (20708, 0.02502028949443017), (17862, 0.024391002523008756)]
tensorflow/tensorflow 21131 : [(2249, 0.13515469238754713), (7589, 0.08575885518106875), (1719, 0.06981559442148823), (10578, 0.06881352888124011), (10575, 0.06881352888124011), (6140, 0.06434350912860279), (15427, 0.0638715035026829), (6764, 0.0603940572958597), (16296, 0.05980535206441977), (15984, 0.0491591005457584)]
tensorflow/tensorflow 21122 : [(11175, 0.34216807765321844), (14395, 0.22806522324804687), (20166, 0.20660561269122996), (5210, 0.13859945384865388), (19095, 0.13230767629227383), (19094, 0.13230767629227383), (4741, 0.12016303386696793), (13472, 0.11766124816150908), (6609, 0.1062548236704477), (6547, 0.09888511418245437)]
tensorflow/tensorflow 21119 : [(1721, 0.8797654462469452), (5053, 0.8454037085999285), (5076, 0.7562915531094314), (16210, 0.642018981456093), (14463, 0.6358299448645063), (18312, 0.6109298864619926), (2409, 0.19905807597692637), (16878, 0.195379295321443), (17716, 0.18719787161118487), (1017, 0.18719787161118487)]
tensorflow/tensorflow 21114 : [(14043, 0.3151327391141892), (21113, 0.1731378284930848), (9995, 0.13892988380649748), (4569, 0.11610600102461349), (12228, 0.10331258409133633), (7101, 0.0959895069065231), (16897, 0.09110979593631333), (12670, 0.08971495847518406), (2058, 0.0827187415664233), (13309, 0.0811139970694184)]
tensorflow/tensorflow 21113 : [(6208, 0.6147754875982138), (2183, 0.5332293336938811), (15224, 0.42932092446711656), (6227, 0.2776341690785682), (20476, 0.24874231267395), (16897, 0.23780172070269984), (2592, 0.19649019671948517), (13022, 0.1845081503369826), (21114, 0.1731378284930848), (10593, 0.12671196689227374)]
tensorflow/tensorflow 21109 : [(6244, 0.4632242318252937), (17392, 0.43046837284866946), (17430, 0.42759335617309435), (21072, 0.420828756518215), (20549, 0.4007273931521742), (19157, 0.3937968882818416), (17692, 0.3853092261286563), (20540, 0.38123161911158665), (584, 0.38106969390014434), (12786, 0.37852358230824246)]
tensorflow/tensorflow 21107 : [(20792, 0.9999925142345786), (20572, 0.49416066105943135), (20716, 0.4312569323148569), (1681, 0.3781805362333649), (832, 0.3417011492518505), (13948, 0.3154331713942349), (21011, 0.19926070843511498), (16724, 0.17318171443011987), (5384, 0.15651686067134543), (18100, 0.1522216598705205)]
tensorflow/tensorflow 21106 : [(20935, 0.914939973412042), (20897, 0.8848372285428181), (14418, 0.8621085794460427), (3861, 0.8499875753769705), (21101, 0.7078612475419354), (15281, 0.6621167869497931), (16625, 0.5863990953233081), (21155, 0.5545644651945297), (3779, 0.5171586704099426), (14727, 0.4940872136480578)]
tensorflow/tensorflow 21105 : [(17073, 0.9341818945499422), (17637, 0.35182556133039705), (19736, 0.30798218045984765), (828, 0.2591599497095212), (19346, 0.243082583565454), (19730, 0.2094175561891078), (20646, 0.16712225754673107), (17326, 0.14677262563236956), (14631, 0.13203649225389055), (19928, 0.1300639084985276)]
tensorflow/tensorflow 21102 : [(20066, 0.799242283732029), (19011, 0.5673616713437509), (17180, 0.5303269057813729), (20578, 0.5259417921042719), (21140, 0.44447641732201243), (18745, 0.31104966840819476), (19400, 0.28313135967965514), (17078, 0.27348257504294377), (11212, 0.24272452876717768), (19403, 0.2330854938415821)]
tensorflow/tensorflow 21101 : [(1649, 0.8026830049791456), (21106, 0.7078612475419354), (3602, 0.703382622522644), (16420, 0.6732913265643379), (2519, 0.4199348805254845), (1601, 0.4199348805254845), (18623, 0.227481135559652), (20935, 0.1687806196283648), (20854, 0.14736895198376998), (1011, 0.11445214793785832)]
tensorflow/tensorflow 21100 : [(14727, 0.21724837811534634), (11209, 0.1358886087657102), (19920, 0.07090009512150096), (8736, 0.06673206494677152), (21138, 0.059384956166379954), (1466, 0.05229105152698152), (14531, 0.046062146923146655), (3229, 0.04467629748484311), (15608, 0.04402456040351825), (18231, 0.0435817543523527)]
tensorflow/tensorflow 21098 : [(16021, 0.9999997361548082), (18801, 0.9999967307804167), (6114, 0.9173918244856248), (17523, 0.6781817510440118), (17797, 0.44423083699572075), (11274, 0.3581631897477515), (11222, 0.3581631897477515), (16992, 0.3530432238561194), (11924, 0.3187135413129626), (11505, 0.3187135413129626)]
tensorflow/tensorflow 21097 : [(17491, 0.9232413756926815), (20540, 0.9062947979676304), (19665, 0.8246779294376355), (20004, 0.6255716297455783), (16511, 0.5403165602129061), (16077, 0.5101359913369202), (12034, 0.45258140920673656), (15705, 0.45034663470276165), (19660, 0.43893614531493547), (1673, 0.43252184599706855)]
tensorflow/tensorflow 21092 : [(19213, 0.2447957465248858), (6358, 0.18385204139945924), (7730, 0.17463382371608588), (6528, 0.16248701754979156), (10593, 0.13926214677341509), (8400, 0.1192810525377044), (16897, 0.10903501169746668), (16413, 0.10604339152482987), (16416, 0.09805672913672894), (6986, 0.09013167959488574)]
tensorflow/tensorflow 21086 : [(16618, 0.9777923499849388), (21080, 0.9747074110615668), (19590, 0.9747074110615668), (16140, 0.9747074110615668), (9361, 0.9747074110615668), (987, 0.9747074110615668), (12814, 0.971863615079736), (14838, 0.9693611031883306), (14839, 0.9687913584351483), (1039, 0.967859997570906)]
tensorflow/tensorflow 21082 : [(16430, 0.5), (15535, 0.4364811860243573), (18631, 0.36306247984354234), (18321, 0.3439863968163814), (18910, 0.31418024217810925), (15117, 0.2077829325822182), (2638, 0.1527900575902346), (20646, 0.11976446275922743), (21133, 0.09014931700385276), (5173, 0.08743438602363726)]
tensorflow/tensorflow 21078 : [(5471, 0.45094749273618717), (18249, 0.30205305529172827), (5107, 0.24426842443608665), (13284, 0.17642414792338942), (13608, 0.15867559587852717), (573, 0.15066785486782128), (14880, 0.1446367068472925), (15287, 0.13338926878569674), (8965, 0.10111078184366103), (756, 0.08627325411286942)]
tensorflow/tensorflow 21075 : [(18803, 0.0264843253518978), (17953, 0.026307759358201944), (17607, 0.0246512944114286), (20318, 0.024304569436729585), (15595, 0.02360917620687079), (2752, 0.022723198521083177), (9120, 0.022242034998663673), (16849, 0.022002946117560516), (14408, 0.02133057936459651), (19332, 0.021285304179907802)]
tensorflow/tensorflow 21073 : [(20648, 0.3177537477429859), (21071, 0.08699117900739395), (20650, 0.07281659404134594), (5599, 0.06586123210977313), (17109, 0.06367728397951235), (20011, 0.05819821330458709), (1428, 0.056927455693986335), (9933, 0.052759425336608365), (9899, 0.052758623536074495), (2861, 0.051728838022117585)]
tensorflow/tensorflow 21072 : [(17692, 0.44235479013572726), (21109, 0.420828756518215), (20549, 0.41301239809365003), (21097, 0.40111239732623694), (20394, 0.39718419552553746), (17430, 0.39144649606351617), (16511, 0.3877493314840863), (19665, 0.384090122363598), (17392, 0.38186261530630833), (20432, 0.37769035395023975)]
tensorflow/tensorflow 21071 : [(20650, 0.9849187811057165), (20902, 0.2854245852459157), (10309, 0.22660752139100862), (10400, 0.17444905937081973), (7105, 0.14373874441893822), (5274, 0.13767022666363218), (5273, 0.13767022666363218), (2817, 0.13195136439640104), (18667, 0.12675943812777432), (20907, 0.11978108530055194)]
tensorflow/tensorflow 21068 : [(8171, 0.44966512134992187), (19102, 0.07909133705989463), (20634, 0.07437367979578358), (14667, 0.06479930076814656), (14073, 0.06192571454398073), (19705, 0.0609722972426991), (19827, 0.06091478658416902), (19828, 0.06091478658416902), (16830, 0.0602482474930951), (19736, 0.05963280856625448)]
tensorflow/tensorflow 21066 : [(16736, 0.43011304287240626), (19398, 0.17759380759385654), (7154, 0.11430970267842615), (19111, 0.10280887125551336), (18803, 0.10164383762131361), (5814, 0.09190140548971765), (5085, 0.09114253390945687), (11006, 0.0821085173603207), (21061, 0.08134504548609271), (7332, 0.07673463473946328)]
tensorflow/tensorflow 21065 : [(20971, 0.15604252320948922), (13070, 0.11869267120263247), (14597, 0.10697797524583595), (5052, 0.10442447808032507), (16394, 0.10056080206278373), (1036, 0.08544147926499757), (5607, 0.07883154680166081), (5051, 0.07629195789903304), (1155, 0.07620825452403689), (4957, 0.07312544101155068)]
tensorflow/tensorflow 21063 : [(20034, 0.12837030187962803), (12922, 0.08641721179253493), (12885, 0.08641721179253493), (894, 0.065554290916686), (2249, 0.06116322594609315), (20890, 0.05095135044214412), (18873, 0.050848834943892404), (21035, 0.05047242367196236), (20971, 0.045294339040543835), (11354, 0.043981699774999536)]
tensorflow/tensorflow 21061 : [(17846, 0.35700662737069067), (12026, 0.33446111546312457), (15324, 0.28992866422498254), (16569, 0.2702480171803633), (12257, 0.2044890016887732), (17117, 0.11074881988682474), (21066, 0.08134504548609271), (6494, 0.07290067351895176), (16973, 0.05921706205547145), (1009, 0.059069405918974145)]
tensorflow/tensorflow 21049 : [(2249, 0.20818730105613856), (15475, 0.10907517042444796), (12922, 0.10204306527390851), (12885, 0.10204306527390851), (20845, 0.0882422933596021), (14597, 0.08167149599658077), (19937, 0.07547727445776907), (6938, 0.06839053976623359), (12337, 0.06028092925597909), (16259, 0.05997530213041287)]
tensorflow/tensorflow 21047 : [(12934, 0.17768411824685798), (2003, 0.17069889223858528), (17988, 0.16212983849452783), (18820, 0.14554697083685975), (20907, 0.1141203533865896), (21050, 0.09228794909282452), (3229, 0.09188792333420219), (10593, 0.08495209947112278), (1457, 0.06978454057486055), (16634, 0.0660836706845292)]
tensorflow/tensorflow 21043 : [(2258, 0.915634383867841), (11243, 0.5701179775200804), (8195, 0.5414523291529972), (1800, 0.5389872789808073), (13166, 0.5261275348912945), (16511, 0.4231476897317649), (10702, 0.4188181422514439), (1113, 0.411079527516285), (13949, 0.4073854542329394), (13678, 0.4069283043723165)]
tensorflow/tensorflow 21042 : [(18963, 0.06843652369585887), (4370, 0.0619893617245733), (12006, 0.06175268176224796), (15969, 0.05825317392390926), (5692, 0.05671052513718574), (1384, 0.05667644360090385), (1476, 0.05641624638233719), (2244, 0.05581486273588186), (1042, 0.052973069918066225), (16896, 0.05157584339408251)]
tensorflow/tensorflow 21039 : [(16736, 0.9869107811279377), (3604, 0.961969999230056), (9286, 0.9618324676076312), (14578, 0.9606360155813585), (14574, 0.9555726708984512), (9933, 0.8849201110001037), (9899, 0.8842065542053145), (15861, 0.849967375178546), (2691, 0.7897367972022135), (17821, 0.7853661875417521)]
tensorflow/tensorflow 21038 : [(13846, 0.8212518862446937), (3511, 0.15151341350264091), (7105, 0.14771777883885795), (13608, 0.13947475598753986), (18963, 0.13862074461955837), (7492, 0.12832129583830976), (18851, 0.11936476318135586), (15287, 0.11206429368557289), (1514, 0.10928020594171003), (16896, 0.09124001514339485)]
tensorflow/tensorflow 21035 : [(8996, 0.4306224844215215), (1057, 0.3544571610078477), (10344, 0.3484270212356288), (19377, 0.23884862009191193), (1183, 0.20490116877553816), (17889, 0.19370254637871578), (6905, 0.19088426943711032), (894, 0.18941583628273562), (17265, 0.1763989204637797), (1296, 0.14870105064585667)]
tensorflow/tensorflow 21031 : [(18220, 0.9439331212257446), (5107, 0.8087273036516296), (16210, 0.7510265258618911), (18312, 0.7445221314090418), (9615, 0.7394174582022203), (14463, 0.7297826797363064), (16394, 0.5689666012239853), (16878, 0.4475801529241518), (15614, 0.4103371687097566), (14408, 0.3972260380033843)]
tensorflow/tensorflow 21025 : [(12666, 0.9907653559314754), (19653, 0.986503101506061), (11530, 0.7541616801488802), (13557, 0.718294709659725), (3807, 0.5583626232791055), (20159, 0.5346800977654385), (4014, 0.4587937285263496), (14019, 0.4085400323925983), (12786, 0.4052300094894115), (1719, 0.4031732854229859)]
tensorflow/tensorflow 21023 : [(13990, 0.275217807403075), (16996, 0.22006066752965572), (14020, 0.12047500259574385), (14024, 0.12019175500065121), (15279, 0.09829679644424796), (17961, 0.09579786689627239), (20782, 0.06178033143002627), (20808, 0.06178033143002627), (20045, 0.06173156940019209), (18814, 0.05697137270458711)]
tensorflow/tensorflow 21021 : [(19653, 0.5856438499750797), (12666, 0.5219621374378314), (3807, 0.4574253307701365), (9305, 0.32972441505993066), (15184, 0.29611520523024343), (11377, 0.22551082452547827), (11530, 0.16182255698771858), (8955, 0.16047631819320737), (1125, 0.15029510478865138), (13572, 0.1271212668723746)]
tensorflow/tensorflow 21020 : [(6090, 0.5325538867212074), (16742, 0.487244866506557), (11118, 0.41744765054231653), (4014, 0.34077244092276526), (3865, 0.17091817010315494), (19101, 0.11044367885434932), (6208, 0.09793026729141331), (20967, 0.09335311424648678), (7254, 0.08883013959279334), (1466, 0.08842332540399891)]
tensorflow/tensorflow 21011 : [(19332, 0.9876858999819313), (19314, 0.9809408480047415), (19011, 0.8900814956995775), (20066, 0.6637733221176877), (18726, 0.55622802340961), (19402, 0.5431138702130324), (19403, 0.5050343704515057), (20792, 0.4481520177747444), (19400, 0.4245116727523391), (20578, 0.42145036629225063)]
tensorflow/tensorflow 21007 : [(19011, 0.2748457114612945), (20066, 0.23623051838180462), (20578, 0.22299063113724538), (2674, 0.18296124966458505), (21140, 0.18267293423333433), (17797, 0.18145593888220185), (19400, 0.17741322848207713), (18745, 0.17457520497671497), (17180, 0.14673499395263487), (21011, 0.14645127939218766)]
tensorflow/tensorflow 21006 : [(5233, 0.13109436538385877), (5051, 0.11834199222914657), (16057, 0.1129603058237309), (19101, 0.106395165134801), (1229, 0.10203327759802543), (16501, 0.09915929213002564), (973, 0.09748479458284112), (974, 0.09289509610244748), (20609, 0.09032361944187), (1313, 0.08966826537003457)]
tensorflow/tensorflow 21005 : [(9120, 0.18500441292831799), (1011, 0.17638305887945618), (20766, 0.09173950569791527), (15166, 0.08770703060796048), (21101, 0.07767557284012797), (21071, 0.07422149576479749), (17109, 0.06958689427124704), (1428, 0.0653266393208913), (6090, 0.06312803807982056), (20650, 0.06194474590905316)]
tensorflow/tensorflow 21002 : [(20971, 0.9629079542272292), (2638, 0.928060632443968), (14747, 0.9171238670353761), (14867, 0.9087377104153065), (14864, 0.9087377104153065), (14863, 0.9087377104153065), (2639, 0.8674505633149743), (3452, 0.8439375048625799), (4598, 0.6068039785753344), (1800, 0.421180737336586)]
tensorflow/tensorflow 21000 : [(5051, 0.16186824523647564), (6989, 0.13163526684171065), (18675, 0.1311255531712081), (2157, 0.1310621138321932), (16394, 0.08953867168275167), (4185, 0.08735400656431869), (475, 0.08295982895780768), (11259, 0.07931465741880911), (11258, 0.07931465741880911), (5052, 0.07522627230404172)]
tensorflow/tensorflow 20996 : [(5353, 0.14583608995131803), (20792, 0.13518969887275079), (21012, 0.0988469477355706), (14747, 0.0947723740738546), (14757, 0.09437802213513047), (14864, 0.08817136496173004), (14867, 0.08586348789617217), (14863, 0.08586348789617217), (5607, 0.08424131143040497), (6881, 0.08410519161267595)]
tensorflow/tensorflow 20988 : [(17430, 0.3060379899303044), (16430, 0.2194949889556719), (15183, 0.20685099838874738), (14928, 0.13069737777400497), (8597, 0.12871695747975098), (17954, 0.1278712690061594), (4569, 0.12046460527641775), (886, 0.11513377463176853), (884, 0.11513377463176853), (3417, 0.09954109439381854)]
tensorflow/tensorflow 20979 : [(18411, 0.41554500137765016), (2805, 0.27780479338437825), (5053, 0.17476857780715713), (1068, 0.1739691202855495), (16601, 0.15931621626835687), (12034, 0.14988311595699527), (17282, 0.14718654446352886), (3003, 0.1265109814421376), (4598, 0.11811317503599544), (8600, 0.11558274466568898)]
tensorflow/tensorflow 20967 : [(21020, 0.09335311424648678), (9013, 0.08991922011755389), (17030, 0.08681163972705899), (19831, 0.08063293235611092), (20845, 0.07438834327319496), (3417, 0.06686242633457261), (19784, 0.06318830466849068), (1466, 0.06009019619573256), (6938, 0.05926523457581965), (15441, 0.05775416238769818)]
tensorflow/tensorflow 20958 : [(1089, 0.17380625584709997), (5051, 0.16343693256590724), (1719, 0.15291677253385785), (7605, 0.12571946196711303), (5076, 0.12212225535925084), (21012, 0.09329574002676433), (5052, 0.0894186869749908), (11227, 0.08796203902125753), (4569, 0.08763858325023292), (18638, 0.08329324477417231)]
tensorflow/tensorflow 20951 : [(5107, 0.4315662709666839), (16394, 0.42477952511229483), (20525, 0.3927458949184326), (18312, 0.3621611502988431), (6328, 0.291113941592744), (5052, 0.28508187994671463), (9615, 0.2599355351512608), (16210, 0.2545450402175757), (19099, 0.23514646335223538), (16878, 0.20889463378156037)]
tensorflow/tensorflow 20928 : [(13557, 0.7033073338316544), (2018, 0.47418592478014066), (3807, 0.4735452851367485), (1719, 0.4162139587282865), (14019, 0.4114227188835339), (12786, 0.40414539442210956), (16501, 0.3998171228057264), (13282, 0.39953979708113174), (13917, 0.3988725350601051), (11227, 0.3922404714831701)]
tensorflow/tensorflow 20918 : [(4594, 0.1188596178043309), (5778, 0.09763348697746543), (3229, 0.09583296586729549), (20318, 0.07506316863994954), (11377, 0.06695687051832618), (4017, 0.06569511206210504), (15279, 0.06391393523957485), (9175, 0.061498524396168285), (1780, 0.05578992050652895), (11581, 0.05439329810994038)]
tensorflow/tensorflow 20902 : [(21071, 0.2854245852459157), (10400, 0.26638519829699375), (20650, 0.257369064118298), (5691, 0.14104474824426488), (20957, 0.13818861842293492), (20907, 0.13818861842293492), (18667, 0.13208979940473223), (21050, 0.12696888500447728), (1009, 0.12207604517176439), (16634, 0.1189982027750628)]
tensorflow/tensorflow 20896 : [(4717, 0.49393745903534503), (12915, 0.23629339300873994), (730, 0.13619332375210505), (11056, 0.12795941564495164), (1125, 0.12547336910091236), (4947, 0.1253181170215994), (12296, 0.11574408895931779), (16057, 0.11561903777665489), (15098, 0.10809176112366746), (8577, 0.10441893735609947)]
tensorflow/tensorflow 20890 : [(19377, 0.3926251802018131), (6671, 0.3864426688367502), (16742, 0.2771712466435337), (8600, 0.2254970176726482), (16878, 0.2252666254834234), (18580, 0.16326065135850115), (18249, 0.15610459955991698), (4435, 0.14179221058941197), (18591, 0.13206032640303322), (20525, 0.13032388816264015)]
tensorflow/tensorflow 20888 : [(1068, 0.3017210880937808), (13250, 0.2793145569811103), (1130, 0.24205492336919116), (6972, 0.23115324164681586), (1338, 0.23115324164681586), (8600, 0.20866426016607334), (15713, 0.17563973466262547), (21083, 0.1664464402106181), (13149, 0.16490343136185173), (2752, 0.16059517902002216)]
tensorflow/tensorflow 20876 : [(16406, 0.8650827804114467), (15457, 0.7780511317321358), (570, 0.7170185530436823), (21080, 0.5475684137294567), (19601, 0.5475684137294567), (19590, 0.5475684137294567), (17329, 0.5475684137294567), (16618, 0.5475684137294567), (16140, 0.5475684137294567), (16070, 0.5475684137294567)]
tensorflow/tensorflow 20860 : [(19783, 0.6472277157704448), (298, 0.23390407142415506), (19534, 0.1437927633123416), (12629, 0.1382324311461134), (6421, 0.1203420164004667), (9043, 0.09788534321231926), (944, 0.08862486231940914), (13424, 0.08658874992720518), (15740, 0.0839909356713186), (18699, 0.08103781847300913)]
tensorflow/tensorflow 20845 : [(6938, 0.5826552470379025), (15275, 0.29301809415302377), (16259, 0.2799955643129776), (20179, 0.25777282359232684), (12337, 0.244760144271742), (11408, 0.22106045045664693), (10821, 0.21695806838171752), (15441, 0.20847725805168504), (19937, 0.2084408939855391), (19330, 0.20824587406112283)]
tensorflow/tensorflow 20809 : [(19050, 0.4590075096282124), (8544, 0.4132951184974059), (12786, 0.37339429849924255), (17430, 0.36346489044135555), (12995, 0.35413461901043447), (19213, 0.20851358585837126), (19947, 0.15905436876786908), (20244, 0.07462854212136556), (570, 0.0486690233667623), (5051, 0.0446370424534154)]
tensorflow/tensorflow 20808 : [(14020, 0.2059038069455359), (14024, 0.20513051991600836), (6299, 0.18457449483482266), (4049, 0.13793411766448604), (9514, 0.1280143250852917), (3807, 0.09537993491543152), (17961, 0.08851860677931597), (19334, 0.08397292345702112), (20045, 0.0771023956882519), (17189, 0.07381089188857783)]
tensorflow/tensorflow 20800 : [(12535, 0.1322908579587509), (9120, 0.10025110946691532), (17286, 0.07593657215870406), (9573, 0.07098527322711287), (20655, 0.07005667663148189), (5526, 0.0570664626538962), (4976, 0.04870194615002695), (15586, 0.04498419343093364), (17954, 0.044115673390954645), (16897, 0.04351209743478952)]
tensorflow/tensorflow 20791 : [(20540, 0.9952992645074399), (12995, 0.8243612279988632), (15705, 0.5228203577565197), (14981, 0.48680157209276564), (6657, 0.48638790221867206), (6655, 0.48638790221867206), (13218, 0.48484189886005585), (5367, 0.4822146180786095), (20572, 0.46851085001152926), (12034, 0.4523003945468327)]
tensorflow/tensorflow 20786 : [(4305, 0.44800306808720797), (8600, 0.11932504690595531), (5051, 0.08869799644898035), (16394, 0.0596419260639708), (1255, 0.054780676000806945), (5052, 0.053249124955275076), (11259, 0.05096995700483901), (11258, 0.05096995700483901), (16021, 0.0506785408666547), (20894, 0.0496349809978631)]
tensorflow/tensorflow 20785 : [(20756, 0.9999998055799174), (1512, 0.8818922765208961), (1780, 0.37457973086100627), (1221, 0.3633693396677478), (18381, 0.35005283773011564), (11556, 0.33731319072184246), (19682, 0.213886190693119), (2879, 0.1742504675727572), (14255, 0.13894661229278568), (11443, 0.07757154434461173)]
tensorflow/tensorflow 20768 : [(13949, 0.45193595882642384), (13678, 0.45107447913580107), (19531, 0.41184523562086534), (14843, 0.4104898200333975), (12777, 0.40869055584642033), (12180, 0.38189337418351627), (12786, 0.3796672410253133), (16511, 0.3776540337732455), (17452, 0.37763363682373075), (8736, 0.3775125598779209)]
tensorflow/tensorflow 20766 : [(17073, 0.7250581089214794), (764, 0.5565582587491155), (13538, 0.5064944104240909), (1034, 0.426889566430148), (570, 0.4236582980385243), (1456, 0.2920851130242561), (1036, 0.2725121439255649), (749, 0.2627307882507376), (14090, 0.2538402783310107), (935, 0.25070874361300466)]
tensorflow/tensorflow 20758 : [(4864, 0.5806939006571625), (1780, 0.48496108007459615), (11581, 0.439892801527888), (9805, 0.4028354621288208), (11556, 0.39536971445546937), (20753, 0.3833933179433971), (3780, 0.37604307036276063), (18381, 0.3746659904627001), (3023, 0.37228188296487824), (19392, 0.37192046914924154)]
tensorflow/tensorflow 20757 : [(5051, 0.1732690705982036), (5052, 0.13275681390709884), (4957, 0.11220922775861367), (16394, 0.09662193478475194), (6938, 0.07422168277467617), (5604, 0.07265756050996242), (11259, 0.06921977687269529), (11258, 0.06921977687269529), (1155, 0.06685733890411741), (11879, 0.06156783137173287)]
tensorflow/tensorflow 20753 : [(20136, 0.9903506462077326), (13917, 0.5873059977439912), (17236, 0.5806629394918714), (6244, 0.47650419982437053), (13935, 0.4656242339322485), (19050, 0.4649573612267077), (21146, 0.45901848957094915), (1710, 0.4235733954731001), (113, 0.4210786445480243), (7010, 0.41844203687153847)]
tensorflow/tensorflow 20744 : [(13864, 0.20346482231088772), (5058, 0.18966348338341432), (2733, 0.17016849859386396), (9093, 0.16065240606862757), (19576, 0.15549128438586074), (4258, 0.15053484472552556), (20981, 0.13409188765234625), (20893, 0.13409188765234625), (12200, 0.09051554595418403), (11104, 0.08941695242869083)]
tensorflow/tensorflow 20735 : [(20409, 0.11643603843612844), (15770, 0.0721612900868482), (16949, 0.059758249168661876), (16973, 0.059528220929271625), (16597, 0.058582104885473774), (11220, 0.058189540990684185), (15183, 0.05483848013268913), (12026, 0.05254866282075796), (16962, 0.05130498295274037), (7571, 0.050460267823968966)]
tensorflow/tensorflow 20734 : [(19153, 0.06650590363628413), (5450, 0.05420421035534957), (4508, 0.05420421035534957), (18866, 0.045089134095593474), (17144, 0.04460166723535035), (16501, 0.04189697413652903), (19987, 0.041116547668039724), (18220, 0.04016593771528447), (6938, 0.03876120038725644), (16324, 0.03854857128825375)]
tensorflow/tensorflow 20733 : [(14727, 0.6885622489488744), (19410, 0.49046478612935895), (19096, 0.3555456206831669), (7527, 0.29682892228473223), (21151, 0.24279446473972352), (9993, 0.1861498610292943), (7532, 0.12512193885170197), (7605, 0.11799893828810509), (8357, 0.10692361383157149), (19377, 0.08284310832123803)]
tensorflow/tensorflow 20715 : [(10863, 0.8266240591065761), (19096, 0.1083865089968731), (20357, 0.10578968118238652), (19410, 0.08143053825203747), (3997, 0.059781361145855305), (5233, 0.043818825456854775), (9933, 0.03567234784135522), (9899, 0.03566326999571604), (16696, 0.03437775643708341), (10821, 0.032318718599867305)]
tensorflow/tensorflow 20713 : [(10863, 0.8529638567914346), (19410, 0.09587539268345835), (3997, 0.06320879203143452), (5233, 0.045290903902915285), (16696, 0.03644997406122366), (9933, 0.03614869559396911), (9899, 0.0361403645588213), (10821, 0.0332549743455794), (9286, 0.0316052279857707), (21102, 0.030327470675142444)]
tensorflow/tensorflow 20712 : [(10863, 0.8754300460970121), (19410, 0.08541806147498451), (3997, 0.06522768412878073), (5233, 0.046338356085540156), (9933, 0.036989726226621916), (9899, 0.03698023207845627), (16696, 0.035273452534185484), (10821, 0.034089282528121705), (9286, 0.032573019415749416), (13637, 0.03138427870289267)]
tensorflow/tensorflow 20711 : [(11595, 0.221358473195422), (6986, 0.19419461533743343), (19938, 0.14202940651579307), (14471, 0.14202295822127098), (3237, 0.1351698665095999), (12626, 0.12743855561427914), (20574, 0.11594882415344124), (14447, 0.09819616326435665), (711, 0.08799011142469172), (5091, 0.08510014562277066)]
tensorflow/tensorflow 20709 : [(10863, 0.9347977877307285), (19410, 0.11591009828974264), (3997, 0.07622985783576505), (5233, 0.06738964132210834), (16696, 0.03709869230132911), (16057, 0.03522141037918272), (1229, 0.03208907832021659), (7481, 0.0316611341781726), (19075, 0.0307162521454689), (21082, 0.028118669689640136)]
tensorflow/tensorflow 20708 : [(10863, 0.6195476321814449), (15279, 0.06470095124226675), (4569, 0.05719780167711386), (3136, 0.055590887674803253), (12836, 0.050626882182429826), (20239, 0.050001389648760025), (4901, 0.044437997292382306), (4511, 0.04225612644753497), (4185, 0.04067750168949535), (15898, 0.04065367531902195)]
tensorflow/tensorflow 20707 : [(19377, 0.28786476231702346), (4435, 0.23830185102428092), (20525, 0.1330898071243174), (3419, 0.10224660185002714), (16878, 0.0973124962601583), (3158, 0.08830571276001045), (5640, 0.04657701820109325), (17010, 0.03661718935370757), (14090, 0.03661718935370757), (2038, 0.03661718935370757)]
tensorflow/tensorflow 20700 : [(19204, 0.17314702433303614), (16996, 0.16615719072449264), (2227, 0.14361156073166886), (9924, 0.11667606554552594), (19400, 0.10616588011207169), (8999, 0.09794160837462801), (15268, 0.08736410192336166), (19894, 0.07638125257983625), (4958, 0.07588626469682812), (14860, 0.06906226897952954)]
tensorflow/tensorflow 20686 : [(12180, 0.4783580131239876), (11224, 0.05686934207450665), (17117, 0.04926735603842825), (4347, 0.038933294404646865), (16473, 0.03345043297506224), (6632, 0.031909353839181025), (6626, 0.031909353839181025), (16353, 0.030095935141650324), (5051, 0.02933328785831184), (6625, 0.029303633383888535)]
tensorflow/tensorflow 20671 : [(11545, 0.1505541403232082), (1124, 0.12368613654898605), (14667, 0.10974297121824596), (17109, 0.08778632804881936), (21025, 0.05265342898392688), (19653, 0.052509956360377634), (5051, 0.0522044928341063), (570, 0.0486601947712942), (749, 0.044773188743587884), (2263, 0.04351763278500155)]
tensorflow/tensorflow 20657 : [(18378, 0.3608669396096607), (17282, 0.18053453926208282), (18702, 0.1579718647571607), (21143, 0.1562811554734511), (19204, 0.11309698423412508), (16601, 0.10165897408954687), (20884, 0.09281699950314513), (16600, 0.08576025365795563), (14865, 0.08415987260413461), (20953, 0.08337036707107133)]
tensorflow/tensorflow 20650 : [(21071, 0.9849187811057165), (20902, 0.257369064118298), (10400, 0.20838755351130234), (5274, 0.15151182680330938), (5273, 0.15151182680330938), (768, 0.1384878067579421), (20957, 0.1366825677405787), (20907, 0.1366825677405787), (1514, 0.12218872498323288), (2817, 0.11966611717117044)]
tensorflow/tensorflow 20632 : [(19736, 0.46198850357026655), (20721, 0.4199348805254845), (6244, 0.40505539982087446), (15201, 0.36020396372478336), (4046, 0.3580417531223108), (1713, 0.29619909423935453), (9093, 0.23458045506946582), (20851, 0.218245067228992), (11418, 0.19592173609399252), (14501, 0.15407414653870505)]
tensorflow/tensorflow 20611 : [(1891, 0.7316216559566754), (18140, 0.48253026547300654), (11530, 0.33518259522247823), (16300, 0.32295968815385484), (1466, 0.25718258713370024), (16185, 0.19837335530113162), (1394, 0.12522101521385015), (13985, 0.11522226177888399), (13599, 0.11347535100038122), (14939, 0.11198203434985814)]
tensorflow/tensorflow 20609 : [(18702, 0.8246872998564625), (4731, 0.8224359459965459), (3807, 0.6188529300686157), (19615, 0.5753756941031986), (8955, 0.2592957605282606), (6009, 0.22750492750046752), (7012, 0.221739489103711), (1042, 0.18839576176835315), (6066, 0.16071090404085672), (951, 0.15713604179143636)]
tensorflow/tensorflow 20578 : [(20066, 0.7231294511111767), (11259, 0.6450268041412391), (11258, 0.6450268041412391), (19332, 0.5813801232708503), (21102, 0.5259417921042719), (21011, 0.42145036629225063), (19808, 0.39411389376750616), (20576, 0.35865060912126895), (19400, 0.3528085814329524), (20810, 0.342360312397003)]
tensorflow/tensorflow 20574 : [(19377, 0.45380952213656467), (13027, 0.22847706500890366), (13899, 0.22275469251768448), (20525, 0.145398543905109), (12200, 0.14229916050243777), (16878, 0.11658502684943631), (20711, 0.11594882415344124), (5058, 0.08909700491571948), (19576, 0.08431503956051178), (4258, 0.07925755565065458)]
tensorflow/tensorflow 20554 : [(16885, 0.8480927227411349), (5528, 0.4091478666948934), (11687, 0.3622431219563421), (9477, 0.3620579712734329), (9403, 0.2916077381358887), (13829, 0.23141472725205334), (17584, 0.16026714911391418), (9404, 0.14086657872486671), (15595, 0.11675920906705807), (12120, 0.11655902429861095)]
tensorflow/tensorflow 20549 : [(6353, 0.5178516501250854), (20944, 0.45241029175541403), (21072, 0.41301239809365003), (21109, 0.4007273931521742), (17430, 0.3963397802396694), (17392, 0.3865417048692519), (20652, 0.3805396041901705), (21097, 0.37682883754504926), (20400, 0.3752695712968359), (20394, 0.3752695712968359)]
tensorflow/tensorflow 20548 : [(1260, 0.10063208550436337), (5699, 0.09069859511614622), (14748, 0.09043056098714357), (18411, 0.08754517485395899), (11408, 0.04070514614410152), (11989, 0.03752645827586757), (3416, 0.03533193145020025), (20782, 0.02985261616652708), (20808, 0.02985261616652708), (858, 0.02904267668910508)]
tensorflow/tensorflow 20546 : [(20646, 0.9946891429520636), (20330, 0.992437740339701), (7105, 0.2053121911602511), (20876, 0.18944685926707355), (15457, 0.17680505961169543), (570, 0.15431190568466557), (1082, 0.1351289827683279), (16406, 0.11055991531076091), (1058, 0.09860176148382953), (8039, 0.09820482907280494)]
tensorflow/tensorflow 20544 : [(1891, 0.2712471747745636), (242, 0.10388476262382049), (18716, 0.09560053791333332), (20850, 0.09231722857664239), (20791, 0.09177242161719887), (19843, 0.08895909335867788), (16357, 0.08579161544659349), (21127, 0.08013752815985421), (19334, 0.07905586597305522), (17109, 0.0748876443527984)]
tensorflow/tensorflow 20541 : [(11130, 0.23082751144071098), (12296, 0.1368541380294942), (19098, 0.13662348420103942), (18501, 0.13241426886961177), (7605, 0.11051304173973518), (5052, 0.10367846273903886), (8862, 0.08670374223092923), (5051, 0.08665935676143276), (20894, 0.0861022957531763), (21012, 0.08334667794149092)]
tensorflow/tensorflow 20540 : [(20791, 0.9952992645074399), (14981, 0.9504389067753437), (21097, 0.9062947979676304), (20652, 0.8934322738599958), (20970, 0.8917482444124951), (12995, 0.8279693273239166), (5353, 0.7642860816168461), (20572, 0.745618231980476), (17601, 0.6881414616613932), (20400, 0.6778517298608338)]
tensorflow/tensorflow 20539 : [(6435, 0.7004047612077082), (5348, 0.14384712392702115), (5196, 0.12016910355122044), (7144, 0.1031651505939201), (7143, 0.1031651505939201), (17286, 0.07505995214987349), (20655, 0.07162134439412132), (11530, 0.06165555067964054), (6887, 0.06127113525293075), (5526, 0.056523257590258565)]
tensorflow/tensorflow 20538 : [(19075, 0.7632063385703202), (19067, 0.7168009594156745), (19098, 0.22514983595486657), (8862, 0.20255483915763675), (1144, 0.18986428931309116), (11130, 0.17148955705619806), (18369, 0.12723584746709812), (18585, 0.12135501560671275), (20046, 0.11274774773113286), (19666, 0.11274774773113286)]
tensorflow/tensorflow 20537 : [(6710, 0.940017195465494), (19243, 0.9209929146572331), (19098, 0.21069272016889318), (8862, 0.18979217465617532), (1144, 0.17806504272845133), (11130, 0.1610946101725075), (11451, 0.0899973812000384), (12296, 0.06126026807998489), (20894, 0.04852076347898567), (1083, 0.04595127113925698)]
tensorflow/tensorflow 20536 : [(11130, 0.3873468673550684), (19098, 0.22224604304176956), (8862, 0.19998984121145486), (21027, 0.197978348637879), (1144, 0.1874923473502352), (20400, 0.14827517081579716), (11377, 0.14348940308576277), (18585, 0.11461221399805342), (18369, 0.10914677244829683), (19032, 0.10523643207421132)]
tensorflow/tensorflow 20525 : [(16878, 0.8358008927118785), (14463, 0.4117880803194187), (18312, 0.40912715741274003), (20951, 0.3927458949184326), (16210, 0.3848677176037379), (19377, 0.33959930473345756), (900, 0.2502938845056396), (21031, 0.24422932007082962), (891, 0.2345009190018754), (11655, 0.2336970118608126)]
tensorflow/tensorflow 20507 : [(19737, 0.9763181303310691), (1099, 0.8292016832783703), (1050, 0.6976040945472027), (19346, 0.4691762325977797), (14471, 0.13222527965041758), (1754, 0.10034458426342276), (11237, 0.09086178969020622), (10682, 0.06655251779419635), (18606, 0.05489232823116249), (13445, 0.050550594540768795)]
tensorflow/tensorflow 20501 : [(20171, 0.3555549858162643), (6206, 0.3190494945087287), (6203, 0.3190494945087287), (6165, 0.3190494945087287), (19098, 0.1412505224600042), (8862, 0.13780999909503375), (1144, 0.11052929105100988), (3602, 0.08870333892441928), (1649, 0.08493074589603555), (21101, 0.08461159800822668)]
tensorflow/tensorflow 20497 : [(15276, 0.2618029513561178), (19330, 0.20181843311828437), (18209, 0.1686923184818722), (7331, 0.1291297701222181), (19987, 0.08398751720516681), (18197, 0.0835551946369009), (12191, 0.06746680501788901), (158, 0.06662062262463225), (8668, 0.06508592990372421), (12228, 0.06013722058886045)]
tensorflow/tensorflow 20495 : [(10525, 0.4199348805254845), (10524, 0.4199348805254845), (5431, 0.34543665395103657), (1080, 0.10962473794041644), (14281, 0.08059016228417445), (1351, 0.06845083243532847), (1435, 0.06700088245825629), (15931, 0.06136195729336875), (19552, 0.05910665393930438), (8538, 0.05706973418538077)]
tensorflow/tensorflow 20479 : [(3637, 0.515025201836565), (11179, 0.45443200365693404), (14362, 0.43181704585107256), (8598, 0.4199348805254845), (8597, 0.4199348805254845), (7275, 0.3555843544287161), (13938, 0.1874587597700458), (8722, 0.17078669781494185), (3383, 0.12363061156423921), (3171, 0.12337852311984364)]
tensorflow/tensorflow 20477 : [(7628, 0.28482907003260516), (1394, 0.0613753128644635), (20611, 0.05230238019524503), (1891, 0.05117615858452185), (9373, 0.048500688183967286), (998, 0.04562308102382485), (10242, 0.04168376035380078), (9909, 0.04154053260589311), (9897, 0.04116477179564666), (10126, 0.03990224260848934)]
tensorflow/tensorflow 20476 : [(2244, 0.4619616179579548), (21113, 0.24874231267395), (16897, 0.18924682398733092), (20655, 0.1496180269311913), (10593, 0.13660695974900391), (5526, 0.1172963763922739), (4051, 0.1052091141122647), (17286, 0.09794354632539709), (16394, 0.08251902787209456), (17954, 0.0776637292253213)]
tensorflow/tensorflow 20446 : [(19153, 0.590499759879228), (1489, 0.3842843196447988), (17392, 0.25706457304099894), (14727, 0.2324306965199481), (12200, 0.2278128135679326), (20897, 0.1792243848203162), (11752, 0.1694592828208622), (14483, 0.1624500551080733), (11498, 0.1624500551080733), (7139, 0.1624500551080733)]
tensorflow/tensorflow 20443 : [(12682, 0.6282046534910057), (907, 0.3294627254111789), (6856, 0.16173363977062163), (4129, 0.13727303871466354), (1331, 0.13633758507747382), (11179, 0.12811977786450604), (1133, 0.12597534196271604), (3171, 0.12085262806724374), (3153, 0.12085262806724374), (3561, 0.11784660303143694)]
tensorflow/tensorflow 20432 : [(2203, 0.6177761136270827), (20725, 0.5231379051925146), (16511, 0.4266315805935749), (1435, 0.4258900913184912), (12429, 0.42353004452166093), (17392, 0.4140873052266092), (19552, 0.41261873637174823), (17692, 0.4112728033003858), (20400, 0.4050643294753723), (20394, 0.4050643294753723)]
tensorflow/tensorflow 20419 : [(5692, 0.5953006378861735), (15762, 0.4199348805254845), (14397, 0.40838966627910894), (2006, 0.17481106198295895), (4383, 0.16948634481914399), (19453, 0.15300831238156878), (10863, 0.08397292345702112), (20894, 0.07203900053527626), (16615, 0.07139337042713506), (5353, 0.06454660586414168)]
tensorflow/tensorflow 20413 : [(840, 0.15547220859930933), (19938, 0.08019526849382075), (11999, 0.06770117655448832), (6090, 0.06664139864028903), (17194, 0.04989031728238706), (16634, 0.04925052286546555), (7667, 0.04149831212874199), (2931, 0.03991618587028911), (13748, 0.03712493689390573), (3236, 0.036150371152983106)]
tensorflow/tensorflow 20412 : [(7893, 0.12402795675067727), (4520, 0.11379986524957722), (20845, 0.0896977185721328), (19506, 0.08907002198726532), (19330, 0.08760524090533864), (20409, 0.08419228331761164), (11408, 0.07893688049049034), (17656, 0.07625601753336839), (5899, 0.07447828682153308), (18209, 0.07376193451275485)]
tensorflow/tensorflow 20410 : [(1209, 0.35438184826748714), (19379, 0.22007698457424554), (19576, 0.21255233378428806), (5058, 0.21255233378428806), (242, 0.21177467591994217), (4258, 0.16811404826397391), (11118, 0.13019071356051545), (5025, 0.1265752049513163), (12200, 0.11697413821746801), (15279, 0.11149623372126123)]
tensorflow/tensorflow 20406 : [(573, 0.6712446883277092), (6874, 0.33512558932393355), (20985, 0.23041025340091137), (6651, 0.10827444906976656), (7280, 0.09975458985457002), (5471, 0.096469764091424), (20193, 0.0956301343891158), (17077, 0.09478705168137422), (17084, 0.08983361320183579), (9751, 0.08652175924674067)]
tensorflow/tensorflow 20388 : [(16696, 0.6210927640384284), (2359, 0.21780178485923057), (16319, 0.15152198889572963), (4254, 0.11967644989722336), (20193, 0.09012229367749625), (20029, 0.08010295375275808), (18589, 0.07490500924038732), (18587, 0.07490500924038732), (882, 0.07393577606811044), (1466, 0.06466994064160432)]
tensorflow/tensorflow 20378 : [(5051, 0.16682115171662104), (2879, 0.1452109192937569), (4831, 0.1429119057864216), (4824, 0.13990811772118805), (5052, 0.09550654532837774), (12742, 0.08588819565646236), (5053, 0.0699545912474925), (475, 0.06767838826543995), (16394, 0.05685714808506872), (21000, 0.05002214139883194)]
tensorflow/tensorflow 20366 : [(2359, 0.29161292505610037), (4254, 0.13963742356358813), (20029, 0.10443179996824843), (18589, 0.0917979269293444), (18587, 0.0917979269293444), (882, 0.08880558988376332), (19057, 0.07902867549471702), (1466, 0.07619464400712285), (12506, 0.07269135890031869), (16634, 0.06632794261598356)]
tensorflow/tensorflow 20364 : [(55, 0.5), (1384, 0.08387188758099176), (1476, 0.08051461832341257), (6358, 0.05683485049645054), (11106, 0.05601499619781441), (14748, 0.055151615102474905), (6090, 0.05444180064735672), (18716, 0.048269480572308364), (21012, 0.04725583895359437), (13447, 0.04629027327939683)]
tensorflow/tensorflow 20318 : [(4594, 0.3967417171742787), (18197, 0.35875303701285993), (5778, 0.3151873659472257), (19264, 0.3126776473958863), (3229, 0.29043154868516224), (7240, 0.27958505987611487), (4952, 0.24317517511585762), (14727, 0.21810710283075577), (11377, 0.16278976261760486), (15279, 0.1463612020692981)]
tensorflow/tensorflow 20314 : [(3108, 0.858832152457893), (7992, 0.26073455885033486), (20877, 0.18243935122181373), (10049, 0.10324624693588894), (20777, 0.07586536951189417), (9879, 0.06889403720832403), (8171, 0.06484210834950166), (13948, 0.0641676493305168), (17239, 0.06090393332827188), (1255, 0.0495882302438336)]
tensorflow/tensorflow 20296 : [(20646, 0.5454198247272187), (1901, 0.34094386113166475), (19095, 0.21637529811533518), (19094, 0.21637529811533518), (2010, 0.2040451999100826), (1862, 0.2040451999100826), (15117, 0.1915489026787536), (1155, 0.18751343184373712), (2357, 0.1716287811246653), (17891, 0.15686227283950377)]
tensorflow/tensorflow 20277 : [(10863, 0.7496472471125911), (17228, 0.5618143286990586), (18745, 0.23720228123181095), (20419, 0.22274263408488484), (1294, 0.16874040417683467), (21122, 0.16337095748867608), (17265, 0.162908564608584), (939, 0.1494377295155042), (17797, 0.13682609930547554), (13472, 0.12520395196304185)]
tensorflow/tensorflow 20239 : [(12836, 0.19847749269682527), (18860, 0.1731273239363497), (19082, 0.1623644770949104), (4185, 0.1272388202546458), (11282, 0.12232877923513177), (18369, 0.1030965452937933), (20558, 0.08005506088996389), (8965, 0.07277177669310375), (5279, 0.06633124977890474), (20822, 0.06434240127720646)]
tensorflow/tensorflow 20237 : [(20939, 0.2936340673365539), (20294, 0.15263224488719115), (19097, 0.1314583194915373), (19011, 0.1239530789506391), (20861, 0.10576857028016134), (20578, 0.10458095263864885), (19332, 0.09850051409428633), (20164, 0.09425008745982397), (21102, 0.09395344225249935), (20190, 0.09011867657479032)]
tensorflow/tensorflow 20155 : [(20864, 0.2161430248625384), (1416, 0.17926569638100887), (13817, 0.13341064777006403), (16616, 0.12477451160487005), (16571, 0.1059332982532434), (17099, 0.10551355872035535), (20003, 0.10427535613890958), (15614, 0.09527211174607315), (16953, 0.08397292345702112), (13322, 0.08397292345702112)]
tensorflow/tensorflow 20136 : [(20753, 0.9903506462077326), (20172, 0.3419204626832682), (20957, 0.20427993922796533), (20907, 0.20427993922796533), (17948, 0.16138761228707368), (18349, 0.15453261521358147), (14836, 0.13290072867950334), (21050, 0.12175929234193734), (11595, 0.09843810564546467), (9093, 0.09323968367040199)]
tensorflow/tensorflow 20114 : [(20884, 0.8892377981779268), (12708, 0.2593835676173043), (805, 0.18599114201672534), (13538, 0.14115256617373648), (17264, 0.1389451586784368), (15790, 0.10023572460435484), (15789, 0.10023572460435484), (15787, 0.10023572460435484), (15786, 0.10023572460435484), (1034, 0.08688920317228445)]
tensorflow/tensorflow 20108 : [(10719, 0.8638768800393822), (589, 0.7773680095097797), (14833, 0.5109135522581004), (14925, 0.40232920114944287), (5718, 0.2089994734621215), (5874, 0.17940462117598222), (5889, 0.16191543217553742), (20197, 0.15941317357101828), (17113, 0.13841380086348698), (6300, 0.13331328166420148)]
tensorflow/tensorflow 20105 : [(19712, 0.34619030643449344), (17228, 0.2206032441058135), (14836, 0.1366286695356055), (19534, 0.11885972137419432), (20417, 0.09883288604525006), (20971, 0.08647125305073973), (21122, 0.07287630940907652), (1485, 0.06228797925107662), (20172, 0.06163800167370903), (20185, 0.0605839564120416)]
tensorflow/tensorflow 20078 : [(7105, 0.5607911679388351), (12023, 0.34341571790207653), (15098, 0.3156041136505753), (7688, 0.283217643733715), (1058, 0.2720749195212245), (17975, 0.23532164401855965), (9040, 0.20621681367281824), (4254, 0.2053775406837174), (19545, 0.17100121685252237), (18576, 0.16885474170032827)]
tensorflow/tensorflow 20077 : [(20034, 0.8318865400576558), (2113, 0.30589860388222384), (6784, 0.12123385381778501), (12922, 0.09308520290842572), (12885, 0.09308520290842572), (5370, 0.08508786690860853), (20284, 0.07983357299757718), (2249, 0.06756622612046163), (884, 0.06487836083573471), (19400, 0.06415651323498446)]
tensorflow/tensorflow 20076 : [(10748, 0.2972519293600037), (6986, 0.167796817122305), (1125, 0.1000358397835849), (2578, 0.0989090214507871), (20249, 0.09649191461971514), (934, 0.08636371523100562), (981, 0.0860771738787188), (13572, 0.08520712852795428), (18589, 0.07363800949830332), (18587, 0.07363800949830332)]
tensorflow/tensorflow 20066 : [(19332, 0.8252338895599469), (20294, 0.8071173295359371), (21102, 0.799242283732029), (19808, 0.7663803354960137), (20861, 0.7413108352012989), (20578, 0.7231294511111767), (20164, 0.6878545478761486), (21011, 0.6637733221176877), (19011, 0.6597511789329497), (19715, 0.6367690272185805)]
tensorflow/tensorflow 20056 : [(17767, 0.0892420332903079), (15183, 0.08210325159944583), (20172, 0.07134590499087193), (756, 0.06001072306985474), (13070, 0.059829629052244426), (10126, 0.05874867337016981), (1083, 0.05739206327527547), (17239, 0.05639853865697299), (13502, 0.052059626268632), (13852, 0.051757426007718675)]
tensorflow/tensorflow 20039 : [(15658, 0.1462131438990067), (3105, 0.14243281347269532), (3112, 0.14085788074005592), (20249, 0.10540664759452188), (20711, 0.06968209832791383), (12471, 0.06784647788553909), (7240, 0.062072061571900934), (20574, 0.04860207202200937), (19938, 0.04813311187043792), (12626, 0.04717449936893124)]
tensorflow/tensorflow 20034 : [(20077, 0.8318865400576558), (845, 0.1939137505465156), (814, 0.130459333627709), (21063, 0.12837030187962803), (10593, 0.10158038801193733), (20406, 0.08091640415750484), (9869, 0.07961310028034288), (20530, 0.07266533488970194), (948, 0.06974474971285516), (17659, 0.06829797752081507)]
tensorflow/tensorflow 20030 : [(814, 0.4077088856037221), (8221, 0.16734071742419046), (9464, 0.15651686067134543), (18308, 0.11135840332560794), (7709, 0.10432503545957028), (3511, 0.10394152039769347), (3020, 0.10107804333962332), (2578, 0.09838288278785319), (1386, 0.08397292345702112), (16185, 0.06789304229753816)]
tensorflow/tensorflow 20029 : [(18589, 0.4550462463781894), (18587, 0.4550462463781894), (4254, 0.32983553818754996), (11451, 0.3021918416998045), (882, 0.18605744443492936), (2018, 0.13881171451741298), (12506, 0.13047912096302264), (20374, 0.11694748651899929), (3164, 0.11554469696510658), (20366, 0.10443179996824843)]
tensorflow/tensorflow 20011 : [(20957, 0.1499212766188785), (20907, 0.1499212766188785), (2157, 0.12776098130073674), (20889, 0.12126002550843164), (21050, 0.09984063775932107), (20650, 0.09957994821666807), (15402, 0.09402501580614535), (13538, 0.09224793667242295), (21071, 0.09021944767949824), (19929, 0.0810873533119086)]
tensorflow/tensorflow 20004 : [(19665, 0.7084019071674748), (20725, 0.6376440615659055), (17491, 0.6266082192235961), (21097, 0.6255716297455783), (20185, 0.6204633518033645), (19050, 0.5335368831949066), (2203, 0.4566242561343127), (1719, 0.43761823854530596), (13557, 0.428580296589765), (17821, 0.416108788229257)]
tensorflow/tensorflow 20003 : [(17099, 0.48608868556536633), (16953, 0.4199348805254845), (13322, 0.4199348805254845), (12762, 0.4199348805254845), (12464, 0.4199348805254845), (16571, 0.332521164349001), (7135, 0.30480636781602516), (15614, 0.11598934020030632), (20155, 0.10427535613890958), (7571, 0.10099510286527709)]
tensorflow/tensorflow 19987 : [(20159, 0.18164718255909884), (18963, 0.14290115780916648), (4569, 0.12313425655047784), (21025, 0.10890862636769275), (10751, 0.0893138739658571), (20497, 0.08398751720516681), (12550, 0.08368948265975457), (19153, 0.07854097275307632), (20017, 0.07118843077392636), (8668, 0.06848502335358507)]
tensorflow/tensorflow 19984 : [(20744, 0.08438518464588494), (20038, 0.07280767653360301), (4370, 0.07179250294814117), (16482, 0.06895061657442272), (432, 0.06234546952903614), (2733, 0.0620162859616516), (20981, 0.06012585474079411), (20893, 0.06012585474079411), (5450, 0.05275404646887472), (15896, 0.05204535876310331)]
tensorflow/tensorflow 19947 : [(20809, 0.15905436876786908), (20249, 0.13940584953900165), (19213, 0.11746369248833519), (12936, 0.1079570338116467), (20845, 0.094990440191604), (14982, 0.06998898299103126), (6938, 0.06788143839183623), (1554, 0.06420590695892342), (16259, 0.0630118854012588), (20244, 0.06196180529785911)]
tensorflow/tensorflow 19937 : [(19055, 0.2341340724877146), (18331, 0.22250703236652108), (20845, 0.2084408939855391), (10388, 0.1738512804125883), (7147, 0.14056496435460147), (7012, 0.14010077705082194), (11012, 0.1271157338463563), (6938, 0.11613712267573696), (7606, 0.11272608757902557), (1623, 0.10845271398451337)]
tensorflow/tensorflow 19932 : [(20957, 0.13075331263679246), (20907, 0.13075331263679246), (3136, 0.12557719291128877), (21050, 0.125035906536707), (19929, 0.1231529487735282), (4608, 0.12029833886261443), (16634, 0.11040047258098885), (13280, 0.10299996799502932), (17727, 0.10275787371443651), (9145, 0.1007638983281695)]
tensorflow/tensorflow 19928 : [(16830, 0.5592508118732152), (18721, 0.4199348805254845), (20746, 0.41818407395806917), (15940, 0.32327354123969204), (17113, 0.19323685687060507), (17700, 0.17363183289786077), (17637, 0.15114098978438384), (16802, 0.1483175803667456), (20875, 0.13096362446860657), (21105, 0.1300639084985276)]
tensorflow/tensorflow 19920 : [(12634, 0.5927117657476172), (1164, 0.2869995820583223), (20350, 0.2749090700967779), (19604, 0.2015490513876229), (20285, 0.16755437820366112), (18991, 0.13398351251775534), (18992, 0.13398351251775534), (4953, 0.11430455512334413), (14628, 0.11203007965780483), (2623, 0.10511384012254651)]
tensorflow/tensorflow 19894 : [(8999, 0.2343517781574082), (14860, 0.1817444148387233), (9924, 0.176875481953928), (20159, 0.12992702940947112), (15268, 0.12136388391730646), (20934, 0.1015227397717687), (4958, 0.0975948724203454), (20700, 0.07638125257983625), (15790, 0.06336138296578918), (15789, 0.06336138296578918)]
tensorflow/tensorflow 19891 : [(18233, 0.9364194658546446), (14977, 0.6450001232366124), (20328, 0.5577567405973088), (21052, 0.14811937598152486), (21080, 0.1398885407398839), (20641, 0.1398885407398839), (20180, 0.1398885407398839), (20082, 0.1398885407398839), (19923, 0.1398885407398839), (19601, 0.1398885407398839)]
tensorflow/tensorflow 19845 : [(8954, 0.8241404338867228), (13472, 0.7671599766566979), (9376, 0.7527699467958663), (11581, 0.6639102186600875), (8886, 0.460244887896066), (20004, 0.4582709232496278), (8936, 0.4544296340338314), (13935, 0.45227507705672226), (12296, 0.4212244168300726), (13557, 0.41436367642401)]
tensorflow/tensorflow 19831 : [(5558, 0.7886267100928949), (9305, 0.2149532040888621), (9013, 0.16967745481980745), (6453, 0.146287350349193), (5148, 0.1371224585007055), (1009, 0.11847595405710215), (1466, 0.09171697252623882), (5866, 0.08836444441906631), (12737, 0.08819690992710165), (19784, 0.08410355196946681)]
tensorflow/tensorflow 19828 : [(6625, 0.9538791521879445), (6626, 0.9516516159535293), (7086, 0.6075875986363138), (6040, 0.49046944446395113), (15918, 0.4454070909032025), (11922, 0.4199348805254845), (18814, 0.4199348805254845), (14928, 0.40919978588936157), (7891, 0.35862638185684986), (2093, 0.14577445755150178)]
tensorflow/tensorflow 19797 : [(5196, 0.16669901797463005), (17073, 0.13304036428526392), (15532, 0.12558628396545463), (15127, 0.10339641121832437), (8538, 0.07655417628838446), (1188, 0.07169086675251211), (13371, 0.0671647846409876), (11377, 0.06659349008080559), (6358, 0.06584188634860273), (5171, 0.06225236821848657)]
tensorflow/tensorflow 19792 : [(17112, 0.09831008920142723), (11852, 0.09345002784973436), (12550, 0.09253113735856341), (13808, 0.08960783222611733), (742, 0.08536151615200889), (741, 0.08536151615200889), (1208, 0.08504568416421476), (13058, 0.08446968713031645), (854, 0.08397292345702112), (16382, 0.06501616248838035)]
tensorflow/tensorflow 19784 : [(8767, 0.14283506655185127), (9013, 0.13825571910889073), (4014, 0.1378906575509148), (2357, 0.1292036573621297), (2157, 0.1267836500579733), (12626, 0.12166588177519028), (1025, 0.10936928722685334), (12476, 0.1021404914508574), (4945, 0.096783135371143), (19831, 0.08410355196946681)]
tensorflow/tensorflow 19737 : [(20507, 0.9763181303310691), (19346, 0.533772069048684), (18873, 0.4875724419576243), (15940, 0.2690843784500523), (14471, 0.13127206785379691), (15918, 0.11347583792279656), (21017, 0.09825473692684138), (3542, 0.09438861467782661), (1386, 0.08626344774157454), (12200, 0.06724951198186756)]
tensorflow/tensorflow 19736 : [(20278, 0.5783547152335773), (14853, 0.4695708020599129), (20632, 0.46198850357026655), (6244, 0.40301694776959834), (20530, 0.3872298251169731), (4046, 0.3622641574119824), (15201, 0.35413461901043447), (15407, 0.33360340813775635), (21105, 0.30798218045984765), (19796, 0.2241171555141055)]
tensorflow/tensorflow 19661 : [(11581, 0.9794895182380425), (4594, 0.1321216128190081), (3229, 0.12244053150107422), (11377, 0.10283140474355881), (5778, 0.10236220751452224), (1840, 0.09736166703758571), (19055, 0.0841355950569766), (20318, 0.0779348715052434), (9175, 0.07458633992649676), (11779, 0.07168317462603976)]
tensorflow/tensorflow 19653 : [(12666, 0.9878854582494069), (21025, 0.986503101506061), (21021, 0.5856438499750797), (11530, 0.5511015136193449), (3807, 0.31523672299012073), (17592, 0.29750529079788995), (9305, 0.23425253546361732), (20755, 0.16936135331023539), (4014, 0.15916278589636143), (20133, 0.15793901075802483)]
tensorflow/tensorflow 19604 : [(19255, 0.9941288741623054), (1649, 0.7873690609859346), (18866, 0.7294065988916361), (17131, 0.5405100053313476), (17885, 0.5054905464620306), (13073, 0.41983745794176625), (16992, 0.3687584115664559), (13209, 0.34476186602993814), (2657, 0.30272050956050134), (17891, 0.283234682448481)]
tensorflow/tensorflow 19592 : [(8632, 0.1333931317071195), (6565, 0.10994010822816838), (6566, 0.10990215772396904), (18423, 0.10569428780018035), (15068, 0.07350251838503712), (8736, 0.07020600204219449), (18780, 0.06473496361462572), (20898, 0.06253971531120972), (7691, 0.06111613209463621), (7012, 0.06068893988807372)]
tensorflow/tensorflow 19534 : [(15168, 0.7838059660365723), (298, 0.2727634569329725), (19336, 0.21928592138214542), (19188, 0.19093892280294766), (20860, 0.1437927633123416), (14836, 0.1409838028809248), (6421, 0.13715197476501595), (20172, 0.13577147236398002), (12922, 0.12194528824293342), (12885, 0.12194528824293342)]
tensorflow/tensorflow 19531 : [(12244, 0.5204375278975745), (8195, 0.4895240890572064), (19443, 0.4885938996196337), (12180, 0.4458895268024416), (15310, 0.41711840711994025), (20768, 0.41184523562086534), (19651, 0.40957748272047223), (2093, 0.4052076657934465), (8862, 0.4039310485732183), (21043, 0.40247628133745617)]
tensorflow/tensorflow 19519 : [(13836, 0.4199348805254845), (13299, 0.4199348805254845), (11533, 0.4199348805254845), (1219, 0.10584702499316855), (9409, 0.08467424918473922), (11694, 0.08397292345702112), (7105, 0.07828893914390954), (5874, 0.07493534660659804), (16416, 0.07239258366879146), (16418, 0.06326130077096169)]
tensorflow/tensorflow 19506 : [(4305, 0.36977388492433105), (2142, 0.27716574964191065), (4927, 0.24103706794576946), (7710, 0.16924260431609345), (18726, 0.15526138241567233), (17392, 0.1536693562953345), (11212, 0.1522116742366191), (19011, 0.14912410784101998), (13472, 0.1339311447940769), (2157, 0.1119217606712814)]
tensorflow/tensorflow 19461 : [(11175, 0.4759898358395313), (21122, 0.3821599385058988), (14395, 0.32110389295115904), (20166, 0.29865447107186516), (14836, 0.17912768656512734), (12995, 0.15266992104382976), (19095, 0.1523181797931663), (19094, 0.1523181797931663), (10082, 0.1290294420386433), (6609, 0.12877221552871237)]
tensorflow/tensorflow 19425 : [(19754, 0.7967195389223546), (20190, 0.6608775427258597), (20294, 0.5304740997543119), (9924, 0.4841894618243565), (19540, 0.39888974325514276), (20066, 0.36556664214423257), (21007, 0.3539686586648112), (19011, 0.3317114213451435), (19400, 0.32984122557601975), (19808, 0.31371685610757016)]
tensorflow/tensorflow 19403 : [(19364, 0.8519396908161403), (19332, 0.8422224277282097), (19314, 0.6064932511761406), (21011, 0.5050343704515057), (20636, 0.3609574739778169), (19011, 0.3182682082909965), (20066, 0.3096280182212194), (20294, 0.30780690851295434), (17180, 0.2936902455272664), (14727, 0.29009352874467426)]
tensorflow/tensorflow 19402 : [(17392, 0.6179107272007812), (21011, 0.5431138702130324), (19869, 0.4657316727265316), (14727, 0.2890244475244532), (20636, 0.2848369196950335), (19011, 0.25238015608933484), (20066, 0.24693845354496757), (20294, 0.24415173383311478), (17180, 0.23310152838880366), (20861, 0.22341724344065417)]
tensorflow/tensorflow 19400 : [(14727, 0.9553629028896254), (19808, 0.5140723042897427), (20636, 0.4529901563593577), (19869, 0.44324688652959454), (21011, 0.4245116727523391), (19011, 0.40420003025341444), (20294, 0.39161223008951795), (20066, 0.3877677368436247), (17180, 0.3746201855439581), (20861, 0.3555210594350891)]
tensorflow/tensorflow 19398 : [(18803, 0.5993224006290472), (18667, 0.5531448388196702), (10400, 0.24955968606874665), (18783, 0.19733249645981765), (11012, 0.19552094278661897), (21066, 0.17759380759385654), (5691, 0.1404228369557839), (18959, 0.12446221442877095), (17261, 0.0758354515984861), (18140, 0.06678319814635232)]
tensorflow/tensorflow 19377 : [(20574, 0.45380952213656467), (20890, 0.3926251802018131), (20525, 0.33959930473345756), (20707, 0.28786476231702346), (21035, 0.23884862009191193), (11175, 0.17202611952483243), (16480, 0.1568144210532418), (19099, 0.1374728951068667), (18472, 0.1323001896506584), (20166, 0.1184193219820322)]
tensorflow/tensorflow 19358 : [(16210, 0.4166235217878088), (14463, 0.4103283719647396), (18312, 0.40334444610222475), (16878, 0.2210630208973964), (8989, 0.1864357501197789), (20525, 0.0962523374062103), (5640, 0.08434079701289435), (1188, 0.07731280671916575), (3235, 0.07703324851683513), (20122, 0.07647774180514265)]
tensorflow/tensorflow 19334 : [(4049, 0.17318171443011987), (15337, 0.1679774782337302), (17420, 0.11704667051562609), (6299, 0.10949191875878601), (20782, 0.08397292345702112), (20808, 0.08397292345702112), (15612, 0.08082563177858673), (20544, 0.07905586597305522), (12175, 0.04734073951505538), (4892, 0.03558878529718651)]
tensorflow/tensorflow 19307 : [(12922, 0.07892418002921922), (12885, 0.07892418002921922), (17642, 0.07311405594156613), (5058, 0.07114784243682416), (20705, 0.06919303037729263), (20489, 0.06919303037729263), (4258, 0.06853462855430303), (19576, 0.06848198061914383), (1466, 0.06280233913650368), (3837, 0.060489069517342724)]
tensorflow/tensorflow 19264 : [(1620, 0.5595930856049189), (4952, 0.5), (20318, 0.3126776473958863), (1710, 0.16002121740412542), (4594, 0.1564270062255751), (3229, 0.14747195137632207), (4046, 0.14310453423347347), (14024, 0.1362475640015641), (5778, 0.12870726291735757), (12316, 0.11208180023431735)]
tensorflow/tensorflow 19226 : [(12014, 0.2821424164579273), (19327, 0.10523910156819655), (4370, 0.08195953996483822), (10536, 0.07133960822104908), (432, 0.0631558426490931), (14653, 0.06066745994245503), (21006, 0.06028321051783907), (4445, 0.05828540161391829), (20657, 0.054747265729157314), (3416, 0.0545916016870405)]
tensorflow/tensorflow 19149 : [(19394, 0.4601904384414172), (10583, 0.160873588672391), (14656, 0.15798913825645017), (2805, 0.14547590757704967), (1631, 0.1313482829105854), (15117, 0.11561898112871084), (14246, 0.09214238237896454), (14308, 0.08883091755721723), (2663, 0.08439130254673911), (20458, 0.08397292345702112)]
tensorflow/tensorflow 19105 : [(18848, 0.6312840204476325), (10684, 0.4930495079825716), (13334, 0.3317688621977004), (2350, 0.24841078625863114), (1090, 0.18658371428317527), (13808, 0.14572959823275783), (13022, 0.1376638892837006), (4014, 0.12896516095739047), (3807, 0.12728906693668954), (19653, 0.1209617417175058)]
tensorflow/tensorflow 19101 : [(1313, 0.49180950398899087), (19357, 0.4279630793154117), (19259, 0.4279630793154117), (20889, 0.4269842658829247), (19177, 0.2754847042887144), (974, 0.2680903428723031), (973, 0.2680903428723031), (12922, 0.2649537820278092), (12885, 0.2649537820278092), (20672, 0.22881647752685746)]
tensorflow/tensorflow 19098 : [(17005, 0.4918937524547597), (16394, 0.44264781276213044), (1144, 0.3229772284836355), (20538, 0.22514983595486657), (20536, 0.22224604304176956), (20537, 0.21069272016889318), (19715, 0.20235918500481864), (11130, 0.18486369782889567), (20951, 0.18176329304749128), (5052, 0.1578260021327793)]
tensorflow/tensorflow 19097 : [(9615, 0.9044963927892831), (20542, 0.5476684104935586), (5238, 0.4681437516281775), (11819, 0.17968235525823645), (5052, 0.13706885309990244), (20237, 0.1314583194915373), (18215, 0.12447748489926454), (21031, 0.11978211670278853), (19531, 0.11096718406852658), (8663, 0.10793958073720947)]
tensorflow/tensorflow 19088 : [(12026, 0.8002613871840704), (16973, 0.4710280876128562), (18666, 0.3682626934762449), (18831, 0.32268557126166053), (17117, 0.2903629239035604), (5466, 0.2719292363700207), (20130, 0.20511436097661426), (5171, 0.2009449230760229), (20822, 0.14264751088517755), (20818, 0.14163934786012972)]
tensorflow/tensorflow 19082 : [(11282, 0.8710911117239003), (2380, 0.444523911395375), (6206, 0.4069168845513595), (6203, 0.4069168845513595), (6165, 0.4069168845513595), (17898, 0.40060662686358833), (17642, 0.38395836681283624), (9093, 0.3794375901984043), (1099, 0.3784664262003466), (10482, 0.3753057949797566)]
tensorflow/tensorflow 19057 : [(9122, 0.22375682535421362), (9037, 0.15000283787116916), (18591, 0.13208973714309483), (18233, 0.12983844746202308), (21052, 0.11829150921120468), (9052, 0.1168432027366545), (18638, 0.09178828992393011), (4254, 0.08007966806844896), (20366, 0.07902867549471702), (2592, 0.07629469956688083)]
tensorflow/tensorflow 19055 : [(19509, 0.9807969236957877), (19651, 0.9654379756566103), (3807, 0.6960047133887945), (2227, 0.6319289591329936), (18331, 0.2725927150802413), (19937, 0.2341340724877146), (12550, 0.15510079673138547), (742, 0.15334304133033722), (741, 0.15334304133033722), (4043, 0.13934758610692893)]
tensorflow/tensorflow 19037 : [(19445, 0.9133813138165748), (19767, 0.7482041071850408), (8052, 0.5943571011641312), (18004, 0.5933421530540068), (14714, 0.5461148259751105), (20927, 0.44188841569555937), (18545, 0.44098653193713644), (16342, 0.4199348805254845), (11989, 0.4199348805254845), (21028, 0.34649911120330745)]
tensorflow/tensorflow 19032 : [(13166, 0.7705618067071558), (11801, 0.6065209699901217), (1113, 0.545700908596721), (19638, 0.47672831690275114), (11243, 0.42515287396725815), (11661, 0.41609937056094665), (21043, 0.3415734068994402), (2258, 0.27626164420310245), (13226, 0.18852165617559752), (13218, 0.16602597809013298)]
tensorflow/tensorflow 18992 : [(5052, 0.4135011716767614), (19805, 0.3766170601132347), (1082, 0.36053742830595126), (19715, 0.3191564275785929), (7670, 0.29035278616862553), (20474, 0.2408422173516102), (19711, 0.17967477950936409), (5051, 0.17681782302127755), (5076, 0.1662235128479333), (20122, 0.15411489924058724)]
tensorflow/tensorflow 18959 : [(19398, 0.12446221442877095), (11012, 0.0974156505146769), (2006, 0.0802791483947098), (17438, 0.07333318114129757), (18803, 0.07064185259597126), (19160, 0.06107628821139587), (1221, 0.060769841928412054), (20705, 0.0607292550312662), (20489, 0.0607292550312662), (8597, 0.06051304937254075)]
tensorflow/tensorflow 18955 : [(19411, 0.9661035498396178), (1194, 0.48174054869648747), (1138, 0.48174054869648747), (19779, 0.23588387438257044), (19070, 0.18296522427633183), (4405, 0.16571221159972377), (19979, 0.1290221000643589), (242, 0.12334950166418736), (15300, 0.11357742621609206), (3424, 0.10213918510784584)]
tensorflow/tensorflow 18954 : [(19902, 0.5458605341238415), (19148, 0.45936596628387527), (20250, 0.40906375217040886), (6354, 0.3946712865305199), (20753, 0.3828977235068675), (3417, 0.3806901005066015), (21031, 0.37627689763836086), (10629, 0.368303637154961), (19160, 0.23018795868359504), (6152, 0.07617588158896024)]
tensorflow/tensorflow 18953 : [(20705, 0.9087377104153065), (20489, 0.9087377104153065), (1113, 0.9087377104153065), (20195, 0.6793927020409744), (20163, 0.6793927020409744), (19419, 0.6485471261290165), (7250, 0.4199348805254845), (1709, 0.4199348805254845), (1184, 0.24315661801717378), (930, 0.2233438744760074)]
tensorflow/tensorflow 18949 : [(11999, 0.11699232815198359), (16088, 0.08636277051342382), (16634, 0.07237324020252991), (7667, 0.06009654304740215), (1036, 0.0548732361423541), (13748, 0.05151032442438762), (3236, 0.049643731883755156), (3804, 0.04927871965047239), (19533, 0.04895528517503326), (19326, 0.04621775445827986)]
tensorflow/tensorflow 18910 : [(19095, 0.5286452635127414), (19094, 0.5286452635127414), (20646, 0.40395111300046943), (18855, 0.39776047652583124), (5640, 0.3929227607363152), (11175, 0.3803575407470666), (21082, 0.31418024217810925), (17891, 0.30740512969850337), (17131, 0.3017186836930743), (16430, 0.2831906383777625)]
tensorflow/tensorflow 18900 : [(3756, 0.07463685866639914), (6423, 0.0608536172096071), (9444, 0.060747218165015424), (9497, 0.05175691357036462), (15969, 0.047313806156911685), (5699, 0.04686229738308041), (12316, 0.04193853281184986), (13985, 0.039948010411867386), (3229, 0.03871069933692503), (3604, 0.036711893222876504)]
tensorflow/tensorflow 18873 : [(19737, 0.4875724419576243), (16802, 0.4344248760305022), (15940, 0.28581461904256844), (15918, 0.22177241745527276), (894, 0.1758042492323538), (14471, 0.13095577304455355), (21035, 0.11283992658586718), (20971, 0.09205754788405475), (20890, 0.0689561707443767), (7501, 0.06143032583260456)]
tensorflow/tensorflow 18870 : [(20847, 0.9929145947100081), (12922, 0.18233731630174865), (12885, 0.18233731630174865), (1149, 0.1661639892494243), (2249, 0.11040780501539733), (4941, 0.10984560106112318), (4569, 0.07955480119414594), (19533, 0.07119744260277458), (19213, 0.06638240020268837), (14166, 0.060782256257960396)]
tensorflow/tensorflow 18866 : [(19604, 0.7294065988916361), (13027, 0.5232707760725491), (19429, 0.47425293269815716), (13899, 0.43345119605955096), (12677, 0.4199348805254845), (19153, 0.08081770069886218), (892, 0.06807501316952713), (18716, 0.060027810504804595), (18070, 0.05999992034442578), (16501, 0.055640689587335285)]
tensorflow/tensorflow 18864 : [(18153, 0.7874082718227007), (9504, 0.6324584516545849), (5384, 0.5079157048998766), (7291, 0.4139905793897777), (12303, 0.1765796118620006), (14853, 0.1506961658778673), (20616, 0.13790198502833032), (8632, 0.1302125380480555), (3242, 0.11987682825822792), (8677, 0.0926860920447388)]
tensorflow/tensorflow 18855 : [(11751, 0.4499984812585723), (18631, 0.4115861141731604), (18910, 0.39776047652583124), (17716, 0.38385744442162645), (19736, 0.1557533126667213), (19075, 0.14621691835602826), (19730, 0.1423246593007489), (20025, 0.13341834727040397), (18727, 0.127391150950818), (21105, 0.09177232085074327)]
tensorflow/tensorflow 18848 : [(18846, 0.9999892095806573), (19105, 0.6312840204476325), (2261, 0.2778499405781823), (2263, 0.2734814926301037), (9305, 0.22732390459147123), (17261, 0.1993614213163463), (1090, 0.18852226511583337), (8214, 0.1832938247914742), (20133, 0.07824879622613991), (2792, 0.07625778271173117)]
tensorflow/tensorflow 18831 : [(7010, 0.8309392390273271), (19088, 0.32268557126166053), (5466, 0.2509174861755737), (16881, 0.19193960170607374), (20130, 0.16722059399635786), (2379, 0.14239402573161133), (20822, 0.1384908867823311), (17244, 0.13017481861721655), (20818, 0.1251491786363155), (20623, 0.11113742961628335)]
tensorflow/tensorflow 18820 : [(1457, 0.3299041490091161), (2639, 0.32776076021358375), (21004, 0.29296490449579005), (21002, 0.29296490449579005), (2638, 0.2810563334364794), (14867, 0.22078256099627727), (4014, 0.16863171697839296), (19604, 0.14584048077251355), (21047, 0.14554697083685975), (6989, 0.1275719261557003)]
tensorflow/tensorflow 18814 : [(17961, 0.6902373079142767), (15918, 0.5701776581931448), (7086, 0.5498659056145159), (17122, 0.486291197862103), (19609, 0.46274801988371794), (6040, 0.4502363643824507), (6626, 0.445098234669791), (6625, 0.445098234669791), (11922, 0.4270120705370266), (19827, 0.4199348805254845)]
tensorflow/tensorflow 18803 : [(19398, 0.5993224006290472), (11012, 0.11710504823027638), (21066, 0.10164383762131361), (18959, 0.07064185259597126), (13027, 0.0652254112844803), (21039, 0.05930322212081089), (4161, 0.05792935214158273), (16902, 0.056704168571001), (16922, 0.05560329627841166), (6547, 0.05195689494003321)]
tensorflow/tensorflow 18797 : [(19227, 0.9999998485540358), (20736, 0.20842104728682112), (20520, 0.1752431267090703), (8632, 0.15377635258377895), (14920, 0.0604325582983618), (17282, 0.059865469552521644), (2752, 0.059453507901248), (19346, 0.051778543095869045), (17308, 0.05121144281357171), (1466, 0.047941262634483554)]
tensorflow/tensorflow 18792 : [(5874, 0.2661125829519108), (5889, 0.24391336702118604), (1057, 0.24175161014992494), (6041, 0.23935064438183196), (12768, 0.21963822168489205), (12782, 0.19963409439372054), (17584, 0.1965656371235174), (5718, 0.15215617684849406), (12775, 0.15124123169626952), (9674, 0.14839837975532819)]
tensorflow/tensorflow 18780 : [(19091, 0.2577582844620413), (17601, 0.2577582844620413), (18501, 0.24642367473074506), (20307, 0.16925547047300923), (18968, 0.1679340549483489), (20287, 0.1629123833355699), (20446, 0.13932829526341492), (19993, 0.1366048277094421), (19531, 0.09836060716954778), (20572, 0.094717809938245)]
tensorflow/tensorflow 18773 : [(6074, 0.9937004440833456), (18754, 0.3187525014938361), (19366, 0.26362850580614455), (19365, 0.26362850580614455), (8954, 0.17666286628540795), (1345, 0.1634958412591503), (15224, 0.10319458770037047), (6114, 0.08824193427919252), (17109, 0.06677777412390258), (2102, 0.06613678268828303)]
tensorflow/tensorflow 18699 : [(298, 0.2418797294049846), (944, 0.12574555018764308), (6421, 0.12377746038715663), (7492, 0.12178923752790485), (12626, 0.1019993172896763), (19534, 0.09035869057301882), (10191, 0.08439353065153994), (17308, 0.08117081387517038), (20860, 0.08103781847300913), (10344, 0.08039894630662761)]
tensorflow/tensorflow 18631 : [(19095, 0.5715047101625526), (19094, 0.5715047101625526), (18855, 0.4115861141731604), (5640, 0.389963766987869), (20646, 0.38747360917311796), (11175, 0.3803575407470666), (21082, 0.36306247984354234), (16430, 0.3122631869915694), (17891, 0.30740512969850337), (17131, 0.30479949808266166)]
tensorflow/tensorflow 18596 : [(5274, 0.3940332869259295), (5273, 0.3940332869259295), (14843, 0.3551241561348005), (2592, 0.20793311396519676), (6017, 0.1530957590468247), (1125, 0.14617587797946094), (12899, 0.1404063389424733), (11306, 0.1380698258632713), (14471, 0.13094453475682902), (19102, 0.12812247043251468)]
tensorflow/tensorflow 18567 : [(20520, 0.9930688734236574), (20736, 0.42550002486782085), (113, 0.35747753702885143), (14920, 0.23556982530041157), (18778, 0.23191925619476908), (14849, 0.20123920654245053), (14799, 0.20123920654245053), (19227, 0.1824417356529464), (16080, 0.16828619786416898), (16436, 0.15510791273935456)]
tensorflow/tensorflow 18411 : [(19121, 0.8445653694797657), (20254, 0.6763702312940215), (20943, 0.5), (20235, 0.5), (20486, 0.43489968988691474), (20979, 0.41554500137765016), (12786, 0.39560389183287836), (15606, 0.39444161625988455), (19364, 0.2675272160276815), (19332, 0.2326930640343459)]
tensorflow/tensorflow 18312 : [(14463, 0.9999999984831519), (16878, 0.7632227737504997), (21031, 0.7445221314090418), (19118, 0.6734452417750301), (5053, 0.6498869153457567), (21119, 0.6109298864619926), (18220, 0.6103427285187125), (9615, 0.5247227144017581), (5052, 0.4276882895000713), (20525, 0.40912715741274003)]
tensorflow/tensorflow 18308 : [(16401, 0.9999999974351489), (16413, 0.9999999958114228), (16414, 0.99999998610435), (16418, 0.9999999807781628), (16416, 0.9999999773763231), (5874, 0.24757927052637535), (6041, 0.21476049632133484), (16693, 0.17031611586818993), (6887, 0.13016239336599494), (20030, 0.11135840332560794)]
tensorflow/tensorflow 18293 : [(15441, 0.5746068429971346), (12408, 0.3025137774442438), (19985, 0.21059177388526348), (20759, 0.1639800626130711), (20845, 0.08629655654327342), (18987, 0.08372263220922711), (12296, 0.08265627168172442), (19202, 0.080814324192906), (20958, 0.07849964937924851), (7605, 0.07516734595438695)]
tensorflow/tensorflow 18286 : [(12438, 0.9999999110232074), (9085, 0.9999998534960038), (4990, 0.9999998534960038), (13028, 0.9999997825115093), (1003, 0.9999997811338405), (1218, 0.9999899893760343), (15577, 0.9999884292499474), (7468, 0.9999884292499474), (18161, 0.9923567505449317), (19232, 0.9671408834472689)]
tensorflow/tensorflow 18249 : [(573, 0.5775817700701729), (5471, 0.41709369655610756), (756, 0.3052213314166886), (21078, 0.30205305529172827), (16742, 0.2360698358673688), (768, 0.1822985131994383), (20890, 0.15610459955991698), (6671, 0.14514303197965697), (20329, 0.10609383234626336), (1023, 0.10051590201030952)]
tensorflow/tensorflow 18235 : [(20374, 0.9884318883555852), (20665, 0.7143763289589861), (3756, 0.6509341471888341), (15586, 0.2101972423678808), (13208, 0.18231417991926158), (20672, 0.08256145504773282), (9052, 0.07600269829985597), (18826, 0.07064567974975598), (4254, 0.06520485658798329), (12111, 0.061281979334186144)]
tensorflow/tensorflow 18224 : [(2445, 0.9039549490378515), (18615, 0.1726229187520567), (8327, 0.14824118893177454), (8074, 0.14403294329387373), (17113, 0.13732667249863592), (18933, 0.13595037213938788), (20864, 0.13570685762239001), (20935, 0.13496389812926146), (20897, 0.13484938410253536), (18746, 0.13225091971826938)]
tensorflow/tensorflow 18223 : [(19423, 0.45989248984747455), (3072, 0.1536843781827208), (20889, 0.11433742900951058), (18580, 0.10671822317123333), (18609, 0.10607102466164246), (844, 0.10531493692760292), (18517, 0.1001843780300441), (801, 0.09671817691683478), (9093, 0.09191930374457369), (18591, 0.09060598209957492)]
tensorflow/tensorflow 18196 : [(8203, 0.5904750847936553), (2579, 0.4344140709480031), (17338, 0.42875388341371984), (9444, 0.42729418244194717), (17903, 0.4199348805254845), (5300, 0.40148566297957705), (18367, 0.3887319296745333), (17779, 0.26927521403929217), (18465, 0.25178004270497717), (14920, 0.22816813308385592)]
tensorflow/tensorflow 18181 : [(19459, 0.9999983064761426), (9562, 0.8991316595294233), (17194, 0.8918488019730754), (8595, 0.7196259019587764), (9546, 0.6436340368335679), (437, 0.529772869709629), (18963, 0.4850393181123524), (8125, 0.42175279971208074), (20359, 0.2055098245953148), (11331, 0.17283716617248376)]
tensorflow/tensorflow 18100 : [(3530, 0.8716622018238146), (3542, 0.8466360016779112), (3419, 0.6449393756314535), (19915, 0.42998500326786243), (17262, 0.3987412964325012), (7667, 0.3864287881963198), (14408, 0.3687937523659703), (1681, 0.35792597885032945), (7893, 0.3478787951161802), (15169, 0.30757253858966177)]
tensorflow/tensorflow 17988 : [(6066, 0.8811705453471437), (16554, 0.6636647795156095), (14106, 0.5313585655728476), (6009, 0.4381802069211935), (12316, 0.41855169265504244), (18164, 0.31641715025806794), (18178, 0.23284824748213026), (10770, 0.23031830082369545), (3604, 0.22700881804795195), (21046, 0.19270731045548792)]
tensorflow/tensorflow 17954 : [(20455, 0.9929785968340153), (5528, 0.9696361363365084), (16114, 0.8625394882023145), (4731, 0.633260996902552), (12120, 0.5835822120801195), (15653, 0.5710907419474041), (9081, 0.5507957992112211), (9403, 0.4630510937662526), (8544, 0.4574155760820811), (6632, 0.45438785908573825)]
tensorflow/tensorflow 17875 : [(19107, 0.8712818212425542), (19402, 0.5446691489043047), (19808, 0.533207502666892), (19011, 0.4765906999247741), (20190, 0.4662324342386227), (19754, 0.3893867889415183), (20294, 0.35514405169757896), (18006, 0.3516710819355839), (18298, 0.3473546156932864), (19540, 0.29916955551528374)]
tensorflow/tensorflow 17821 : [(16736, 0.9758764177031608), (9933, 0.8011363415595775), (21039, 0.7853661875417521), (9899, 0.7816798582806535), (3604, 0.7538024415897946), (14578, 0.6257071695293492), (12852, 0.5196752060348475), (13259, 0.5060670029450972), (9286, 0.4942779571052322), (14574, 0.4868564402278745)]
tensorflow/tensorflow 17692 : [(15098, 0.44867373637915653), (21072, 0.44235479013572726), (16511, 0.4234536175887365), (20226, 0.41967844336126137), (20400, 0.417067425336954), (20394, 0.417067425336954), (17392, 0.4116865426787988), (20432, 0.4112728033003858), (16077, 0.4034044645221097), (17966, 0.4014403761625174)]
tensorflow/tensorflow 17690 : [(17814, 0.14937840667093977), (17420, 0.11354874335462509), (10219, 0.11053095506692144), (17813, 0.10947712448391246), (4608, 0.1066197700838851), (2578, 0.09889882906572163), (432, 0.097390859317133), (20923, 0.09439854262811105), (18628, 0.08676506244010422), (16543, 0.08383915092454688)]
tensorflow/tensorflow 17672 : [(9043, 0.9737985782469472), (16342, 0.15744522036032108), (17893, 0.13332522216521808), (15486, 0.1306188509296342), (18808, 0.12959010059057438), (20325, 0.09224752588496367), (6905, 0.08815880223270742), (17685, 0.08317105743748263), (20946, 0.0814109486266495), (2968, 0.08104935527835355)]
tensorflow/tensorflow 17659 : [(17078, 0.9999994888325436), (17180, 0.9999990865291513), (17741, 0.9269614445389636), (18370, 0.5366396143954278), (20965, 0.48302953345822136), (17406, 0.4745266674202961), (38, 0.3088640860841461), (17486, 0.23997995324030483), (20889, 0.22393078390117982), (17696, 0.22393078390117982)]
tensorflow/tensorflow 17607 : [(5526, 0.9335720925502464), (12786, 0.5), (17286, 0.48717400235218894), (18973, 0.411136956024877), (18603, 0.3968856712422316), (12777, 0.39073163118962595), (14843, 0.38461508886441126), (19531, 0.3843384971941232), (8195, 0.3744751869664191), (8736, 0.3718657456773233)]
tensorflow/tensorflow 17465 : [(18601, 0.13646505095747632), (18662, 0.1287696764202037), (18707, 0.11037969332435979), (12127, 0.08800930352154257), (18614, 0.08586790548018645), (14836, 0.06521190439657214), (16974, 0.05918119538251134), (17114, 0.056445471694938174), (19712, 0.05507225690359207), (8733, 0.053540421005297795)]
tensorflow/tensorflow 17420 : [(20923, 0.6861481227771439), (17716, 0.23699991461695993), (1017, 0.23699991461695993), (15590, 0.1510377555310272), (18812, 0.12804472106999507), (18811, 0.12804472106999507), (18810, 0.12804472106999507), (4569, 0.12351503996364739), (17718, 0.12054606202537069), (19334, 0.11704667051562609)]
tensorflow/tensorflow 17326 : [(17700, 0.22003859184589925), (19258, 0.19560363516377385), (17637, 0.17158201305049128), (18483, 0.16638974710104643), (20875, 0.15903247155294323), (19796, 0.15642963173928362), (21105, 0.14677262563236956), (19394, 0.13740685775620026), (19346, 0.1355481875024583), (18575, 0.1333602859027782)]
tensorflow/tensorflow 17265 : [(930, 0.6181572549580392), (8214, 0.33654684245106264), (10041, 0.31525684112732283), (10569, 0.25867022703114223), (2551, 0.20341830650090076), (4347, 0.18280885285080464), (21035, 0.1763989204637797), (18953, 0.1747826762292131), (16616, 0.17392504309116094), (4983, 0.17337431785898422)]
tensorflow/tensorflow 17261 : [(14667, 0.520451066849159), (18140, 0.41826618946335964), (10400, 0.3491959691417029), (14560, 0.2800096189596229), (18783, 0.24970257242007313), (5691, 0.21350080253023987), (18335, 0.2115553983068727), (18848, 0.1993614213163463), (18155, 0.18602806303704209), (17123, 0.18401142287588798)]
tensorflow/tensorflow 17239 : [(19976, 0.8627435003076129), (20130, 0.3168985130800026), (15183, 0.28472953370329324), (20877, 0.1899775928461852), (20002, 0.1723436765804233), (19577, 0.13971636997938341), (19545, 0.13525492171980663), (5172, 0.12508925346530977), (7992, 0.12337882498403391), (15713, 0.09648003942951983)]
tensorflow/tensorflow 17189 : [(16885, 0.9850550630970121), (4049, 0.9060118275796676), (9305, 0.23195532846711067), (6299, 0.18932528719209932), (3577, 0.1841580068353802), (9924, 0.12252459779598639), (9514, 0.11990592826165021), (11879, 0.07810650699618289), (15184, 0.07443694798460633), (20782, 0.07381089188857783)]
tensorflow/tensorflow 17113 : [(12862, 0.6616052282306996), (3105, 0.6147175833302856), (3112, 0.591859171283661), (12782, 0.46501080723284327), (4014, 0.3533158771928042), (16830, 0.3079387807727935), (9376, 0.2668609531431912), (8954, 0.25888598676439983), (8327, 0.24813050438878395), (20474, 0.21946786738138635)]
tensorflow/tensorflow 17084 : [(6874, 0.2612716078058703), (573, 0.174190200784449), (6651, 0.16282191166302387), (20193, 0.137374969664543), (2445, 0.09883549413909153), (12922, 0.09871781909550192), (12885, 0.09871781909550192), (20406, 0.08983361320183579), (11418, 0.07353510702396845), (2249, 0.07035882273038743)]
tensorflow/tensorflow 16849 : [(16129, 0.8089520276529379), (18164, 0.7747246797817376), (17345, 0.64325200244977), (13689, 0.5885750284076467), (2691, 0.4927168552159462), (17030, 0.43896473025502747), (14656, 0.4199348805254845), (3604, 0.39384704622629596), (9933, 0.3747191728057556), (9899, 0.3738330903557366)]
tensorflow/tensorflow 16696 : [(20388, 0.6210927640384284), (2359, 0.16556196179911045), (2157, 0.1421244428643454), (4254, 0.108018606665811), (18628, 0.09543463033614057), (3164, 0.08399570705535171), (20675, 0.07630730723425062), (19410, 0.07576049463808121), (12506, 0.07556134520641757), (18589, 0.06852417373743558)]
tensorflow/tensorflow 16490 : [(19736, 0.7869323600262818), (19730, 0.7723349710186783), (17049, 0.7694514823715961), (18727, 0.6910795876071755), (16121, 0.6768388511283014), (17940, 0.5628313659206742), (8195, 0.5513221865203183), (19531, 0.5290389236346567), (16912, 0.4930633639396467), (18973, 0.4840073306969097)]
tensorflow/tensorflow 16480 : [(5052, 0.6261680018178488), (16744, 0.4597099632117642), (16748, 0.443544476516855), (16210, 0.33726358342091733), (18312, 0.33641028967639547), (14463, 0.32000223631224645), (16729, 0.3040789508238228), (16763, 0.2697864297049289), (9615, 0.2511911607006904), (16936, 0.23469451747393064)]
tensorflow/tensorflow 16476 : [(19736, 0.20384073147564657), (19730, 0.17531451539230633), (18727, 0.15772108829971296), (20278, 0.09310829819856405), (20530, 0.0902429765918669), (20330, 0.08793667757985517), (15407, 0.08072902609890181), (17700, 0.07690994015051086), (15176, 0.07426155500061), (19258, 0.07043812796645282)]
tensorflow/tensorflow 16175 : [(16713, 0.4199348805254845), (15726, 0.36338797113986515), (20122, 0.13612435877892526), (17409, 0.1306840028596946), (17581, 0.12899430557333386), (18775, 0.11696594450250869), (14690, 0.10246232555089618), (19443, 0.1020863361610358), (20278, 0.09674775591544682), (16505, 0.09233723801647349)]
tensorflow/tensorflow 15982 : [(3995, 0.5644215238645406), (5526, 0.45646473178410524), (18580, 0.2789963119877123), (18591, 0.2778366239539478), (18609, 0.2776982167558603), (18613, 0.2774275182017906), (13334, 0.25088237172691424), (21146, 0.18348893166930802), (14997, 0.1450511307987006), (13954, 0.11615528557373614)]
tensorflow/tensorflow 15861 : [(14578, 0.9954498046766252), (14574, 0.9943066880618376), (21039, 0.849967375178546), (18876, 0.7754858284884487), (11573, 0.7712522508992127), (14106, 0.550829684367534), (2691, 0.47872758867431714), (17821, 0.39861013905479414), (16736, 0.38383738366769854), (9933, 0.3466587158805826)]
tensorflow/tensorflow 15778 : [(2578, 0.14593221617117544), (16543, 0.11202809359648057), (13178, 0.09953541944888031), (3020, 0.09344143386643934), (20795, 0.09069011485896479), (16469, 0.07904672235035892), (18628, 0.0674191308861525), (1125, 0.06556023232251708), (18589, 0.0628391262570628), (18587, 0.0628391262570628)]
tensorflow/tensorflow 15608 : [(18597, 0.26530643828529127), (13232, 0.21479780349455074), (18495, 0.1866432529259549), (18419, 0.17427253148509952), (2157, 0.1332088580275535), (13149, 0.12924424099578352), (15713, 0.12544384532975678), (5574, 0.12178424403664934), (1068, 0.11672007181580578), (15707, 0.11251531574250899)]
tensorflow/tensorflow 15535 : [(17796, 0.9795793329833763), (21082, 0.4364811860243573), (18483, 0.2989267672623908), (19730, 0.24639115045285748), (19394, 0.22737375512965122), (1631, 0.1999983011175877), (10583, 0.19801619248975658), (2805, 0.1899005475565981), (14308, 0.16033185248176213), (19736, 0.16005694444808208)]
tensorflow/tensorflow 15421 : [(2263, 0.9631382549624765), (2261, 0.962369486474265), (17111, 0.9622996444215314), (13334, 0.5), (19212, 0.46148424809189853), (10482, 0.44910963274376875), (2380, 0.4300414008781624), (902, 0.4144217718357279), (915, 0.39321038585187096), (17642, 0.38349790842167353)]
tensorflow/tensorflow 15279 : [(17505, 0.3816143893323927), (4594, 0.240222485711722), (19070, 0.23395442227776855), (16844, 0.2017147636348383), (3229, 0.18354579088171435), (5778, 0.1796958859162633), (242, 0.16654523941464489), (18015, 0.163395663439744), (20318, 0.1463612020692981), (17638, 0.11713369508538368)]
tensorflow/tensorflow 15184 : [(9305, 0.5368802544149864), (21021, 0.29611520523024343), (5279, 0.1549119250984962), (16119, 0.14971554387813638), (11801, 0.14678534213366373), (19032, 0.14127857222338833), (20840, 0.13047413145511497), (16382, 0.12753271536667676), (5052, 0.12308741783663299), (15884, 0.12180159899852402)]
tensorflow/tensorflow 15183 : [(20230, 0.7347098559452513), (19053, 0.41024683739739515), (19050, 0.41024683739739515), (20807, 0.38178701294523265), (12276, 0.37527060596962203), (18727, 0.3671762344554096), (20725, 0.36056920434389134), (17821, 0.36023007632653614), (7571, 0.2926766396490772), (17239, 0.28472953370329324)]
tensorflow/tensorflow 15130 : [(17027, 0.7816189628715199), (20180, 0.4199348805254845), (18273, 0.10343202678334752), (12550, 0.08518791337903758), (20988, 0.07697567965969984), (18771, 0.06788577477346557), (17940, 0.06723156755209815), (13445, 0.06546876170916276), (15704, 0.06504675957665747), (1112, 0.05714722699292538)]
tensorflow/tensorflow 15127 : [(16241, 0.44207021494554055), (18200, 0.3723673258431839), (1188, 0.3664575188901852), (13371, 0.2873484709986748), (14471, 0.13095577304455355), (16325, 0.1307898477002288), (1115, 0.12610200112142164), (2095, 0.1216310585260411), (14637, 0.11275091958794212), (5294, 0.1081129693899639)]
tensorflow/tensorflow 15109 : [(18702, 0.8949025125104751), (17236, 0.7455085754595411), (18948, 0.7173191286567193), (13518, 0.5850546334237618), (19221, 0.5201130507019435), (6244, 0.514377408539356), (14317, 0.42097486080138646), (19053, 0.19371120146853396), (19050, 0.19371120146853396), (6565, 0.1768238503399478)]
tensorflow/tensorflow 15098 : [(16612, 0.8003960713162284), (17692, 0.44867373637915653), (7688, 0.38686972971933226), (20078, 0.3156041136505753), (17975, 0.2232466207289149), (17513, 0.1779267645176103), (12023, 0.17717504778305415), (17235, 0.16972236939668706), (7893, 0.14336273712286796), (12915, 0.12241700868347911)]
tensorflow/tensorflow 15092 : [(19037, 0.28997921772045504), (19278, 0.23714279871574162), (18545, 0.2349386402597454), (14955, 0.21002049972233142), (19031, 0.19697242467308348), (21028, 0.18352958569625594), (19894, 0.1817444148387233), (8999, 0.1678437882077796), (19034, 0.16477885131656184), (19033, 0.16477885131656184)]
tensorflow/tensorflow 14939 : [(2263, 0.5125029288615168), (2261, 0.5060525541225769), (19212, 0.4577860452173601), (10482, 0.4546266642797174), (2380, 0.43023363217450583), (902, 0.4000696125042764), (13049, 0.3907363431385854), (17111, 0.38260999312862315), (17642, 0.38129765429995305), (1099, 0.38112678127600985)]
tensorflow/tensorflow 14920 : [(17903, 0.5332293336938811), (16080, 0.3813089965638801), (16081, 0.37884356963957516), (18625, 0.23887441815523833), (18567, 0.23556982530041157), (18196, 0.22816813308385592), (18547, 0.21660268855870085), (16876, 0.18686053081998563), (17247, 0.14538462808690084), (17455, 0.14144176539217718)]
tensorflow/tensorflow 14843 : [(6244, 0.6941904042311297), (8736, 0.6573889489150239), (18023, 0.6553521548036038), (18603, 0.610462172772257), (15664, 0.449872201825975), (17049, 0.41885170611592404), (20768, 0.4104898200333975), (18973, 0.4021859704730485), (19651, 0.3888159686632528), (12180, 0.38504584041153406)]
tensorflow/tensorflow 14842 : [(17131, 0.9770311011299904), (17891, 0.6285982270717534), (15225, 0.5485967295643853), (18760, 0.5462835795666391), (20512, 0.5357165622996959), (1320, 0.45493479970260225), (8195, 0.2783542252365531), (16852, 0.21894326116265436), (14638, 0.21476713152768226), (19255, 0.21236578555064436)]
tensorflow/tensorflow 14727 : [(19663, 0.9793354586262889), (17083, 0.9758694291728769), (19878, 0.9657961064341972), (19980, 0.9637554922401814), (17438, 0.9633678419460122), (19942, 0.9633053761142013), (20250, 0.9633030877740598), (20223, 0.9631886752884733), (14853, 0.9622567705551314), (20037, 0.9618916038040417)]
tensorflow/tensorflow 14598 : [(20454, 0.7853033128827817), (20850, 0.4221569521504541), (17131, 0.1387125996751787), (17891, 0.13770443940890206), (14471, 0.13095577304455355), (14773, 0.10737599335313242), (5384, 0.10290795786285761), (1068, 0.09975810456992068), (14853, 0.08512194674435797), (17963, 0.0825568503359608)]
tensorflow/tensorflow 14592 : [(19394, 0.7767924204928907), (15008, 0.27664464988609416), (14421, 0.26895890049037025), (15191, 0.20047088979256822), (11532, 0.157477414557429), (17724, 0.14318368829821032), (14862, 0.1399162074572577), (11531, 0.1199575867466548), (5590, 0.1128627936120005), (15436, 0.10222917360925632)]
tensorflow/tensorflow 14578 : [(15861, 0.9954498046766252), (21039, 0.9606360155813585), (13689, 0.9514243793935787), (11573, 0.9388392950078471), (16736, 0.9064724978310905), (3604, 0.8274042642453265), (9286, 0.7554752987747315), (9933, 0.699599987301812), (9899, 0.6812707480885447), (17821, 0.6257071695293492)]
tensorflow/tensorflow 13557 : [(20152, 0.8406806512310662), (21025, 0.718294709659725), (20928, 0.7033073338316544), (17331, 0.6407250085975212), (17222, 0.5158593197097702), (13811, 0.5), (19212, 0.49383883969451625), (13935, 0.48994696458942655), (18896, 0.4723320357482936), (19053, 0.4563891863899884)]
tensorflow/tensorflow 13259 : [(17821, 0.5060670029450972), (2093, 0.40200076320632944), (113, 0.39332649751337045), (5395, 0.38851389663292674), (13525, 0.37886194271813334), (19531, 0.37082493928252397), (19719, 0.36817559047063037), (10556, 0.36792902325302573), (10550, 0.36792902325302573), (18973, 0.3677793368367756)]
tensorflow/tensorflow 12175 : [(9514, 0.8607796012140206), (15023, 0.35413461901043447), (14582, 0.35413461901043447), (13881, 0.35413461901043447), (21031, 0.35413461901043447), (17222, 0.21963499067685446), (4014, 0.08800364743707209), (12665, 0.08241487659864825), (6172, 0.07599988567864392), (16607, 0.062342174619057285)]
tensorflow/tensorflow 9924 : [(6564, 0.6808236385290017), (5300, 0.5613467144835846), (11285, 0.41133363084658325), (9792, 0.37057201722761274), (19278, 0.35982412577303063), (8999, 0.3216546566770892), (14955, 0.2915989698489654), (11898, 0.2391128947168143), (14527, 0.2070421649128539), (16307, 0.19051939099871854)]
